       10000         514          14           2          13           0             4.35375             3.88861           1           1           1             1.00000             1.00000
       10000         514          14           3          11           2             4.83105          1536.32134           1           0           2             1.00000             1.00000
       10000         514          14           4          12           1             3.62856            19.15216           1           2           3             1.00000             1.00000
       10000         514          14           5          12           1             3.72403            75.91712           2           2           1             1.00000             1.00000
       10000         514          14           6          12           1             3.62046          4702.52271           1           0           3             1.00000             1.00000
       10000         514          14           7          13           0             6.67473           102.98785           1           3           1             1.00000             1.00000
       10000         514          14           8          13           0             6.90403           457.83308           1           1           0             1.00000             1.00000
       10000         514          14           9          12           1             3.46173          4274.98295           1           0           2             1.00000             1.00000
       10000         514          14          10          10           3             4.58384           177.06698           2           4           1             1.00000             1.00000
       10000         514          14          11          12           1             3.15745          2478.37796           1           0           2             1.00000             1.00000
       10000         514          14          12          13           0             6.21204           106.01379           1           1           1             1.00000             1.00000
       10000         514          14          13          13           0             3.28880            26.25393           3           2           2             1.00000             1.00000
       10000         514          14          14          11           2             7.45386          1021.65720           1           4           1             1.00000             1.00000
