       10000         514          16           2          15           0             2.66565           669.30678           2           6           2             1.00000             1.00000
       10000         514          16           3          15           0             2.68595            16.98012           1           2           3             1.00000             1.00000
       10000         514          16           4          15           0             6.76195            76.87183           3           8           2             1.00000             1.00000
       10000         514          16           5          15           0             3.02146           239.83670           2           4           2             1.00000             1.00000
       10000         514          16           6          15           0             3.96447          2834.66210           1           0           2             1.00000             1.00000
       10000         514          16           7          15           0             3.33055           974.09397           1           0           4             1.00000             1.00000
       10000         514          16           8          15           0             6.16031            10.49292           3           6           4             1.00000             1.00000
       10000         514          16           9          15           0             3.76142          3151.72358           1           0           2             1.00000             1.00000
       10000         514          16          10          15           0             3.38085          4633.42589           1           0           4             1.00000             1.00000
       10000         514          16          11          13           2             2.95984           852.51434           2           8           1             1.00000             1.00000
       10000         514          16          12          15           0             6.90498            61.22455           3           4           2             1.00000             1.00000
       10000         514          16          13          14           1             3.30697           261.95617           2           6           2             1.00000             1.00000
       10000         514          16          14          15           0             3.93170           187.00344           1           0           3             1.00000             1.00000
       10000         514          16          15          15           0             3.35416           276.31048           1           0           3             1.00000             1.00000
       10000         514          16          16          15           0             3.34368           483.72612           1           0           3             1.00000             1.00000
