       10000         509          13           2           9           3             4.57279           222.35764           2           4           2             1.00000             1.00000
       10000         509          13           3          11           1             4.87827           182.78065           2           5           1             1.00000             1.00000
       10000         509          13           4          12           0             3.16846          2303.18970           1           0           3             1.00000             1.00000
       10000         509          13           5          12           0             3.41019          1112.00122           1           1           2             1.00000             1.00000
       10000         509          13           6          12           0             3.57053          3360.86321           1           0           3             1.00000             1.00000
       10000         509          13           7          12           0             5.16683           428.07189           2           7           1             1.00000             1.00000
       10000         509          13           8          11           1             3.53421          4170.17448           1           0           1             1.00000             1.00000
       10000         509          13           9          11           1             3.16765           374.84825           1           0           5             1.00000             1.00000
       10000         509          13          10          12           0             3.49765          2742.90136           1           0           2             1.00000             1.00000
       10000         509          13          11          12           0             3.71898           232.31914           1           1           1             1.00000             1.00000
       10000         509          13          12          12           0             6.02185           552.92048           2           6           1             1.00000             1.00000
       10000         509          13          13          12           0             5.74134             1.97785           2           1           3             1.00000             1.00000
