       10000         496          19           2          18           0             3.27587            32.60131           2           1           1             1.00000             1.00000
       10000         496          19           3          16           2             2.19262          1047.71087           1           0           5             1.00000             1.00000
       10000         496          19           4          18           0             3.97231            53.86680           3          10           2             1.00000             1.00000
       10000         496          19           5          18           0             3.52359             5.71566           2           2           1             1.00000             1.00000
       10000         496          19           6          16           2             1.89706          4971.08505           1           0           3             1.00000             1.00000
       10000         496          19           7          16           2             4.17842            18.67350           3           4           2             1.00000             1.00000
       10000         496          19           8          18           0             3.33011            14.49538           2           1           2             1.00000             1.00000
       10000         496          19           9          18           0             2.60446          4146.39641           1           0           1             1.00000             1.00000
       10000         496          19          10          18           0             2.90253           107.70332           1           0           1             1.00000             1.00000
       10000         496          19          11          18           0             3.96484           129.60026           2           6           1             1.00000             1.00000
       10000         496          19          12          18           0             2.24964          1486.55724           1           0           3             1.00000             1.00000
       10000         496          19          13          17           1             2.82470           189.38345           2           2           1             1.00000             1.00000
       10000         496          19          14          17           1             3.05278          1341.45754           2           8           2             1.00000             1.00000
       10000         496          19          15          18           0             2.81411           776.90710           1           0           2             1.00000             1.00000
       10000         496          19          16          18           0             3.35687           174.23256           2           4           2             1.00000             1.00000
       10000         496          19          17          18           0             2.88141           543.64593           1           0           1             1.00000             1.00000
       10000         496          19          18          17           1             2.84001          5605.43625           1           0           2             1.00000             1.00000
       10000         496          19          19          18           0             3.59206            14.20285           2           1           2             1.00000             1.00000
