       10000         502          14           2          10           3             2.75912            12.56133           3           8           2             1.00000             1.00000
       10000         502          14           3          13           0             4.55866          3538.33344           1           0           1             1.00000             1.00000
       10000         502          14           4          13           0             5.65084             5.56334           4           3           6             1.00000             1.00000
       10000         502          14           5          13           0             3.81236            47.39619           2           2           1             1.00000             1.00000
       10000         502          14           6          13           0             4.95638             4.19451           1           1           2             1.00000             1.00000
       10000         502          14           7          13           0             3.59475             3.98968           3           4           2             1.00000             1.00000
       10000         502          14           8          13           0             6.17045            54.44153           3           6           2             1.00000             1.00000
       10000         502          14           9          13           0             3.76204          4883.91183           1           0           1             1.00000             1.00000
       10000         502          14          10          11           2             3.52787            90.28301           3           2           4             1.00000             1.00000
       10000         502          14          11          13           0             4.28805          2899.93474           1           0           1             1.00000             1.00000
       10000         502          14          12          13           0             3.61864             6.78524           2           1           1             1.00000             1.00000
       10000         502          14          13          12           1             3.23886           234.53237           1           0           2             1.00000             1.00000
       10000         502          14          14          11           2             3.75111          1384.24752           2           5           4             1.00000             1.00000
