       10000         523          22           2          21           0             3.69871            99.24638           3           6           2             1.00000             1.00000
       10000         523          22           3          21           0             2.71789           239.03805           1           0           2             1.00000             1.00000
       10000         523          22           4           7          14             4.82977           706.22059           2           6           1             1.00000             1.00000
       10000         523          22           5          21           0             3.01968          1369.36646           1           0           1             1.00000             1.00000
       10000         523          22           6          20           1             6.01502           481.93296           2          10           1             1.00000             1.00000
       10000         523          22           7          21           0             2.45371            19.60937           1           1           2             1.00000             1.00000
       10000         523          22           8          21           0             5.77068            22.41201           2           6           1             1.00000             1.00000
       10000         523          22           9          21           0             2.93697          1071.83337           1           0           1             1.00000             1.00000
       10000         523          22          10          21           0             2.35361          3365.30010           1           0           1             1.00000             1.00000
       10000         523          22          11          21           0             2.59915          4856.05973           1           0           1             1.00000             1.00000
       10000         523          22          12          21           0             2.70636             2.91523           4           3           3             1.00000             1.00000
       10000         523          22          13          21           0             2.06408          1001.82569           1           0           2             1.00000             1.00000
       10000         523          22          14          21           0             2.43305           152.56955           1           0           2             1.00000             1.00000
       10000         523          22          15          19           2             4.16772           114.12248           3           4           6             1.00000             1.00000
       10000         523          22          16          21           0             3.39427            78.39169           1           0           1             1.00000             1.00000
       10000         523          22          17          21           0             2.79686           697.81360           1           0           2             1.00000             1.00000
       10000         523          22          18          21           0             2.39378            18.69985           1           1           2             1.00000             1.00000
       10000         523          22          19          21           0             2.65284           326.09272           1           0           2             1.00000             1.00000
       10000         523          22          20          21           0             3.34725           928.23298           1           0           1             1.00000             1.00000
       10000         523          22          21          21           0             2.88916          2460.93520           1           0           1             1.00000             1.00000
       10000         523          22          22          21           0             2.99655          1924.58495           1           0           1             1.00000             1.00000
