       10000         546          14           2          13           0             4.87071          2815.30786           1           0           3             1.00000             1.00000
       10000         546          14           3          13           0             5.80474          2080.51651           1           0           3             1.00000             1.00000
       10000         546          14           4          13           0             5.21363          2322.40658           1           0           2             1.00000             1.00000
       10000         546          14           5          13           0             3.19259          1148.74630           1           9           1             1.00000             1.00000
       10000         546          14           6          12           1             3.27192           145.57653           2           3           1             1.00000             1.00000
       10000         546          14           7          13           0             4.79105           103.43007           1           0           3             1.00000             1.00000
       10000         546          14           8          13           0             3.53929            90.72400           2           4           3             1.00000             1.00000
       10000         546          14           9          13           0             2.60499            63.02890           3           2           2             1.00000             1.00000
       10000         546          14          10          13           0             2.74191            15.59512           3           2           2             1.00000             1.00000
       10000         546          14          11          13           0             4.96613             6.46906           3           4           2             1.00000             1.00000
       10000         546          14          12          12           1             3.80973           673.34243           2           5           2             1.00000             1.00000
       10000         546          14          13          13           0             4.42527          1508.57508           1           0           1             1.00000             1.00000
       10000         546          14          14          13           0             5.67425           537.88555           1           0           3             1.00000             1.00000
