       10000         467          20           2          19           0             2.09049            60.17037           3           4           4             1.00000             1.00000
       10000         467          20           3          19           0             3.00275           153.62671           1           0           3             1.00000             1.00000
       10000         467          20           4          19           0             3.52812            90.92689           3           8           2             1.00000             1.00000
       10000         467          20           5          19           0             2.51041           145.76688           2           4           2             1.00000             1.00000
       10000         467          20           6          19           0             2.55387          3653.80685           1           0           3             1.00000             1.00000
       10000         467          20           7          19           0             3.35909          1357.10341           1           0           2             1.00000             1.00000
       10000         467          20           8          19           0             3.67198           216.57995           2           3           1             1.00000             1.00000
       10000         467          20           9          18           1             3.41190          1142.81894           2          11           2             1.00000             1.00000
       10000         467          20          10          19           0             2.60162           410.08571           1           0           3             1.00000             1.00000
       10000         467          20          11          19           0             2.53416           366.90165           2           3           1             1.00000             1.00000
       10000         467          20          12          19           0             3.27953          1172.24025           1           0           1             1.00000             1.00000
       10000         467          20          13          19           0             2.05829          3479.27395           1           0           2             1.00000             1.00000
       10000         467          20          14          19           0             3.22118            16.29597           4           6           3             1.00000             1.00000
       10000         467          20          15          19           0             3.00062          2047.77124           1           0           1             1.00000             1.00000
       10000         467          20          16          19           0             2.67027           845.55785           1           0           1             1.00000             1.00000
       10000         467          20          17          19           0             3.55724          2545.92815           1           0           1             1.00000             1.00000
       10000         467          20          18          19           0             3.92790            86.11888           3           4           2             1.00000             1.00000
       10000         467          20          19          19           0             2.41504          2136.32219           1           0           2             1.00000             1.00000
       10000         467          20          20          19           0             3.05486           250.07738           1           0           1             1.00000             1.00000
