       10000         496          15           2          14           0             2.37324            53.61257           2           4           1             1.00000             1.00000
       10000         496          15           3          14           0             8.03203           646.88567           2           7           1             1.00000             1.00000
       10000         496          15           4           3          11             3.95803           223.35224           2           4           2             1.00000             1.00000
       10000         496          15           5          14           0             6.41794           427.35259           1           0           1             1.00000             1.00000
       10000         496          15           6          13           1             4.05807           276.87807           1           0           2             1.00000             1.00000
       10000         496          15           7          11           3             3.27629           214.34788           3          10           4             1.00000             1.00000
       10000         496          15           8          14           0             4.05097            64.72145           1           1           3             1.00000             1.00000
       10000         496          15           9          13           1             5.43898          1021.60477           1           0           1             1.00000             1.00000
       10000         496          15          10          14           0             2.52844            33.60359           2           2           2             1.00000             1.00000
       10000         496          15          11          13           1             5.09391          2227.85963           1           0           3             1.00000             1.00000
       10000         496          15          12          13           1             4.89589          5211.01223           1           0           1             1.00000             1.00000
       10000         496          15          13          13           1             4.08097            12.65844           3           2           4             1.00000             1.00000
       10000         496          15          14          13           1             4.11868           896.24351           1           0           2             1.00000             1.00000
       10000         496          15          15          14           0             5.44149            10.65720           1           1           2             1.00000             1.00000
