       10000         514          29           2          27           1             2.27373             4.82673           3           6           2             1.00000             1.00000
       10000         514          29           3          28           0             2.38426             2.56725           3           2           6             1.00000             1.00000
       10000         514          29           4          27           1             4.48691           109.48882           2           3           1             1.00000             1.00000
       10000         514          29           5          25           3             2.46948           681.65015           2           5           4             1.00000             1.00000
       10000         514          29           6          27           1             2.84461          1417.69859           1           0           2             1.00000             1.00000
       10000         514          29           7          28           0             3.19481          1288.61901           1           0           2             1.00000             1.00000
       10000         514          29           8          28           0             2.84523            22.15331           2           5           2             1.00000             1.00000
       10000         514          29           9          25           3             4.63370           231.50829           2           4           2             1.00000             1.00000
       10000         514          29          10          28           0             2.33366             3.78237           3           4           4             1.00000             1.00000
       10000         514          29          11          25           3             4.29435           213.80315           2           5           2             1.00000             1.00000
       10000         514          29          12          28           0             2.30301             8.08655           1           1           3             1.00000             1.00000
       10000         514          29          13          28           0             2.71099            41.84109           3           6           4             1.00000             1.00000
       10000         514          29          14          26           2             3.73894            29.87515           3           4           2             1.00000             1.00000
       10000         514          29          15          27           1             3.04789            91.86143           3          22           2             1.00000             1.00000
       10000         514          29          16          26           2             2.47852          3331.23977           1           0           5             1.00000             1.00000
       10000         514          29          17          27           1             2.91845          4107.33603           1           0           2             1.00000             1.00000
       10000         514          29          18          28           0             2.95852            50.32161           3           8           6             1.00000             1.00000
       10000         514          29          19          27           1             4.85133           106.34252           2           1           3             1.00000             1.00000
       10000         514          29          20          27           1             3.13999           252.28398           1           0           3             1.00000             1.00000
       10000         514          29          21          26           2             3.47190            31.41636           2           5           1             1.00000             1.00000
       10000         514          29          22          28           0             3.29174          1737.68302           1           0           4             1.00000             1.00000
       10000         514          29          23          28           0             2.30775           176.26775           2           2           1             1.00000             1.00000
       10000         514          29          24          28           0             3.68276             4.72693           4           6           6             1.00000             1.00000
       10000         514          29          25          28           0             2.90996          1976.98861           1           0           4             1.00000             1.00000
       10000         514          29          26          28           0             2.37480          2037.90233           1           0           2             1.00000             1.00000
       10000         514          29          27          28           0             3.12491           220.20416           2           3           3             1.00000             1.00000
       10000         514          29          28          28           0             3.00677            74.14436           2           2           2             1.00000             1.00000
       10000         514          29          29          28           0             2.97084            10.42951           2           1           2             1.00000             1.00000
