       10000         509          27           2          26           0             2.51237          1585.44613           1           0           3             1.00000             1.00000
       10000         509          27           3          24           2             3.02615           144.11696           3          16           4             1.00000             1.00000
       10000         509          27           4          26           0             3.51667            12.07189           3          10           2             1.00000             1.00000
       10000         509          27           5          26           0             3.08798           716.71412           1           0           5             1.00000             1.00000
       10000         509          27           6          24           2             1.61771           623.49045           2           5           2             1.00000             1.00000
       10000         509          27           7          24           2             2.25734          1243.53196           2           8           1             1.00000             1.00000
       10000         509          27           8          24           2             3.97778           233.74682           1           0           3             1.00000             1.00000
       10000         509          27           9          26           0             2.05321           157.22697           2           3           2             1.00000             1.00000
       10000         509          27          10          26           0             3.60451             1.43879           3           4           2             1.00000             1.00000
       10000         509          27          11          26           0             2.86136          3921.62773           1           0           4             1.00000             1.00000
       10000         509          27          12          25           1             3.52823            79.51910           2           4           2             1.00000             1.00000
       10000         509          27          13          26           0             1.96014            26.52856           2           4           2             1.00000             1.00000
       10000         509          27          14          26           0             2.78817           213.37205           1           0           3             1.00000             1.00000
       10000         509          27          15          26           0             2.90176          2611.05864           1           0           2             1.00000             1.00000
       10000         509          27          16          26           0             2.00326           182.11918           2           5           2             1.00000             1.00000
       10000         509          27          17          24           2             3.17371             6.50992           2           3           2             1.00000             1.00000
       10000         509          27          18          26           0             4.08700             1.44504           3           4           4             1.00000             1.00000
       10000         509          27          19          26           0             2.12901           400.43263           2           5           2             1.00000             1.00000
       10000         509          27          20          26           0             2.73450          4180.28075           1           0           4             1.00000             1.00000
       10000         509          27          21          26           0             3.28832           144.79576           1           0           2             1.00000             1.00000
       10000         509          27          22          26           0             3.06771            28.96154           2           2           2             1.00000             1.00000
       10000         509          27          23          25           1             2.87069            39.20107           3           4           4             1.00000             1.00000
       10000         509          27          24          26           0             2.14545             3.17766           3           2           4             1.00000             1.00000
       10000         509          27          25          26           0             3.00541           600.64238           1           0           5             1.00000             1.00000
       10000         509          27          26          24           2             2.77271          3338.27666           1           0           1             1.00000             1.00000
       10000         509          27          27          26           0             2.19863             5.04429           4           6           6             1.00000             1.00000
