       10000         504          20           2          19           0             4.16195             2.23307           3           2           4             1.00000             1.00000
       10000         504          20           3          18           1             2.92574           163.38458           2           5           1             1.00000             1.00000
       10000         504          20           4          17           2             1.99881           158.29794           3           4           4             1.00000             1.00000
       10000         504          20           5          19           0             5.67164          2094.06919           1           1           1             1.00000             1.00000
       10000         504          20           6          19           0             4.30504            12.68226           3           2           2             1.00000             1.00000
       10000         504          20           7          18           1             5.38805             4.08611           1           3           2             1.00000             1.00000
       10000         504          20           8          19           0             3.75373            61.09104           2           1           2             1.00000             1.00000
       10000         504          20           9          16           3             3.59946          1570.65529           1           0           3             1.00000             1.00000
       10000         504          20          10          19           0             3.44520          2377.12375           1           0           2             1.00000             1.00000
       10000         504          20          11          19           0             3.90077          2124.19769           1           0           2             1.00000             1.00000
       10000         504          20          12          18           1             4.69962          1181.90636           2           9           2             1.00000             1.00000
       10000         504          20          13          19           0             4.17153             2.75898           1           1           3             1.00000             1.00000
       10000         504          20          14          19           0             5.09963             2.92918           2           4           2             1.00000             1.00000
       10000         504          20          15          19           0             3.44028           620.30047           1           0           1             1.00000             1.00000
       10000         504          20          16          16           3             3.12694            10.69614           4           3           6             1.00000             1.00000
       10000         504          20          17          19           0             3.10638          4195.98611           1           0           2             1.00000             1.00000
       10000         504          20          18          19           0             2.29025            11.63977           3           8           2             1.00000             1.00000
       10000         504          20          19          19           0             3.26141            49.67577           1           0           3             1.00000             1.00000
       10000         504          20          20          18           1             4.27599            19.46012           2           3           2             1.00000             1.00000
