       10000         546          28           2          25           2             3.04035            44.61954           3           6           4             1.00000             1.00000
       10000         546          28           3          27           0             2.76530             1.39411           4           6           6             1.00000             1.00000
       10000         546          28           4          26           1             3.45855            21.31028           3          12           4             1.00000             1.00000
       10000         546          28           5          27           0             3.61260           215.31232           2           3           2             1.00000             1.00000
       10000         546          28           6          27           0             3.68691           189.19642           2           2           2             1.00000             1.00000
       10000         546          28           7          27           0             2.64449            30.78673           3          10           2             1.00000             1.00000
       10000         546          28           8          26           1             2.73134            24.19817           4          12           6             1.00000             1.00000
       10000         546          28           9          27           0             3.43639           464.48581           2           5           3             1.00000             1.00000
       10000         546          28          10          25           2             2.75221          3196.11114           1           0           4             1.00000             1.00000
       10000         546          28          11          26           1             3.09593          1703.82582           1           0           4             1.00000             1.00000
       10000         546          28          12          27           0             2.91245             2.11421           1           2           2             1.00000             1.00000
       10000         546          28          13          26           1             3.48664           444.27363           2           3           3             1.00000             1.00000
       10000         546          28          14          27           0             3.24115          1220.53612           1           0           2             1.00000             1.00000
       10000         546          28          15          27           0             4.16442            36.91561           2           3           2             1.00000             1.00000
       10000         546          28          16          27           0             3.76850            31.64022           2           1           2             1.00000             1.00000
       10000         546          28          17          27           0             4.08352            23.44301           2           3           4             1.00000             1.00000
       10000         546          28          18          27           0             3.28539             4.84381           3           6           4             1.00000             1.00000
       10000         546          28          19          27           0             3.25359           661.75595           1           0           4             1.00000             1.00000
       10000         546          28          20          26           1             2.55541          2450.37314           1           0           4             1.00000             1.00000
       10000         546          28          21          27           0             3.93380            84.88467           2           6           1             1.00000             1.00000
       10000         546          28          22          25           2             2.76320           130.33595           3          14           2             1.00000             1.00000
       10000         546          28          23          25           2             3.58823          3500.67960           1           0           2             1.00000             1.00000
       10000         546          28          24          26           1             4.20963           234.52819           2           4           4             1.00000             1.00000
       10000         546          28          25          27           0             4.84105             2.10900           3           2           4             1.00000             1.00000
       10000         546          28          26          24           3             2.13255          4203.61936           1           0           4             1.00000             1.00000
       10000         546          28          27          27           0             2.45392             2.23513           5           4          12             1.00000             1.00000
       10000         546          28          28          26           1             4.73635            22.68733           2           5           3             1.00000             1.00000
