       10000         504          19           2          16           2             2.18179            49.66897           3           4           4             1.00000             1.00000
       10000         504          19           3          18           0             1.76371             3.19859           4           3           6             1.00000             1.00000
       10000         504          19           4          16           2             3.27511          1420.06172           1           0           3             1.00000             1.00000
       10000         504          19           5          18           0             3.09045           107.32427           2           4           2             1.00000             1.00000
       10000         504          19           6          17           1             2.24636            42.92854           1           1           2             1.00000             1.00000
       10000         504          19           7          17           1             3.23779          1022.67187           1           0           1             1.00000             1.00000
       10000         504          19           8          17           1             2.68764           146.02797           3           6           2             1.00000             1.00000
       10000         504          19           9          17           1             2.41073           551.26551           2           7           2             1.00000             1.00000
       10000         504          19          10          17           1             3.75622          4838.50078           1           0           1             1.00000             1.00000
       10000         504          19          11          18           0             1.83829             8.20871           3           4           2             1.00000             1.00000
       10000         504          19          12          18           0             2.29703             1.55336           2           1           3             1.00000             1.00000
       10000         504          19          13          18           0             3.16928           855.59235           1           0           1             1.00000             1.00000
       10000         504          19          14          16           2             3.83715           855.52533           1           0           3             1.00000             1.00000
       10000         504          19          15          18           0             3.08470            18.00837           4           9           3             1.00000             1.00000
       10000         504          19          16          15           3             2.95424            42.71651           3           8           4             1.00000             1.00000
       10000         504          19          17          17           1             3.85914          3426.61134           1           0           1             1.00000             1.00000
       10000         504          19          18          18           0             2.74741          1533.90248           1           0           2             1.00000             1.00000
       10000         504          19          19          17           1             3.36443          1172.64836           2           4           2             1.00000             1.00000
