       10000         465          16           2          13           2             3.97967           210.53444           2           4           2             1.00000             1.00000
       10000         465          16           3          15           0             3.47811           323.11165           2           6           2             1.00000             1.00000
       10000         465          16           4          15           0             2.43640            14.58807           1           0           2             1.00000             1.00000
       10000         465          16           5          14           1             3.93667            26.29904           3           6           4             1.00000             1.00000
       10000         465          16           6          15           0             1.97098          2006.34715           1           0           2             1.00000             1.00000
       10000         465          16           7          14           1             2.81484          1187.05686           2           7           3             1.00000             1.00000
       10000         465          16           8          15           0             4.74599            88.94686           3           4           2             1.00000             1.00000
       10000         465          16           9          15           0             3.09709           900.54845           1           0           1             1.00000             1.00000
       10000         465          16          10          15           0             4.09044            39.35153           3           4           4             1.00000             1.00000
       10000         465          16          11          15           0             3.62418             1.83541           4           3           3             1.00000             1.00000
       10000         465          16          12          15           0             2.25612          5017.36975           1           0           2             1.00000             1.00000
       10000         465          16          13          15           0             2.76737            19.58985           1           1           2             1.00000             1.00000
       10000         465          16          14          15           0             3.59949          1186.31158           1           0           1             1.00000             1.00000
       10000         465          16          15          13           2             2.81376          6166.81695           1           0           1             1.00000             1.00000
       10000         465          16          16          15           0             2.77633          3175.77812           1           0           2             1.00000             1.00000
