       10000         467          14           2          13           0             3.48319           100.30844           2           2           1             1.00000             1.00000
       10000         467          14           3          13           0             3.04091          2112.82934           1           0           2             1.00000             1.00000
       10000         467          14           4          13           0             3.79886            60.04608           2           3           2             1.00000             1.00000
       10000         467          14           5          13           0             4.10464           189.17395           2           3           1             1.00000             1.00000
       10000         467          14           6          11           2             2.77333          2395.70448           1           0           2             1.00000             1.00000
       10000         467          14           7          13           0             3.38602          1905.10616           1           0           2             1.00000             1.00000
       10000         467          14           8          13           0             3.49995          3157.02313           1           0           2             1.00000             1.00000
       10000         467          14           9          12           1             3.50234           176.18715           1           1           4             1.00000             1.00000
       10000         467          14          10          13           0             4.11945            20.57208           1           1           1             1.00000             1.00000
       10000         467          14          11          13           0             4.53142           367.42070           1           2           1             1.00000             1.00000
       10000         467          14          12          13           0             3.12714           709.30876           2           7           0             1.00000             1.00000
       10000         467          14          13          13           0             2.85552          5860.08503           1           0           2             1.00000             1.00000
       10000         467          14          14          13           0             4.59973           888.42800           1           2           1             1.00000             1.00000
