       10000         509          16           2          15           0             2.38053             3.84354           1           1           1             1.00000             1.00000
       10000         509          16           3          15           0             3.35227           672.84907           1           0           2             1.00000             1.00000
       10000         509          16           4          15           0             2.50409          1080.05157           1           0           3             1.00000             1.00000
       10000         509          16           5          15           0             3.40279           842.62263           1           0           2             1.00000             1.00000
       10000         509          16           6          13           2             3.03562          2951.30128           1           0           2             1.00000             1.00000
       10000         509          16           7          11           4             3.71483           148.48475           3           8           4             1.00000             1.00000
       10000         509          16           8          15           0             3.43668           337.04636           2           3           1             1.00000             1.00000
       10000         509          16           9          15           0             3.52823           248.34146           2           2           1             1.00000             1.00000
       10000         509          16          10          15           0             4.47259           333.81938           2           1           2             1.00000             1.00000
       10000         509          16          11          15           0             3.75198            27.87904           1           1           1             1.00000             1.00000
       10000         509          16          12          12           3             3.99541          3837.95272           1           0           2             1.00000             1.00000
       10000         509          16          13          15           0             3.61133           632.39525           2           6           1             1.00000             1.00000
       10000         509          16          14          15           0             2.95284            33.82330           2           2           1             1.00000             1.00000
       10000         509          16          15          14           1             3.17539           143.89830           2           4           1             1.00000             1.00000
       10000         509          16          16          12           3             3.10554          4558.13352           1           0           2             1.00000             1.00000
