       10000         502          12           2          11           0             5.09775           570.06546           1           0           2             1.00000             1.00000
       10000         502          12           3          11           0             5.23225          2340.22742           1           0           2             1.00000             1.00000
       10000         502          12           4          11           0             5.43826          1902.63857           1           0           2             1.00000             1.00000
       10000         502          12           5          11           0             2.82510           735.89783           2           6           2             1.00000             1.00000
       10000         502          12           6          11           0             5.24330           361.50457           1           0           2             1.00000             1.00000
       10000         502          12           7          11           0             3.23485          1182.40604           2           7           1             1.00000             1.00000
       10000         502          12           8          11           0             2.39922            15.90327           3           2           2             1.00000             1.00000
       10000         502          12           9          10           1             4.65118          3748.22378           1           0           2             1.00000             1.00000
       10000         502          12          10          11           0             5.68671           576.76660           1           0           2             1.00000             1.00000
       10000         502          12          11          11           0             2.19174           266.96331           3           4           2             1.00000             1.00000
       10000         502          12          12          11           0             2.37458            29.56732           4           6           3             1.00000             1.00000
