       10000         508          24           2          22           1             4.55205            36.76480           2           4           1             1.00000             1.00000
       10000         508          24           3          23           0             4.76805            13.18165           3          12           2             1.00000             1.00000
       10000         508          24           4          20           3             3.57580          1655.33097           1           0           2             1.00000             1.00000
       10000         508          24           5          23           0             4.79326             4.74355           3           6           4             1.00000             1.00000
       10000         508          24           6          21           2             3.18202           226.59232           2           3           3             1.00000             1.00000
       10000         508          24           7          23           0             3.21815           547.59162           1           0           2             1.00000             1.00000
       10000         508          24           8          23           0             3.46438            55.45902           2           1           2             1.00000             1.00000
       10000         508          24           9          23           0             3.17650           100.61544           3           2           4             1.00000             1.00000
       10000         508          24          10          22           1             4.95273           643.75022           2           4           1             1.00000             1.00000
       10000         508          24          11          23           0             3.31139             2.94837           3           2           8             1.00000             1.00000
       10000         508          24          12          21           2             5.07492           153.49360           2           3           1             1.00000             1.00000
       10000         508          24          13          23           0             5.41001           175.59268           2           2           1             1.00000             1.00000
       10000         508          24          14          22           1             5.35916            20.89434           3           8           4             1.00000             1.00000
       10000         508          24          15          22           1             3.47383          2225.17787           1           0           2             1.00000             1.00000
       10000         508          24          16          23           0             2.50134          4436.83069           1           0           4             1.00000             1.00000
       10000         508          24          17          21           2             4.21889           664.41806           1           0           3             1.00000             1.00000
       10000         508          24          18          23           0             2.71082            30.41410           2           1           1             1.00000             1.00000
       10000         508          24          19          22           1             5.56286            74.80139           2           4           2             1.00000             1.00000
       10000         508          24          20          23           0             2.34300          4707.26779           1           0           3             1.00000             1.00000
       10000         508          24          21          23           0             2.51689          2150.23904           1           0           2             1.00000             1.00000
       10000         508          24          22          23           0             2.93670            12.34910           3           2           2             1.00000             1.00000
       10000         508          24          23          23           0             3.50597            53.99616           3          10           4             1.00000             1.00000
       10000         508          24          24          23           0             3.25402             2.49209           4           9           6             1.00000             1.00000
