       10000         504          11           2          10           0             4.50652            31.45210           1           1           2             1.00000             1.00000
       10000         504          11           3          10           0             4.74828             7.40900           1           1           3             1.00000             1.00000
       10000         504          11           4          10           0             6.04210           167.62664           2           4           1             1.00000             1.00000
       10000         504          11           5          10           0             7.14401           228.96098           2           4           2             1.00000             1.00000
       10000         504          11           6           8           2             2.51444            41.87070           3           4           6             1.00000             1.00000
       10000         504          11           7          10           0             5.19356            13.73081           3           2           2             1.00000             1.00000
       10000         504          11           8          10           0             6.85538          1293.93664           1           0           1             1.00000             1.00000
       10000         504          11           9          10           0             4.45987          1500.01669           1           1           2             1.00000             1.00000
       10000         504          11          10          10           0             8.27585           588.76852           2           5           1             1.00000             1.00000
       10000         504          11          11           9           1             3.93257          7559.45995           1           0           3             1.00000             1.00000
