       10000         523          24           2          23           0             4.40901            20.56314           3           8           2             1.00000             1.00000
       10000         523          24           3          22           1             2.21926            96.24394           1           0           4             1.00000             1.00000
       10000         523          24           4          22           1             5.10599            61.83885           2           3           1             1.00000             1.00000
       10000         523          24           5          22           1             4.26113            57.53832           3          10           2             1.00000             1.00000
       10000         523          24           6          23           0             3.00149           356.24539           2           5           3             1.00000             1.00000
       10000         523          24           7          23           0             2.70144          1238.81758           1           0           3             1.00000             1.00000
       10000         523          24           8          23           0             2.94947          1883.35948           1           0           4             1.00000             1.00000
       10000         523          24           9          23           0             3.82715          2491.13112           1           0           2             1.00000             1.00000
       10000         523          24          10          22           1             2.64729           466.26273           2           8           4             1.00000             1.00000
       10000         523          24          11          22           1             4.57283            15.57606           2           2           2             1.00000             1.00000
       10000         523          24          12          23           0             2.96428          1371.21856           1           0           2             1.00000             1.00000
       10000         523          24          13          23           0             5.41570           107.78640           2           4           2             1.00000             1.00000
       10000         523          24          14          22           1             4.37707            12.70786           2           1           3             1.00000             1.00000
       10000         523          24          15          22           1             2.50374          2707.48587           1           0           4             1.00000             1.00000
       10000         523          24          16          22           1             3.33960           532.74324           2           6           3             1.00000             1.00000
       10000         523          24          17          22           1             5.20206            67.95860           2           8           1             1.00000             1.00000
       10000         523          24          18          23           0             5.46459           203.29854           2           3           1             1.00000             1.00000
       10000         523          24          19          22           1             2.98040            44.82028           2           2           1             1.00000             1.00000
       10000         523          24          20          23           0             4.19099             2.72879           2           1           1             1.00000             1.00000
       10000         523          24          21          23           0             4.27043          1174.45982           1           0           2             1.00000             1.00000
       10000         523          24          22          22           1             2.95468          3087.81901           1           0           7             1.00000             1.00000
       10000         523          24          23          20           3             4.84894            18.95396           3           6           2             1.00000             1.00000
       10000         523          24          24          23           0             3.07180          1433.00771           1           0           2             1.00000             1.00000
