       10000         514          17           2          15           1             3.83868            55.24538           3           6           2             1.00000             1.00000
       10000         514          17           3          16           0             1.96171             1.30867           5           4           8             1.00000             1.00000
       10000         514          17           4          16           0             4.09482            72.30594           3           6           4             1.00000             1.00000
       10000         514          17           5          16           0             2.14203          1922.98443           1           0           2             1.00000             1.00000
       10000         514          17           6          16           0             2.42898          5712.57219           1           0           2             1.00000             1.00000
       10000         514          17           7          16           0             3.57455            67.04224           3          10           2             1.00000             1.00000
       10000         514          17           8          15           1             3.08134           705.64976           2           5           3             1.00000             1.00000
       10000         514          17           9          16           0             2.70967           927.71738           2           7           2             1.00000             1.00000
       10000         514          17          10          15           1             5.66178            48.10313           2           2           2             1.00000             1.00000
       10000         514          17          11          15           1             2.31160          4408.41207           1           0           2             1.00000             1.00000
       10000         514          17          12          14           2             2.64838          2745.69514           1           0           3             1.00000             1.00000
       10000         514          17          13          16           0             2.26263           969.79092           1           0           2             1.00000             1.00000
       10000         514          17          14          15           1             2.98516             7.98580           4           3           3             1.00000             1.00000
       10000         514          17          15          16           0             2.80543            94.62331           2           1           2             1.00000             1.00000
       10000         514          17          16          15           1             3.37904            11.35070           4           6           3             1.00000             1.00000
       10000         514          17          17          16           0             2.39479          3211.73069           1           0           2             1.00000             1.00000
