       10000         465          13           2          11           1             3.24560          1158.48817           1           0           3             1.00000             1.00000
       10000         465          13           3          11           1             3.16054          3914.07322           1           0           2             1.00000             1.00000
       10000         465          13           4          12           0             5.60934            24.76593           2           1           2             1.00000             1.00000
       10000         465          13           5          11           1             6.65830           580.79298           2           7           1             1.00000             1.00000
       10000         465          13           6          12           0             3.75499           931.13811           1           0           2             1.00000             1.00000
       10000         465          13           7          11           1             3.65788          3584.36842           1           0           2             1.00000             1.00000
       10000         465          13           8          12           0             3.16729            37.16108           3           4           2             1.00000             1.00000
       10000         465          13           9          11           1             2.42620          3616.79637           1           0           2             1.00000             1.00000
       10000         465          13          10          11           1             3.55091           229.18128           1           4           2             1.00000             1.00000
       10000         465          13          11          11           1             3.75753          1623.98207           1           1           2             1.00000             1.00000
       10000         465          13          12          12           0             3.62025           150.07968           1           1           2             1.00000             1.00000
       10000         465          13          13          11           1             7.37082           364.01009           2           7           2             1.00000             1.00000
