       10000         509          15           2          14           0             1.34213            48.69537           1           2           2             1.00000             1.00000
       10000         509          15           3          14           0             1.99961            12.73494           3           2           2             1.00000             1.00000
       10000         509          15           4          14           0             2.32721          2968.99815           1           0           2             1.00000             1.00000
       10000         509          15           5          13           1             2.98231            15.40013           2           2           1             1.00000             1.00000
       10000         509          15           6          12           2             2.62560          5254.20834           1           0           1             1.00000             1.00000
       10000         509          15           7          14           0             2.67379           911.43566           1           3           1             1.00000             1.00000
       10000         509          15           8          14           0             2.41831            26.67729           1           1           2             1.00000             1.00000
       10000         509          15           9          14           0             2.11400          9616.59030           1           0           1             1.00000             1.00000
       10000         509          15          10          11           3             3.33761           767.46648           1           4           1             1.00000             1.00000
       10000         509          15          11          14           0             2.09193             5.61969           1           1           2             1.00000             1.00000
       10000         509          15          12          14           0             2.69704          1802.67218           1           0           1             1.00000             1.00000
       10000         509          15          13          12           2             3.28096           160.69258           2           1           1             1.00000             1.00000
       10000         509          15          14          13           1             2.13240           216.40010           2           2           2             1.00000             1.00000
       10000         509          15          15          13           1             2.20141          3465.43234           1           2           1             1.00000             1.00000
