       10000         523          16           2          15           0             5.28851             2.06833           1           1           1             1.00000             1.00000
       10000         523          16           3          14           1             3.81673            21.96609           4           3           3             1.00000             1.00000
       10000         523          16           4          13           2             4.19353           167.53958           3           6           2             1.00000             1.00000
       10000         523          16           5          15           0             4.61523           953.70938           1           0           2             1.00000             1.00000
       10000         523          16           6          14           1             4.77156          1660.66466           1           0           3             1.00000             1.00000
       10000         523          16           7          15           0             4.58490          1823.27613           1           0           2             1.00000             1.00000
       10000         523          16           8          15           0             4.09756          2016.38948           1           0           3             1.00000             1.00000
       10000         523          16           9          15           0             2.72394           921.01935           2           9           1             1.00000             1.00000
       10000         523          16          10          15           0             4.51332          1321.25384           1           0           3             1.00000             1.00000
       10000         523          16          11          15           0             2.86033          1021.36261           2           9           1             1.00000             1.00000
       10000         523          16          12          15           0             4.72135           166.45803           1           0           2             1.00000             1.00000
       10000         523          16          13          15           0             4.26601           234.13216           1           0           2             1.00000             1.00000
       10000         523          16          14          15           0             4.01372          1483.20609           1           0           1             1.00000             1.00000
       10000         523          16          15          15           0             2.20242           207.73924           2           3           1             1.00000             1.00000
       10000         523          16          16          15           0             3.62332          1905.29517           1           0           2             1.00000             1.00000
