       10000         467          18           2          16           1             3.68974            30.90911           3          10           2             1.00000             1.00000
       10000         467          18           3          14           3             3.25291            67.41793           2           2           2             1.00000             1.00000
       10000         467          18           4          16           1             4.50156           112.98125           3           6           2             1.00000             1.00000
       10000         467          18           5          15           2             2.84068           279.82641           1           0           2             1.00000             1.00000
       10000         467          18           6          17           0             3.13726            47.49304           3           8           2             1.00000             1.00000
       10000         467          18           7          17           0             3.35739          4089.73582           1           0           3             1.00000             1.00000
       10000         467          18           8          16           1             3.78261           824.53031           1           0           2             1.00000             1.00000
       10000         467          18           9          17           0             3.62948          1508.42716           1           0           3             1.00000             1.00000
       10000         467          18          10          17           0             3.58958             7.16960           2           1           3             1.00000             1.00000
       10000         467          18          11          16           1             3.95708           328.18182           2           6           2             1.00000             1.00000
       10000         467          18          12          17           0             4.64213           571.67594           2           4           1             1.00000             1.00000
       10000         467          18          13          17           0             3.58734            11.65166           3           2           2             1.00000             1.00000
       10000         467          18          14          17           0             3.86838          1264.70442           1           0           2             1.00000             1.00000
       10000         467          18          15          16           1             3.33602           415.86713           2           5           3             1.00000             1.00000
       10000         467          18          16          17           0             3.12714             1.77731           3           4           2             1.00000             1.00000
       10000         467          18          17          17           0             3.29275            57.42995           1           0           2             1.00000             1.00000
       10000         467          18          18          17           0             2.92172          5700.10727           1           0           3             1.00000             1.00000
