       10000         508          15           2          14           0             3.12086            76.99742           1           1           1             1.00000             1.00000
       10000         508          15           3          13           1             3.29210           848.26507           2           5           2             1.00000             1.00000
       10000         508          15           4          14           0             4.85521          1907.19492           1           0           1             1.00000             1.00000
       10000         508          15           5          14           0             5.78736           254.70025           2           2           1             1.00000             1.00000
       10000         508          15           6          12           2             5.06689           928.93316           1           0           2             1.00000             1.00000
       10000         508          15           7          14           0             2.65097           121.20346           3           4           4             1.00000             1.00000
       10000         508          15           8          14           0             3.46741          1263.61495           1           0           2             1.00000             1.00000
       10000         508          15           9          14           0             3.50205            14.53511           3           4           2             1.00000             1.00000
       10000         508          15          10          14           0             2.69937             7.31479           2           1           2             1.00000             1.00000
       10000         508          15          11          13           1             3.60633          5900.88293           1           0           2             1.00000             1.00000
       10000         508          15          12          14           0             3.99624          2427.57051           1           0           2             1.00000             1.00000
       10000         508          15          13          14           0             3.36926            12.62138           4           6           6             1.00000             1.00000
       10000         508          15          14          13           1             4.54931            90.53435           2           1           1             1.00000             1.00000
       10000         508          15          15          14           0             3.18448           538.14465           2           6           1             1.00000             1.00000
