       10000         487          14           2          13           0             2.24735            10.11005           2           2           1             1.00000             1.00000
       10000         487          14           3           8           5             3.78493           103.23480           2           4           1             1.00000             1.00000
       10000         487          14           4          13           0             4.54762          2894.48543           1           0           2             1.00000             1.00000
       10000         487          14           5          10           3             3.22633           725.38927           2           7           1             1.00000             1.00000
       10000         487          14           6          11           2             3.33473          3296.04035           1           0           3             1.00000             1.00000
       10000         487          14           7          12           1             4.58547           380.73246           1           0           4             1.00000             1.00000
       10000         487          14           8          13           0             2.01113           103.54819           2           2           2             1.00000             1.00000
       10000         487          14           9          13           0             2.68366           203.19351           2           4           2             1.00000             1.00000
       10000         487          14          10          11           2             4.22463          2635.57283           1           0           3             1.00000             1.00000
       10000         487          14          11          13           0             4.04725          1011.10744           1           0           1             1.00000             1.00000
       10000         487          14          12          13           0             5.33052           118.91590           1           0           1             1.00000             1.00000
       10000         487          14          13          11           2             5.48694          1594.39213           1           0           3             1.00000             1.00000
       10000         487          14          14          11           2             7.51494           609.16898           2           6           1             1.00000             1.00000
