       10000         478          20           2          19           0             2.35226            73.50840           2           3           3             1.00000             1.00000
       10000         478          20           3          19           0             6.51204            29.93572           2           4           1             1.00000             1.00000
       10000         478          20           4          19           0             2.40984           669.20319           1           3           2             1.00000             1.00000
       10000         478          20           5          19           0             2.73885           251.38381           2           1           2             1.00000             1.00000
       10000         478          20           6          19           0             3.73378           244.11631           1           2           2             1.00000             1.00000
       10000         478          20           7          19           0             5.58612            74.05459           2           4           2             1.00000             1.00000
       10000         478          20           8          19           0             2.57902          2759.72155           1           0           1             1.00000             1.00000
       10000         478          20           9          19           0             2.74895            19.96108           1           2           1             1.00000             1.00000
       10000         478          20          10          19           0             4.06294           144.76970           1           1           1             1.00000             1.00000
       10000         478          20          11          18           1             3.51344            29.10699           2           4           1             1.00000             1.00000
       10000         478          20          12          19           0             2.86752           540.13740           2           2           2             1.00000             1.00000
       10000         478          20          13          18           1             3.33980           753.79759           1           0           2             1.00000             1.00000
       10000         478          20          14          18           1             2.29712          2378.91573           1           0           2             1.00000             1.00000
       10000         478          20          15          19           0             3.41636           238.44780           1           5           2             1.00000             1.00000
       10000         478          20          16          19           0             2.71493          1724.81098           1           0           3             1.00000             1.00000
       10000         478          20          17          19           0             3.14450          4241.86895           1           0           2             1.00000             1.00000
       10000         478          20          18          19           0             3.30565             3.37967           3           2           2             1.00000             1.00000
       10000         478          20          19          19           0             2.27050          6746.26963           1           0           2             1.00000             1.00000
       10000         478          20          20          19           0             3.16628            32.66784           2           1           1             1.00000             1.00000
