       10000         487          14           2          13           0             2.65495            37.39929           3           4           4             1.00000             1.00000
       10000         487          14           3          13           0             3.90480          2997.86113           1           0           2             1.00000             1.00000
       10000         487          14           4          13           0             3.78862           209.09271           2           5           0             1.00000             1.00000
       10000         487          14           5          13           0             2.90438            63.29865           3           6           4             1.00000             1.00000
       10000         487          14           6          13           0             4.63392          1064.28731           1           0           2             1.00000             1.00000
       10000         487          14           7          13           0             2.76679          1195.06751           2           5           4             1.00000             1.00000
       10000         487          14           8          13           0             2.53705           572.13635           2           5           3             1.00000             1.00000
       10000         487          14           9          13           0             3.35434          2493.36973           1           0           3             1.00000             1.00000
       10000         487          14          10          13           0             3.01905            88.45009           3           4           6             1.00000             1.00000
       10000         487          14          11          13           0             3.60833           129.24325           1           2           1             1.00000             1.00000
       10000         487          14          12          13           0             3.42857          3377.79849           1           0           2             1.00000             1.00000
       10000         487          14          13          13           0             3.08488            50.32151           3           8           4             1.00000             1.00000
       10000         487          14          14          13           0             3.03280          2899.13258           1           0           2             1.00000             1.00000
