       10000         502          18           2          17           0             2.75912             7.97232           4           9           3             1.00000             1.00000
       10000         502          18           3          16           1             4.04069           132.55510           3           6           4             1.00000             1.00000
       10000         502          18           4          17           0             3.26333            39.57550           3           8           4             1.00000             1.00000
       10000         502          18           5          17           0             5.09919           257.48602           2           5           2             1.00000             1.00000
       10000         502          18           6          17           0             4.41494           339.04227           2           5           2             1.00000             1.00000
       10000         502          18           7          16           1             7.24894           465.49358           2           7           2             1.00000             1.00000
       10000         502          18           8          17           0             2.77955          1407.82394           1           0           2             1.00000             1.00000
       10000         502          18           9          17           0             3.53066            42.80084           3           2           4             1.00000             1.00000
       10000         502          18          10          17           0             2.86126          2182.91939           1           0           3             1.00000             1.00000
       10000         502          18          11          17           0             3.41126          1699.56755           1           0           2             1.00000             1.00000
       10000         502          18          12          17           0             2.46786          5147.65647           1           0           1             1.00000             1.00000
       10000         502          18          13          17           0             2.95022          1245.00511           1           0           1             1.00000             1.00000
       10000         502          18          14          17           0             2.54375          3542.88150           1           0           4             1.00000             1.00000
       10000         502          18          15          17           0             2.39922            20.57651           2           5           0             1.00000             1.00000
       10000         502          18          16          17           0             2.94208          1812.49344           1           0           3             1.00000             1.00000
       10000         502          18          17          17           0             3.46024             9.48389           4           3           6             1.00000             1.00000
       10000         502          18          18          17           0             2.97267           806.06776           1           0           3             1.00000             1.00000
