       10000         514          15           2          14           0             3.13139             7.95498           3           6           2             1.00000             1.00000
       10000         514          15           3          10           4             5.07285           851.80996           1           4           2             1.00000             1.00000
       10000         514          15           4          13           1             4.00102           290.29116           2           3           2             1.00000             1.00000
       10000         514          15           5          14           0             3.51974            24.98779           3           2           4             1.00000             1.00000
       10000         514          15           6          13           1             6.04009            23.60818           3           6           2             1.00000             1.00000
       10000         514          15           7          14           0             3.03787             7.24923           2           1           1             1.00000             1.00000
       10000         514          15           8          14           0             2.09197          2109.10979           1           0           3             1.00000             1.00000
       10000         514          15           9          13           1             2.62640           128.42430           2           4           1             1.00000             1.00000
       10000         514          15          10          13           1             2.46306          2211.06224           1           0           1             1.00000             1.00000
       10000         514          15          11          14           0             2.22157          1936.01049           1           0           2             1.00000             1.00000
       10000         514          15          12          12           2             3.72375           289.59888           2           3           3             1.00000             1.00000
       10000         514          15          13          13           1             2.45425          3856.26285           1           0           1             1.00000             1.00000
       10000         514          15          14          13           1             2.11667          8766.04238           1           0           3             1.00000             1.00000
       10000         514          15          15          14           0             3.72656             2.73066           2           2           1             1.00000             1.00000
