       10000         504          22           2          20           1             2.99248           104.53054           3          14           4             1.00000             1.00000
       10000         504          22           3          20           1             4.29538            12.26385           2           5           1             1.00000             1.00000
       10000         504          22           4          21           0             4.25246             6.13246           2           2           1             1.00000             1.00000
       10000         504          22           5          20           1             2.97562           222.00986           2           5           2             1.00000             1.00000
       10000         504          22           6          20           1             3.57504            39.29038           2           3           1             1.00000             1.00000
       10000         504          22           7          21           0             2.82949             5.45150           4           6           6             1.00000             1.00000
       10000         504          22           8          19           2             3.12921           821.07320           2           7           3             1.00000             1.00000
       10000         504          22           9          20           1             2.70031           112.43352           1           2           1             1.00000             1.00000
       10000         504          22          10          21           0             2.43800          1574.01431           1           0           4             1.00000             1.00000
       10000         504          22          11          21           0             2.69020          1856.14644           1           0           3             1.00000             1.00000
       10000         504          22          12          21           0             2.69610            36.33129           1           0           4             1.00000             1.00000
       10000         504          22          13          21           0             2.65837          3038.03058           1           0           3             1.00000             1.00000
       10000         504          22          14          21           0             3.57291            11.16334           3           2           4             1.00000             1.00000
       10000         504          22          15          19           2             2.55713           556.52011           1           5           2             1.00000             1.00000
       10000         504          22          16          21           0             2.43339          2440.74469           1           0           4             1.00000             1.00000
       10000         504          22          17          21           0             2.59898            40.95484           2           5           1             1.00000             1.00000
       10000         504          22          18          21           0             3.11694          4718.05322           1           0           3             1.00000             1.00000
       10000         504          22          19          21           0             3.15198             1.45243           3           2           6             1.00000             1.00000
       10000         504          22          20          21           0             4.27599            44.52689           2           3           2             1.00000             1.00000
       10000         504          22          21          20           1             2.60083          2295.93391           1           0           4             1.00000             1.00000
       10000         504          22          22          20           1             2.72985           250.11226           2           3           3             1.00000             1.00000
