       10000         478          20           2          17           2             3.21296           423.83232           2           2           3             1.00000             1.00000
       10000         478          20           3          19           0             2.84354           596.93292           2           4           2             1.00000             1.00000
       10000         478          20           4          18           1             4.52812           104.72670           3           6           4             1.00000             1.00000
       10000         478          20           5          19           0             3.45277            70.19943           2           2           2             1.00000             1.00000
       10000         478          20           6          19           0             3.23662           715.06071           2           9           1             1.00000             1.00000
       10000         478          20           7          19           0             3.88162           291.64716           1           0           1             1.00000             1.00000
       10000         478          20           8          19           0             4.89102             8.41447           3           4           2             1.00000             1.00000
       10000         478          20           9          19           0             3.62631            54.56371           3           6           4             1.00000             1.00000
       10000         478          20          10          19           0             3.51823           571.69330           1           0           2             1.00000             1.00000
       10000         478          20          11          19           0             3.15351          3000.89654           1           0           2             1.00000             1.00000
       10000         478          20          12          19           0             4.06783          1387.31172           1           0           2             1.00000             1.00000
       10000         478          20          13          19           0             3.74861             9.28450           2           2           2             1.00000             1.00000
       10000         478          20          14          19           0             3.92072          2739.29858           1           0           2             1.00000             1.00000
       10000         478          20          15          19           0             3.69029            10.78972           3           6           2             1.00000             1.00000
       10000         478          20          16          19           0             3.56246             3.11010           3           6           2             1.00000             1.00000
       10000         478          20          17          18           1             3.66866            92.95538           2           1           2             1.00000             1.00000
       10000         478          20          18          19           0             4.50133          1404.26890           1           0           2             1.00000             1.00000
       10000         478          20          19          19           0             4.84879          2402.62375           1           0           2             1.00000             1.00000
       10000         478          20          20          17           2             2.93773          1285.14774           1           0           2             1.00000             1.00000
