   10000       2       2       2       3      10     496       6       6       0     496      36       0            21.13889             3.02778             2.22575             0.23036             1.59494             0.35659           936.79100             3.61014             2.41911       0       0
   10000       2       2       2       3      10     496       6       6       1     481      35      27            21.37143             3.11429             2.23738             0.22771             1.62240             0.36931           925.49541             3.61645             2.44686       4       4
   10000       2       2       2       3      10     496       6       6       2     466      34      16            21.91176             3.08824             2.26179             0.22432             1.64168             0.36273           883.56605             3.58188             2.50340       5       2
   10000       2       2       2       3      10     496       6       6       3     452      33      25            21.90909             3.15152             2.25493             0.22561             1.65060             0.36764           887.08241             3.60958             2.48046       5       1
   10000       2       2       2       3      10     496       6       6       4     440      32      15            22.31250             3.15625             2.28302             0.22320             1.65511             0.37960           877.79826             3.58450             2.53609       3       3
   10000       2       2       2       3      10     496       6       6       5     432      31      13            23.00000             3.16129             2.30714             0.21711             1.68438             0.37710           819.02382             3.60441             2.51408       2       1
   10000       2       2       2       3      10     496       6       6       6     420      30      24            23.63333             3.16667             2.35572             0.21530             1.69552             0.38235           786.99502             3.61656             2.54176       5       4
   10000       2       2       2       3      10     496       6       6       7     409      29      23            23.41379             3.13793             2.33494             0.21521             1.69103             0.38397           797.16408             3.62008             2.51026       6       1
   10000       2       2       2       3      10     496       6       6       8     391      28      28            23.60714             3.17857             2.35774             0.21558             1.70705             0.37902           786.57289             3.62807             2.53455       5       5
   10000       2       2       2       3      10     496       6       6       9     382      27      33            24.33333             3.18519             2.38830             0.21238             1.71464             0.38969           757.88215             3.62981             2.55861       2       2
   10000       2       2       2       3      10     496       6       6      10     363      26      40            23.73077             3.15385             2.41059             0.21911             1.70876             0.37699           774.41358             3.66079             2.48222       4       2
   10000       2       2       2       3      10     496       6       6      11     353      25      29            24.36000             3.24000             2.41687             0.21291             1.74269             0.39640           742.34822             3.65079             2.46635       4       6
   10000       2       2       2       3      10     496       6       6      12     343      24      20            24.41667             3.37500             2.41507             0.21196             1.77714             0.37902           754.68423             3.66996             2.41970       6       3
   10000       2       2       2       3      10     496       6       6      13     329      23      28            24.30435             3.30435             2.41008             0.21683             1.78095             0.36142           752.21166             3.73714             2.48262       2       6
   10000       2       2       2       3      10     496       6       6      14     313      22      28            23.81818             3.18182             2.38568             0.21853             1.77879             0.36316           756.19224             3.78438             2.42041       2       3
   10000       2       2       2       3      10     496       6       6      15     290      21      28            23.42857             3.28571             2.35188             0.21969             1.80156             0.35875           764.29957             3.80446             2.43590       6       2
   10000       2       2       2       3      10     496       6       6      16     279      20      26            23.15000             3.25000             2.34255             0.22224             1.81351             0.35866           777.42879             3.83877             2.37326       6       6
   10000       2       2       2       3      10     496       6       6      17     271      19      27            23.10526             3.26316             2.34106             0.22330             1.83192             0.36195           786.00577             3.84722             2.33260       6       4
   10000       2       2       2       3      10     496       6       6      18     263      18      20            23.16667             3.22222             2.32777             0.22158             1.83044             0.35641           776.58597             3.89475             2.27653       5       6
   10000       2       2       2       3      10     496       6       6      19     249      17      29            22.58824             3.29412             2.31719             0.22654             1.82507             0.37101           796.06851             3.97428             2.18192       3       1
   10000       2       2       2       3      10     496       6       6      20     239      16      23            23.06250             3.50000             2.35114             0.22742             1.85948             0.38394           792.94357             3.99626             2.11047       2       4
   10000       2       2       2       3      10     496       6       6      21     225      15      34            22.73333             3.60000             2.38893             0.23221             1.89225             0.39414           799.12095             4.04824             2.08651       3       5
   10000       2       2       2       3      10     496       6       6      22     215      14      25            22.28571             3.64286             2.35878             0.23224             1.91423             0.39429           833.95132             3.87955             1.91731       2       5
   10000       2       2       2       3      10     496       6       6      23     207      13      19            22.53846             3.61538             2.35496             0.22960             1.88626             0.38616           817.39821             3.89679             1.88643       3       2
   10000       2       2       2       3      10     496       6       6      24     198      12      18            22.58333             3.58333             2.38084             0.23265             1.92318             0.39766           846.12310             3.86943             1.83385       4       3
   10000       2       2       2       3      10     496       6       6      25     180      11      25            22.27273             3.72727             2.36391             0.23532             1.94498             0.39442           853.55062             3.82759             1.76458       3       6
   10000       2       2       2       3      10     496       6       6      26     166      10      16            22.90000             3.70000             2.38067             0.22999             1.93626             0.40032           833.42177             3.76590             1.80837       5       3
   10000       2       2       2       3      10     496       6       6      27     157       9      17            23.55556             3.55556             2.41643             0.22695             1.92224             0.42396           808.39501             3.62999             1.73633       3       4
   10000       2       2       2       3      10     496       6       6      28     141       8      17            24.37500             3.50000             2.46113             0.22315             1.93595             0.43008           770.83066             3.59908             1.80425       4       1
   10000       2       2       2       3      10     496       6       6      29     126       7      23            24.57143             3.42857             2.50216             0.22679             1.84888             0.42659           786.02537             3.54615             1.78500       4       5
   10000       2       2       2       3      10     496       6       6      30      97       6      29            23.83333             3.50000             2.49390             0.23421             1.85346             0.39054           801.33909             3.47867             1.91584       6       5
