   10000       2       2       2       7       4     503       6       6       0     503      36       0            22.55556             3.00000             2.29326             0.21934             1.68768             0.35119           834.45777             3.74064             2.54979       0       0
   10000       2       2       2       7       4     503       6       6       1     491      35      22            22.74286             3.02857             2.32457             0.22031             1.70013             0.35912           829.95032             3.74688             2.56051       6       6
   10000       2       2       2       7       4     503       6       6       2     469      34      29            22.88235             2.97059             2.32329             0.21840             1.68593             0.37294           819.16849             3.77720             2.68892       4       4
   10000       2       2       2       7       4     503       6       6       3     457      33      23            23.33333             3.00000             2.34310             0.21727             1.70076             0.37433           803.61659             3.79689             2.71596       4       5
   10000       2       2       2       7       4     503       6       6       4     436      32      32            23.56250             2.96875             2.33371             0.21382             1.71070             0.37515           785.86406             3.82018             2.75381       5       3
   10000       2       2       2       7       4     503       6       6       5     428      31      21            24.09677             3.06452             2.37929             0.21231             1.73743             0.38950           764.33796             3.81191             2.72611       4       3
   10000       2       2       2       7       4     503       6       6       6     413      30      27            24.10000             3.13333             2.34233             0.20981             1.74202             0.39012           765.26500             3.83288             2.72399       6       5
   10000       2       2       2       7       4     503       6       6       7     406      29      22            24.62069             3.13793             2.34591             0.20536             1.77365             0.39335           748.09018             3.83081             2.69439       3       1
   10000       2       2       2       7       4     503       6       6       8     392      28      34            24.46429             3.03571             2.35787             0.20737             1.77264             0.39817           751.56024             3.86096             2.69407       4       6
   10000       2       2       2       7       4     503       6       6       9     382      27      31            24.59259             3.03704             2.37650             0.20821             1.79752             0.40873           739.09488             3.88841             2.67044       5       2
   10000       2       2       2       7       4     503       6       6      10     369      26      10            25.15385             3.07692             2.41277             0.20514             1.79376             0.40805           717.33032             3.92492             2.79619       2       4
   10000       2       2       2       7       4     503       6       6      11     358      25      17            25.20000             3.12000             2.41908             0.20541             1.79219             0.40193           712.87376             3.95743             2.76810       1       6
   10000       2       2       2       7       4     503       6       6      12     343      24      27            25.37500             3.08333             2.42817             0.20530             1.77087             0.40504           707.07280             3.99968             2.77267       6       2
   10000       2       2       2       7       4     503       6       6      13     337      23      23            25.78261             3.08696             2.48508             0.20686             1.74944             0.40645           686.25078             4.02341             2.70738       1       4
   10000       2       2       2       7       4     503       6       6      14     327      22      28            26.31818             3.22727             2.45239             0.19969             1.76893             0.40114           674.39598             4.00356             2.68002       3       2
   10000       2       2       2       7       4     503       6       6      15     319      21      22            26.71429             3.28571             2.48179             0.19893             1.79860             0.40359           662.45672             3.98000             2.64326       1       5
   10000       2       2       2       7       4     503       6       6      16     307      20      32            26.50000             3.30000             2.44961             0.19802             1.80815             0.41120           669.60045             3.97389             2.53389       3       5
   10000       2       2       2       7       4     503       6       6      17     300      19      21            26.52632             3.31579             2.45576             0.19997             1.81154             0.41484           674.55351             3.96841             2.45005       2       6
   10000       2       2       2       7       4     503       6       6      18     293      18      17            27.05556             3.33333             2.44608             0.19353             1.82538             0.41623           655.52597             3.94443             2.42377       3       6
   10000       2       2       2       7       4     503       6       6      19     286      17      22            27.52941             3.23529             2.47081             0.19258             1.80249             0.41494           649.02517             3.96548             2.36763       6       1
   10000       2       2       2       7       4     503       6       6      20     275      16      23            28.43750             3.18750             2.53836             0.18997             1.80317             0.43004           591.66609             3.95026             2.36308       1       3
   10000       2       2       2       7       4     503       6       6      21     267      15      23            29.06667             3.26667             2.56745             0.18874             1.80274             0.42134           573.85999             4.02369             2.33198       6       4
   10000       2       2       2       7       4     503       6       6      22     246      14      30            28.78571             3.21429             2.53762             0.18939             1.78191             0.42504           568.44102             4.09245             2.35758       6       3
   10000       2       2       2       7       4     503       6       6      23     231      13      34            28.15385             3.15385             2.50925             0.19170             1.78770             0.43730           581.76372             4.18380             2.30812       4       1
   10000       2       2       2       7       4     503       6       6      24     210      12      28            28.16667             3.08333             2.50173             0.19150             1.78822             0.43733           570.99957             4.15138             2.31604       2       5
   10000       2       2       2       7       4     503       6       6      25     195      11      34            28.18182             3.09091             2.55221             0.19526             1.76971             0.44923           568.20343             4.23974             2.31147       5       4
   10000       2       2       2       7       4     503       6       6      26     185      10      21            28.50000             3.10000             2.55246             0.19149             1.82952             0.45496           547.87083             4.20263             2.12865       2       3
   10000       2       2       2       7       4     503       6       6      27     163       9      36            27.55556             3.11111             2.53768             0.19655             1.80818             0.45321           550.94238             4.26620             2.04694       4       2
   10000       2       2       2       7       4     503       6       6      28     147       8      25            26.50000             3.00000             2.47994             0.20418             1.80309             0.45434           626.83085             4.19934             1.86957       2       1
   10000       2       2       2       7       4     503       6       6      29     145       7      16            28.28571             2.85714             2.56212             0.19450             1.81782             0.49008           559.61231             4.13408             1.65190       2       2
   10000       2       2       2       7       4     503       6       6      30     124       6      23            29.16667             2.83333             2.62420             0.19355             1.82470             0.49884           531.04240             4.18559             1.73639       5       1
