   10000       2       2       2       5       3     546       6       6       0     546      36       0            21.88889             3.11111             2.26232             0.22006             1.62450             0.32094           843.01106             3.63284             2.18994       0       0
   10000       2       2       2       5       3     546       6       6       1     528      35      25            21.85714             3.05714             2.28696             0.22391             1.61495             0.31651           849.41869             3.64708             2.19831       1       6
   10000       2       2       2       5       3     546       6       6       2     512      34      20            22.11765             3.17647             2.30531             0.22310             1.64684             0.31971           831.95080             3.66534             2.20982       6       2
   10000       2       2       2       5       3     546       6       6       3     495      33      20            22.75758             3.15152             2.30760             0.21580             1.67368             0.34390           805.07036             3.67208             2.28168       3       5
   10000       2       2       2       5       3     546       6       6       4     484      32      26            22.65625             3.21875             2.31326             0.21777             1.69995             0.34045           809.32594             3.68374             2.25533       1       4
   10000       2       2       2       5       3     546       6       6       5     469      31      25            22.51613             3.22581             2.31902             0.21990             1.69465             0.32871           814.40258             3.70164             2.23350       3       6
   10000       2       2       2       5       3     546       6       6       6     462      30      23            22.96667             3.26667             2.31559             0.21501             1.70288             0.33347           798.52498             3.67451             2.21988       4       6
   10000       2       2       2       5       3     546       6       6       7     446      29      26            22.96552             3.20690             2.35924             0.22033             1.68329             0.34359           804.51221             3.70139             2.23786       5       1
   10000       2       2       2       5       3     546       6       6       8     418      28      20            23.00000             3.17857             2.35469             0.21913             1.69047             0.33668           794.78802             3.73881             2.30085       6       3
   10000       2       2       2       5       3     546       6       6       9     399      27      20            22.88889             3.22222             2.31309             0.21628             1.70551             0.33783           790.08275             3.74967             2.32880       6       1
   10000       2       2       2       5       3     546       6       6      10     379      26      26            22.76923             3.23077             2.29058             0.21421             1.71470             0.34193           783.11691             3.76746             2.34099       2       6
   10000       2       2       2       5       3     546       6       6      11     361      25      29            22.72000             3.20000             2.30453             0.21588             1.69507             0.33635           778.02579             3.78564             2.33836       2       4
   10000       2       2       2       5       3     546       6       6      12     344      24      19            23.12500             3.25000             2.33659             0.21465             1.73406             0.33445           766.09349             3.76384             2.34106       2       1
   10000       2       2       2       5       3     546       6       6      13     322      23      23            23.39130             3.26087             2.35603             0.21367             1.73676             0.33012           756.42169             3.82327             2.41474       4       2
   10000       2       2       2       5       3     546       6       6      14     312      22      20            23.27273             3.36364             2.35726             0.21616             1.73649             0.33664           758.49022             3.85513             2.39650       1       5
   10000       2       2       2       5       3     546       6       6      15     304      21      23            23.47619             3.42857             2.38138             0.21753             1.75461             0.34356           756.31257             3.89472             2.33698       2       3
   10000       2       2       2       5       3     546       6       6      16     296      20      20            24.10000             3.35000             2.36431             0.21065             1.78546             0.35587           730.48570             3.93081             2.33584       5       5
   10000       2       2       2       5       3     546       6       6      17     280      19      18            24.26316             3.36842             2.35617             0.20803             1.79749             0.37412           720.71340             3.94253             2.38655       2       5
   10000       2       2       2       5       3     546       6       6      18     259      18      22            23.83333             3.38889             2.35696             0.21352             1.80569             0.37104           735.28739             3.97141             2.39190       4       5
   10000       2       2       2       5       3     546       6       6      19     244      17      23            23.35294             3.41176             2.30953             0.21500             1.82067             0.37056           756.70818             4.01898             2.32918       3       1
   10000       2       2       2       5       3     546       6       6      20     227      16      34            24.06250             3.37500             2.32806             0.20882             1.79638             0.39576           722.27556             4.04987             2.40002       5       4
   10000       2       2       2       5       3     546       6       6      21     211      15      33            24.20000             3.26667             2.30601             0.20705             1.78793             0.39442           716.18916             4.05801             2.33686       3       3
   10000       2       2       2       5       3     546       6       6      22     198      14      34            22.78571             3.50000             2.23797             0.21137             1.80019             0.38023           757.49329             4.10075             2.16080       4       3
   10000       2       2       2       5       3     546       6       6      23     189      13      18            22.69231             3.53846             2.25039             0.21589             1.80654             0.36014           769.54304             4.15849             2.05268       4       4
   10000       2       2       2       5       3     546       6       6      24     177      12      20            22.33333             3.50000             2.24286             0.21883             1.82686             0.37059           785.46056             4.18471             1.97405       5       2
   10000       2       2       2       5       3     546       6       6      25     170      11      18            22.36364             3.45455             2.25712             0.21957             1.82772             0.37448           812.62300             4.13507             1.81868       5       6
   10000       2       2       2       5       3     546       6       6      26     152      10      29            21.70000             3.50000             2.25099             0.22548             1.75269             0.36888           826.11581             4.29950             1.78262       3       2
   10000       2       2       2       5       3     546       6       6      27     139       9      15            22.44444             3.44444             2.23217             0.21260             1.76676             0.38606           757.11018             4.36289             1.83010       3       4
   10000       2       2       2       5       3     546       6       6      28     128       8      14            23.50000             3.50000             2.28335             0.20448             1.76645             0.40547           712.60686             4.37345             1.88617       4       1
   10000       2       2       2       5       3     546       6       6      29     112       7      20            24.00000             3.42857             2.30954             0.20211             1.74061             0.41828           686.01783             4.40878             1.92407       5       3
   10000       2       2       2       5       3     546       6       6      30      98       6      23            24.16667             3.00000             2.29111             0.19989             1.67899             0.39140           672.62177             4.36226             1.82879       2       2
