   10000       2       1       2       8       4     465       6       6       0     465      36       0            20.86111             3.02778             2.26933             0.23432             1.65535             0.34821           866.06190             3.76657             2.53990       0       0
   10000       2       1       2       8       4     465       6       6       1     454      35      22            20.77143             3.00000             2.26556             0.23539             1.65722             0.34688           868.90847             3.76379             2.49904       3       1
   10000       2       1       2       8       4     465       6       6       2     436      34      25            20.44118             3.02941             2.24988             0.23827             1.65915             0.34255           888.29599             3.78677             2.45977       2       6
   10000       2       1       2       8       4     465       6       6       3     420      33      23            20.33333             2.96970             2.25433             0.24193             1.63217             0.34869           905.13108             3.77947             2.43895       4       3
   10000       2       1       2       8       4     465       6       6       4     411      32      20            20.15625             2.93750             2.23065             0.24382             1.62733             0.34187           925.92746             3.77430             2.34755       6       4
   10000       2       1       2       8       4     465       6       6       5     393      31      31            19.67742             2.96774             2.19794             0.24553             1.62785             0.33209           944.03665             3.75207             2.26749       5       1
   10000       2       1       2       8       4     465       6       6       6     383      30      13            19.76667             2.96667             2.20165             0.24591             1.62663             0.33163           951.61128             3.75575             2.27310       4       1
   10000       2       1       2       8       4     465       6       6       7     367      29      26            19.31034             2.89655             2.20088             0.25321             1.62161             0.32710           994.02382             3.74555             2.19669       4       6
   10000       2       1       2       8       4     465       6       6       8     358      28      20            19.25000             2.92857             2.19634             0.25516             1.62932             0.32643          1008.37136             3.74091             2.13937       1       5
   10000       2       1       2       8       4     465       6       6       9     350      27      19            19.44444             2.85185             2.19614             0.25446             1.61597             0.32702          1012.64949             3.72784             2.08783       1       2
   10000       2       1       2       8       4     465       6       6      10     332      26      23            19.23077             2.80769             2.23893             0.26195             1.62157             0.35085          1024.13001             3.74709             2.09058       3       3
   10000       2       1       2       8       4     465       6       6      11     321      25      22            19.00000             2.84000             2.22726             0.26289             1.62061             0.35007          1033.22358             3.74528             2.02251       6       2
   10000       2       1       2       8       4     465       6       6      12     302      24      29            18.79167             2.91667             2.19151             0.26373             1.63295             0.34563          1050.51673             3.73846             1.98918       5       5
   10000       2       1       2       8       4     465       6       6      13     294      23      13            19.21739             2.91304             2.21558             0.25892             1.64444             0.33852          1024.40661             3.74975             2.00350       6       3
   10000       2       1       2       8       4     465       6       6      14     278      22      17            19.22727             2.81818             2.23291             0.26122             1.62522             0.35031          1036.53729             3.71865             2.03920       6       1
   10000       2       1       2       8       4     465       6       6      15     262      21      24            18.95238             2.85714             2.19226             0.26070             1.64338             0.34617          1049.21531             3.74745             2.02983       1       4
   10000       2       1       2       8       4     465       6       6      16     258      20      11            19.30000             2.80000             2.20537             0.25704             1.64313             0.34730          1027.86417             3.74035             1.95429       4       2
   10000       2       1       2       8       4     465       6       6      17     246      19      19            19.36842             2.84211             2.21716             0.25416             1.65766             0.37149          1004.07723             3.66894             1.99489       3       6
   10000       2       1       2       8       4     465       6       6      18     236      18      15            19.50000             2.94444             2.21644             0.25253             1.67977             0.36610           983.65177             3.69679             1.98240       5       6
   10000       2       1       2       8       4     465       6       6      19     223      17      18            19.29412             3.00000             2.18005             0.25099             1.68259             0.35709           997.82144             3.69230             1.91989       5       4
   10000       2       1       2       8       4     465       6       6      20     208      16      25            18.87500             3.00000             2.14815             0.25719             1.67176             0.33081          1043.61774             3.66592             1.80554       3       5
   10000       2       1       2       8       4     465       6       6      21     196      15      18            18.73333             2.93333             2.11607             0.25798             1.64157             0.32652          1051.69877             3.68869             1.79018       6       5
   10000       2       1       2       8       4     465       6       6      22     178      14      22            18.42857             3.00000             2.08516             0.26039             1.62113             0.31292          1059.05370             3.74031             1.81271       1       3
   10000       2       1       2       8       4     465       6       6      23     169      13       9            19.15385             3.15385             2.09217             0.24315             1.67843             0.27545           977.28723             3.77214             1.87523       1       6
   10000       2       1       2       8       4     465       6       6      24     156      12      21            18.91667             3.00000             2.05111             0.24732             1.68440             0.28307          1035.50133             3.77816             1.78224       4       4
   10000       2       1       2       8       4     465       6       6      25     147      11      22            18.36364             3.00000             2.04711             0.25642             1.64241             0.28652          1065.61261             3.79790             1.63131       2       1
   10000       2       1       2       8       4     465       6       6      26     133      10      25            17.80000             3.00000             1.97606             0.25654             1.63394             0.27898          1081.55614             3.89969             1.50406       2       3
   10000       2       1       2       8       4     465       6       6      27     120       9      18            17.00000             3.11111             2.01049             0.27337             1.66482             0.28962          1132.71845             3.91715             1.42799       2       2
   10000       2       1       2       8       4     465       6       6      28     105       8      24            15.87500             3.12500             1.98569             0.28725             1.67308             0.27133          1207.32810             3.96716             1.33623       5       2
   10000       2       1       2       8       4     465       6       6      29      96       7      15            15.28571             3.28571             1.97568             0.29166             1.71112             0.27604          1206.53735             4.07961             1.16964       3       4
   10000       2       1       2       8       4     465       6       6      30      88       6      17            14.66667             3.50000             1.99117             0.30496             1.76787             0.27526          1222.88267             4.16354             1.00000       2       5
