   10000       2       1       2       9       9     465       6       6       0     465      36       0            20.86111             3.02778             2.26933             0.23432             1.65535             0.34821           866.06190             3.76657             2.53990       0       0
   10000       2       1       2       9       9     465       6       6       1     450      35      23            20.71429             3.02857             2.27371             0.23726             1.65947             0.34352           872.89699             3.76561             2.51417       3       5
   10000       2       1       2       9       9     465       6       6       2     437      34      25            20.79412             3.05882             2.24831             0.23363             1.67752             0.34693           868.03291             3.78049             2.51103       1       4
   10000       2       1       2       9       9     465       6       6       3     425      33      25            20.54545             3.03030             2.25370             0.23619             1.67429             0.33723           876.97760             3.78142             2.42328       5       2
   10000       2       1       2       9       9     465       6       6       4     417      32      18            20.65625             3.00000             2.26602             0.23572             1.67500             0.34147           861.40975             3.80201             2.38632       5       6
   10000       2       1       2       9       9     465       6       6       5     406      31      18            20.48387             3.09677             2.26516             0.23882             1.68245             0.34430           877.55222             3.79774             2.33538       1       5
   10000       2       1       2       9       9     465       6       6       6     394      30      20            20.33333             2.96667             2.25692             0.24127             1.65275             0.35401           894.92029             3.81423             2.29424       4       1
   10000       2       1       2       9       9     465       6       6       7     379      29      17            20.55172             2.96552             2.28910             0.24429             1.66444             0.32589           896.66765             3.81910             2.32462       2       5
   10000       2       1       2       9       9     465       6       6       8     363      28      24            20.32143             3.07143             2.25319             0.24657             1.68209             0.32272           926.70224             3.84479             2.30599       2       6
   10000       2       1       2       9       9     465       6       6       9     357      27      10            20.70370             3.00000             2.26623             0.24150             1.65896             0.32561           900.89145             3.82850             2.28245       4       2
   10000       2       1       2       9       9     465       6       6      10     345      26      23            20.57692             3.11538             2.27063             0.24377             1.68096             0.32288           901.63471             3.80602             2.26079       3       6
   10000       2       1       2       9       9     465       6       6      11     333      25      21            20.28000             3.08000             2.25197             0.24681             1.65985             0.31971           927.15744             3.80890             2.15620       6       4
   10000       2       1       2       9       9     465       6       6      12     326      24       7            20.87500             3.08333             2.26784             0.23335             1.68359             0.32212           850.17598             3.82281             2.20518       1       6
   10000       2       1       2       9       9     465       6       6      13     307      23      25            20.65217             3.17391             2.23966             0.23276             1.69836             0.30706           857.04466             3.78702             2.21641       5       1
   10000       2       1       2       9       9     465       6       6      14     293      22      20            20.68182             3.18182             2.22804             0.23214             1.71414             0.30068           863.59401             3.78612             2.19370       3       2
   10000       2       1       2       9       9     465       6       6      15     283      21      17            20.80952             3.14286             2.22974             0.22992             1.74658             0.31663           855.37209             3.67156             2.18291       4       5
   10000       2       1       2       9       9     465       6       6      16     273      20      21            20.75000             3.20000             2.22979             0.23158             1.77038             0.31964           855.08967             3.68746             2.08695       3       4
   10000       2       1       2       9       9     465       6       6      17     264      19      16            20.78947             3.21053             2.25149             0.23246             1.77201             0.32963           854.20743             3.69253             2.02743       6       3
   10000       2       1       2       9       9     465       6       6      18     250      18      18            20.61111             3.22222             2.26481             0.23435             1.77946             0.33282           858.59357             3.64383             2.02625       2       4
   10000       2       1       2       9       9     465       6       6      19     239      17      17            20.88235             3.29412             2.24396             0.22847             1.82421             0.32730           837.54176             3.61749             2.04154       3       1
   10000       2       1       2       9       9     465       6       6      20     231      16      17            20.93750             3.37500             2.22995             0.22634             1.85092             0.30788           830.84899             3.61025             2.02028       6       2
   10000       2       1       2       9       9     465       6       6      21     214      15      17            21.20000             3.26667             2.25451             0.22569             1.78309             0.32516           833.48306             3.56845             2.08830       6       1
   10000       2       1       2       9       9     465       6       6      22     197      14      24            21.35714             3.21429             2.25439             0.22589             1.74984             0.33946           840.36037             3.56240             2.05460       4       3
   10000       2       1       2       9       9     465       6       6      23     189      13      21            21.23077             3.15385             2.29618             0.23528             1.75316             0.32877           844.09693             3.55700             1.91628       2       1
   10000       2       1       2       9       9     465       6       6      24     175      12      26            20.50000             3.16667             2.27554             0.24351             1.70888             0.35097           888.90401             3.59942             1.79034       1       2
   10000       2       1       2       9       9     465       6       6      25     162      11      16            20.36364             3.18182             2.26079             0.24229             1.73065             0.36171           867.65679             3.65024             1.75913       5       3
   10000       2       1       2       9       9     465       6       6      26     152      10      18            20.60000             3.20000             2.29615             0.24535             1.72687             0.34857           857.98771             3.69729             1.65694       5       4
   10000       2       1       2       9       9     465       6       6      27     144       9      24            19.77778             3.33333             2.26221             0.25308             1.72283             0.33884           880.35453             3.75366             1.47504       6       5
   10000       2       1       2       9       9     465       6       6      28     135       8      30            18.12500             3.37500             2.16855             0.26236             1.75009             0.31610           936.40573             3.78151             1.14653       2       3
   10000       2       1       2       9       9     465       6       6      29     113       7      23            17.28571             3.28571             2.20308             0.27681             1.71835             0.32557           998.56920             3.72260             1.13901       4       6
   10000       2       1       2       9       9     465       6       6      30      94       6      22            16.50000             3.33333             2.22936             0.29048             1.68728             0.32428           999.92586             3.82957             1.10289       1       3
