   10000       2       1       2      11       5     535       6       6       0     535      36       0            22.11111             3.11111             2.31878             0.22761             1.62375             0.35631           910.11744             3.38373             2.28553       0       0
   10000       2       1       2      11       5     535       6       6       1     532      35      10            22.48571             3.20000             2.33831             0.22267             1.63867             0.35256           872.45345             3.39446             2.24988       1       3
   10000       2       1       2      11       5     535       6       6       2     516      34      23            22.38235             3.20588             2.34948             0.22530             1.63840             0.34305           878.08076             3.41381             2.20971       2       1
   10000       2       1       2      11       5     535       6       6       3     498      33      24            22.33333             3.18182             2.33147             0.22541             1.64195             0.33119           891.19510             3.42313             2.21167       1       2
   10000       2       1       2      11       5     535       6       6       4     488      32      17            22.34375             3.15625             2.33649             0.22536             1.64607             0.33130           901.81345             3.38801             2.17489       6       1
   10000       2       1       2      11       5     535       6       6       5     475      31      15            22.64516             3.16129             2.36321             0.22446             1.64698             0.33230           874.41991             3.40246             2.20864       3       1
   10000       2       1       2      11       5     535       6       6       6     458      30      26            22.46667             3.16667             2.36894             0.22636             1.64523             0.34037           877.93415             3.40270             2.19427       6       3
   10000       2       1       2      11       5     535       6       6       7     441      29      24            22.65517             3.20690             2.36297             0.22422             1.65971             0.32960           865.83513             3.41031             2.19375       3       5
   10000       2       1       2      11       5     535       6       6       8     429      28      22            22.78571             3.14286             2.36909             0.22371             1.66480             0.32617           862.07693             3.41054             2.13360       5       4
   10000       2       1       2      11       5     535       6       6       9     418      27      29            22.55556             3.11111             2.34849             0.22496             1.66684             0.32536           873.08955             3.42693             2.08833       6       5
   10000       2       1       2      11       5     535       6       6      10     401      26      20            22.61538             3.11538             2.35185             0.22491             1.67809             0.32221           866.75004             3.42468             2.11302       6       4
   10000       2       1       2      11       5     535       6       6      11     392      25      23            22.72000             3.16000             2.33494             0.22491             1.66651             0.32141           858.33540             3.43727             2.04821       1       5
   10000       2       1       2      11       5     535       6       6      12     378      24      22            22.87500             3.12500             2.36036             0.22595             1.66152             0.33614           861.75491             3.39884             2.01825       4       6
   10000       2       1       2      11       5     535       6       6      13     364      23      20            22.95652             3.13043             2.34228             0.22333             1.66706             0.33001           857.89298             3.41395             2.02031       6       6
   10000       2       1       2      11       5     535       6       6      14     344      22      24            22.54545             3.13636             2.31642             0.22525             1.66125             0.31788           870.58937             3.41313             1.97899       5       3
   10000       2       1       2      11       5     535       6       6      15     328      21      22            22.57143             3.09524             2.33351             0.22735             1.68056             0.32457           879.13857             3.38646             1.91402       4       2
   10000       2       1       2      11       5     535       6       6      16     318      20      22            22.45000             3.05000             2.35030             0.23230             1.66344             0.33035           889.76167             3.38421             1.85356       5       1
   10000       2       1       2      11       5     535       6       6      17     301      19      22            22.36842             3.05263             2.36547             0.23197             1.66788             0.33934           884.36821             3.37830             1.85426       3       6
   10000       2       1       2      11       5     535       6       6      18     286      18      17            22.27778             2.94444             2.37779             0.23302             1.66525             0.35611           887.38978             3.37584             1.86157       1       4
   10000       2       1       2      11       5     535       6       6      19     274      17      15            22.64706             3.00000             2.35335             0.22392             1.67805             0.35839           870.40194             3.36719             1.88947       4       1
   10000       2       1       2      11       5     535       6       6      20     268      16      17            23.00000             3.00000             2.38400             0.22304             1.67276             0.35639           870.98583             3.37568             1.86487       5       2
   10000       2       1       2      11       5     535       6       6      21     255      15      27            23.20000             3.00000             2.37474             0.22161             1.68322             0.34421           879.69490             3.35580             1.78146       4       4
   10000       2       1       2      11       5     535       6       6      22     247      14      14            23.71429             3.14286             2.40279             0.21690             1.74094             0.35871           878.70460             3.23867             1.74917       1       6
   10000       2       1       2      11       5     535       6       6      23     239      13      20            24.07692             3.15385             2.43849             0.21667             1.73399             0.35182           851.83162             3.26454             1.67584       2       5
   10000       2       1       2      11       5     535       6       6      24     225      12      17            24.58333             3.16667             2.44228             0.21255             1.74921             0.34627           837.21469             3.27770             1.61495       2       2
   10000       2       1       2      11       5     535       6       6      25     205      11      25            23.72727             3.09091             2.37576             0.21458             1.76133             0.33328           865.84739             3.29496             1.55841       4       5
   10000       2       1       2      11       5     535       6       6      26     189      10      25            23.10000             3.10000             2.35973             0.22011             1.75160             0.33484           906.37457             3.29074             1.39710       2       4
   10000       2       1       2      11       5     535       6       6      27     171       9      22            22.55556             3.11111             2.33130             0.22241             1.74774             0.32316           901.00480             3.35490             1.33426       3       2
   10000       2       1       2      11       5     535       6       6      28     156       8      15            23.50000             3.12500             2.34481             0.21170             1.76978             0.33677           846.13028             3.36915             1.37605       1       1
   10000       2       1       2      11       5     535       6       6      29     146       7      29            22.42857             3.28571             2.28114             0.21573             1.80748             0.34579           887.57551             3.45139             1.13677       3       3
   10000       2       1       2      11       5     535       6       6      30     135       6      21            22.50000             3.50000             2.29715             0.21622             1.86399             0.33080           909.15385             3.43173             1.00000       5       5
