   10000       2       1       2      12       9     509       6       6       0     509      36       0            22.55556             2.97222             2.25679             0.22020             1.60747             0.37073           901.40110             3.36120             2.56709       0       0
   10000       2       1       2      12       9     509       6       6       1     501      35      22            22.31429             2.97143             2.24604             0.22175             1.62311             0.36731           917.34797             3.35538             2.48687       5       6
   10000       2       1       2      12       9     509       6       6       2     491      34      23            22.26471             3.05882             2.22343             0.22249             1.63221             0.36008           938.36603             3.36828             2.40395       2       2
   10000       2       1       2      12       9     509       6       6       3     478      33      27            22.03030             3.12121             2.20209             0.22316             1.63966             0.36214           951.58317             3.37310             2.32837       5       4
   10000       2       1       2      12       9     509       6       6       4     462      32      21            22.03125             3.12500             2.20735             0.22401             1.64292             0.36467           953.32521             3.36965             2.34703       6       6
   10000       2       1       2      12       9     509       6       6       5     443      31      33            22.03226             3.09677             2.20108             0.21897             1.63892             0.36502           926.63313             3.35492             2.31358       4       5
   10000       2       1       2      12       9     509       6       6       6     434      30      16            22.26667             3.13333             2.21492             0.21698             1.65638             0.36615           914.08672             3.35097             2.28634       4       1
   10000       2       1       2      12       9     509       6       6       7     428      29      23            22.20690             3.10345             2.21418             0.21743             1.64801             0.37034           922.89915             3.34952             2.21078       3       6
   10000       2       1       2      12       9     509       6       6       8     420      28      27            22.25000             3.14286             2.18922             0.21461             1.65783             0.35857           917.69606             3.37513             2.13580       2       5
   10000       2       1       2      12       9     509       6       6       9     398      27      31            21.92593             3.03704             2.24562             0.22294             1.65091             0.36144           922.52584             3.38550             2.15044       2       6
   10000       2       1       2      12       9     509       6       6      10     384      26      20            22.07692             3.00000             2.25334             0.22237             1.63705             0.35610           914.83509             3.38857             2.13659       4       2
   10000       2       1       2      12       9     509       6       6      11     374      25      18            22.12000             3.00000             2.27315             0.22464             1.64177             0.35825           915.85898             3.39354             2.12070       5       5
   10000       2       1       2      12       9     509       6       6      12     361      24      21            22.29167             3.12500             2.31347             0.22564             1.66865             0.34748           887.26849             3.41980             2.08904       1       4
   10000       2       1       2      12       9     509       6       6      13     343      23      28            22.39130             3.04348             2.28498             0.22397             1.66080             0.34846           888.36099             3.40833             2.07861       5       3
   10000       2       1       2      12       9     509       6       6      14     323      22      28            21.86364             3.09091             2.25363             0.22693             1.65767             0.34394           912.69589             3.40844             2.03981       6       4
   10000       2       1       2      12       9     509       6       6      15     305      21      31            21.19048             3.14286             2.20745             0.23131             1.65350             0.33796           939.96827             3.45239             2.00868       1       5
   10000       2       1       2      12       9     509       6       6      16     297      20      28            21.00000             3.10000             2.17806             0.22790             1.65059             0.33631           946.90264             3.46799             1.88548       3       4
   10000       2       1       2      12       9     509       6       6      17     282      19      19            21.05263             3.10526             2.24248             0.23318             1.65047             0.34027           936.00606             3.49627             1.86342       6       1
   10000       2       1       2      12       9     509       6       6      18     266      18      24            20.72222             3.11111             2.21191             0.23376             1.66086             0.33333           959.24073             3.48124             1.85179       6       3
   10000       2       1       2      12       9     509       6       6      19     240      17      33            19.70588             3.11765             2.14410             0.23690             1.65826             0.32695           974.53683             3.51218             1.83574       5       1
   10000       2       1       2      12       9     509       6       6      20     227      16      16            19.68750             3.12500             2.15013             0.24294             1.66637             0.34198           968.65391             3.57554             1.85689       4       4
   10000       2       1       2      12       9     509       6       6      21     210      15      17            19.80000             3.13333             2.14958             0.24174             1.66391             0.33666           954.81973             3.61777             1.90984       4       6
   10000       2       1       2      12       9     509       6       6      22     189      14      26            18.92857             3.07143             2.14209             0.25194             1.66087             0.33767          1007.73954             3.61028             1.90675       5       2
   10000       2       1       2      12       9     509       6       6      23     167      13      23            18.61538             3.07692             2.11735             0.25376             1.64528             0.34267          1019.97698             3.64176             1.96934       3       5
   10000       2       1       2      12       9     509       6       6      24     154      12      13            19.08333             2.91667             2.13995             0.24926             1.60877             0.35039           967.40246             3.73044             2.05012       1       6
   10000       2       1       2      12       9     509       6       6      25     140      11      23            18.45455             3.00000             2.09788             0.26370             1.59820             0.33918          1031.43412             3.77331             1.82696       3       3
   10000       2       1       2      12       9     509       6       6      26     125      10      24            17.40000             2.80000             2.15312             0.29001             1.54722             0.34009          1083.48294             3.79350             1.65630       2       1
   10000       2       1       2      12       9     509       6       6      27     119       9      19            16.88889             2.77778             2.16143             0.30070             1.54706             0.32247          1121.86458             3.72351             1.43836       1       2
   10000       2       1       2      12       9     509       6       6      28     106       8      19            16.25000             2.62500             2.15239             0.31023             1.52601             0.35152          1149.98390             3.80065             1.34504       1       3
   10000       2       1       2      12       9     509       6       6      29      93       7      24            14.85714             2.57143             2.04520             0.32133             1.49779             0.32432          1214.64294             3.92661             1.22917       2       3
   10000       2       1       2      12       9     509       6       6      30      82       6      17            13.66667             2.66667             1.90804             0.34583             1.49643             0.31190          1375.33998             3.94679             1.00000       3       1
