   10000       2       1       2       7       3     503       6       6       0     503      36       0            22.55556             3.00000             2.29326             0.21934             1.68768             0.35119           834.45777             3.74064             2.54979       0       0
   10000       2       1       2       7       3     503       6       6       1     490      35      29            22.28571             2.97143             2.28599             0.22112             1.67462             0.34886           840.11817             3.77011             2.51011       6       3
   10000       2       1       2       7       3     503       6       6       2     479      34      21            22.17647             2.97059             2.28728             0.22321             1.67169             0.35102           850.36940             3.77555             2.47595       6       1
   10000       2       1       2       7       3     503       6       6       3     468      33      27            22.06061             2.96970             2.26164             0.22192             1.67301             0.34659           855.58542             3.77781             2.42629       3       5
   10000       2       1       2       7       3     503       6       6       4     447      32      25            22.34375             2.96875             2.30424             0.22263             1.67437             0.35975           838.09377             3.78235             2.47835       5       4
   10000       2       1       2       7       3     503       6       6       5     438      31      20            22.48387             2.96774             2.27918             0.21933             1.66743             0.35674           840.48772             3.77239             2.41673       3       2
   10000       2       1       2       7       3     503       6       6       6     427      30      22            22.50000             2.93333             2.29534             0.22119             1.65535             0.35825           839.57759             3.79369             2.38425       4       2
   10000       2       1       2       7       3     503       6       6       7     415      29      22            22.58621             2.93103             2.28401             0.22029             1.66324             0.36008           839.81888             3.74808             2.35262       4       1
   10000       2       1       2       7       3     503       6       6       8     412      28      12            23.03571             2.92857             2.31513             0.21972             1.68433             0.36443           844.60973             3.64452             2.24559       2       4
   10000       2       1       2       7       3     503       6       6       9     404      27      22            23.18519             2.96296             2.30567             0.21901             1.67551             0.35452           852.54147             3.69105             2.18275       2       6
   10000       2       1       2       7       3     503       6       6      10     395      26      31            22.80769             2.96154             2.29076             0.22152             1.66836             0.35006           869.10360             3.68688             2.10387       1       5
   10000       2       1       2       7       3     503       6       6      11     384      25      21            22.72000             2.88000             2.30051             0.22259             1.63860             0.35863           863.59258             3.71089             2.03854       1       3
   10000       2       1       2       7       3     503       6       6      12     367      24      32            22.25000             2.91667             2.28041             0.22532             1.64392             0.35143           881.71001             3.73570             1.98772       6       5
   10000       2       1       2       7       3     503       6       6      13     364      23      15            22.52174             2.91304             2.25199             0.21683             1.65904             0.34417           873.36974             3.70899             1.87352       2       2
   10000       2       1       2       7       3     503       6       6      14     349      22      27            22.18182             2.86364             2.26801             0.22330             1.66360             0.34850           897.11442             3.66492             1.82446       2       1
   10000       2       1       2       7       3     503       6       6      15     333      21      31            21.90476             2.95238             2.23557             0.22339             1.68302             0.34224           907.49163             3.67120             1.77549       4       6
   10000       2       1       2       7       3     503       6       6      16     318      20      18            22.10000             2.95000             2.27798             0.22519             1.66113             0.35356           890.84427             3.66270             1.79074       1       4
   10000       2       1       2       7       3     503       6       6      17     301      19      22            22.15789             2.89474             2.25668             0.22330             1.65121             0.35199           889.57530             3.70396             1.80904       6       4
   10000       2       1       2       7       3     503       6       6      18     285      18      21            22.11111             2.94444             2.27529             0.22575             1.64742             0.35705           890.05418             3.71879             1.81518       6       6
   10000       2       1       2       7       3     503       6       6      19     276      17      29            21.58824             3.05882             2.25208             0.22867             1.66746             0.35370           899.05795             3.77102             1.67780       5       2
   10000       2       1       2       7       3     503       6       6      20     260      16      35            20.68750             3.12500             2.18143             0.23117             1.66742             0.33064           926.87650             3.82581             1.52793       4       4
   10000       2       1       2       7       3     503       6       6      21     251      15      20            20.53333             3.06667             2.18347             0.23284             1.68905             0.34107           931.66847             3.86605             1.45088       4       3
   10000       2       1       2       7       3     503       6       6      22     238      14      14            21.00000             3.14286             2.19427             0.22734             1.71629             0.33796           899.01857             3.90659             1.47461       1       6
   10000       2       1       2       7       3     503       6       6      23     226      13      22            20.76923             3.00000             2.18318             0.22893             1.68009             0.34419           898.08899             3.97409             1.39090       4       5
   10000       2       1       2       7       3     503       6       6      24     197      12      31            19.91667             3.08333             2.11547             0.23117             1.67435             0.33372           919.52576             4.06287             1.41124       5       3
   10000       2       1       2       7       3     503       6       6      25     185      11      17            20.18182             3.09091             2.12283             0.22665             1.69615             0.34140           897.83057             4.00220             1.36072       2       3
   10000       2       1       2       7       3     503       6       6      26     170      10      15            20.70000             2.80000             2.18044             0.22651             1.65104             0.35828           861.46126             4.06916             1.39680       5       1
   10000       2       1       2       7       3     503       6       6      27     151       9      20            20.77778             2.88889             2.17049             0.22542             1.65369             0.34668           861.65179             4.12392             1.43020       3       1
   10000       2       1       2       7       3     503       6       6      28     133       8      18            21.12500             2.75000             2.18597             0.22298             1.63191             0.35110           843.20336             4.23713             1.48398       6       2
   10000       2       1       2       7       3     503       6       6      29     110       7      25            20.57143             2.71429             2.16111             0.22674             1.61566             0.34769           852.45701             4.36835             1.52931       3       6
   10000       2       1       2       7       3     503       6       6      30      94       6      18            21.00000             2.66667             2.24500             0.23134             1.63912             0.37337           812.60742             4.17550             1.58038       2       5
