   10000       2       1       2      12       4     514       6       6       0     514      36       0            21.69444             3.13889             2.30008             0.22645             1.65036             0.33603           860.60531             3.60649             2.37765       0       0
   10000       2       1       2      12       4     514       6       6       1     507      35      19            21.91429             3.14286             2.28529             0.22299             1.64670             0.33467           848.25741             3.61763             2.34780       1       3
   10000       2       1       2      12       4     514       6       6       2     491      34      23            22.08824             3.17647             2.31818             0.22431             1.63880             0.33144           843.48204             3.60791             2.33151       2       5
   10000       2       1       2      12       4     514       6       6       3     474      33      23            22.06061             3.12121             2.32043             0.22494             1.63672             0.32947           845.38269             3.59953             2.32302       4       3
   10000       2       1       2      12       4     514       6       6       4     458      32      20            22.15625             3.03125             2.31431             0.22352             1.63317             0.33415           842.18218             3.61475             2.33115       4       2
   10000       2       1       2      12       4     514       6       6       5     444      31      19            22.16129             3.19355             2.29703             0.22155             1.65323             0.33015           839.54033             3.63140             2.29974       3       2
   10000       2       1       2      12       4     514       6       6       6     433      30      23            22.00000             3.23333             2.29710             0.22375             1.65914             0.32597           840.86394             3.65136             2.25686       1       4
   10000       2       1       2      12       4     514       6       6       7     419      29      20            22.13793             3.20690             2.29353             0.22213             1.65521             0.33293           834.78848             3.62589             2.26949       4       4
   10000       2       1       2      12       4     514       6       6       8     404      28      22            22.03571             3.14286             2.28607             0.22324             1.65261             0.32328           849.24222             3.59870             2.21342       6       5
   10000       2       1       2      12       4     514       6       6       9     381      27      27            21.66667             3.18519             2.25937             0.22454             1.66030             0.31511           860.88294             3.60063             2.21290       3       3
   10000       2       1       2      12       4     514       6       6      10     365      26      22            21.50000             3.15385             2.25319             0.22635             1.65105             0.31273           876.39067             3.59302             2.17946       2       4
   10000       2       1       2      12       4     514       6       6      11     347      25      33            20.92000             3.16000             2.22860             0.22938             1.64322             0.30990           894.12958             3.62600             2.13054       3       5
   10000       2       1       2      12       4     514       6       6      12     335      24      26            20.50000             3.16667             2.22837             0.23348             1.64644             0.30245           899.97018             3.64768             2.01856       5       1
   10000       2       1       2      12       4     514       6       6      13     325      23      22            20.60870             3.21739             2.20483             0.22941             1.67176             0.29516           895.12323             3.62423             1.95539       6       3
   10000       2       1       2      12       4     514       6       6      14     317      22      18            20.59091             3.27273             2.21824             0.23193             1.69760             0.30229           913.71491             3.58087             1.87094       5       4
   10000       2       1       2      12       4     514       6       6      15     306      21      20            20.71429             3.28571             2.21878             0.23199             1.68649             0.30341           907.66346             3.59509             1.84399       3       1
   10000       2       1       2      12       4     514       6       6      16     288      20      30            20.20000             3.25000             2.20138             0.23454             1.67027             0.29917           923.10401             3.61024             1.81499       2       1
   10000       2       1       2      12       4     514       6       6      17     277      19      25            19.94737             3.26316             2.21518             0.23914             1.67487             0.30673           929.19894             3.65421             1.71323       5       6
   10000       2       1       2      12       4     514       6       6      18     265      18      22            19.88889             3.27778             2.22299             0.24239             1.69319             0.30909           937.45577             3.63802             1.65508       5       2
   10000       2       1       2      12       4     514       6       6      19     252      17      17            19.76471             3.23529             2.26201             0.24787             1.68943             0.31409           939.69147             3.62053             1.62151       5       5
   10000       2       1       2      12       4     514       6       6      20     236      16      26            19.12500             3.18750             2.24275             0.25498             1.66113             0.30938           975.64532             3.62232             1.56820       6       2
   10000       2       1       2      12       4     514       6       6      21     220      15      15            19.33333             3.20000             2.25854             0.25317             1.66500             0.31229           954.35275             3.60565             1.60825       6       4
   10000       2       1       2      12       4     514       6       6      22     210      14      22            18.78571             3.21429             2.24599             0.26181             1.66954             0.32868           989.24020             3.59568             1.46150       1       6
   10000       2       1       2      12       4     514       6       6      23     196      13      22            18.53846             3.30769             2.26002             0.26732             1.66805             0.32162           996.49725             3.63358             1.41122       1       1
   10000       2       1       2      12       4     514       6       6      24     185      12      24            18.25000             3.33333             2.20446             0.26521             1.64918             0.31746          1016.90881             3.64808             1.30868       4       6
   10000       2       1       2      12       4     514       6       6      25     172      11      12            18.63636             3.36364             2.23950             0.26054             1.65573             0.30671          1004.16093             3.57782             1.32687       5       3
   10000       2       1       2      12       4     514       6       6      26     152      10      23            17.90000             3.30000             2.21142             0.26894             1.60265             0.29419          1065.98303             3.55921             1.27935       2       3
   10000       2       1       2      12       4     514       6       6      27     136       9      18            17.88889             3.33333             2.21639             0.27050             1.59118             0.28113          1088.69780             3.49856             1.28493       4       5
   10000       2       1       2      12       4     514       6       6      28     121       8      20            17.00000             3.37500             2.17290             0.28113             1.61322             0.27647          1119.82198             3.57365             1.19434       3       6
   10000       2       1       2      12       4     514       6       6      29     105       7      16            17.14286             3.42857             2.20653             0.28438             1.64368             0.29692          1091.26507             3.51588             1.22210       6       6
   10000       2       1       2      12       4     514       6       6      30      93       6      13            17.83333             3.33333             2.26659             0.28050             1.59818             0.27696          1065.19821             3.53292             1.23481       6       1
