   10000       2       2       2       3       1     504       6       6       0     504      36       0            21.11111             2.88889             2.22961             0.22955             1.55904             0.32370           873.83773             3.92412             2.46365       0       0
   10000       2       2       2       3       1     504       6       6       1     487      35      25            21.77143             2.94286             2.29740             0.22923             1.57945             0.35053           836.34692             3.95919             2.52748       2       3
   10000       2       2       2       3       1     504       6       6       2     478      34      15            22.64706             2.97059             2.32856             0.22113             1.61671             0.36155           787.07364             3.92497             2.59874       4       4
   10000       2       2       2       3       1     504       6       6       3     466      33      25            23.12121             3.03030             2.33956             0.21767             1.63709             0.37058           771.17828             3.94606             2.60735       5       5
   10000       2       2       2       3       1     504       6       6       4     454      32      21            23.50000             2.93750             2.36138             0.21765             1.62002             0.38112           760.81273             3.96421             2.61716       6       6
   10000       2       2       2       3       1     504       6       6       5     439      31      15            23.45161             2.96774             2.33148             0.21374             1.63168             0.37925           754.13160             3.97908             2.59257       3       4
   10000       2       2       2       3       1     504       6       6       6     432      30      14            23.76667             2.96667             2.32847             0.20928             1.63968             0.37408           743.77584             3.94559             2.53169       2       4
   10000       2       2       2       3       1     504       6       6       7     420      29      26            23.82759             3.00000             2.32726             0.20859             1.63814             0.36213           737.96455             3.97959             2.50891       2       1
   10000       2       2       2       3       1     504       6       6       8     404      28      24            24.14286             3.00000             2.34277             0.20672             1.66086             0.36487           722.36510             4.00071             2.50052       4       2
   10000       2       2       2       3       1     504       6       6       9     388      27      30            23.88889             3.00000             2.32998             0.20801             1.67264             0.35384           722.79357             4.07326             2.42848       3       3
   10000       2       2       2       3       1     504       6       6      10     365      26      20            23.26923             3.07692             2.27864             0.20966             1.66114             0.32951           757.25543             4.06024             2.37041       5       3
   10000       2       2       2       3       1     504       6       6      11     356      25      20            23.24000             3.08000             2.28440             0.21073             1.66223             0.33525           766.85214             4.07292             2.30818       3       2
   10000       2       2       2       3       1     504       6       6      12     343      24      23            23.33333             3.04167             2.29690             0.21200             1.65080             0.33944           770.48728             4.09694             2.29836       4       1
   10000       2       2       2       3       1     504       6       6      13     333      23      19            23.47826             3.04348             2.27693             0.20832             1.65122             0.32938           766.74834             4.06237             2.28716       3       1
   10000       2       2       2       3       1     504       6       6      14     323      22      19            23.45455             2.90909             2.28486             0.20908             1.62209             0.32539           771.47517             4.03788             2.23415       2       2
   10000       2       2       2       3       1     504       6       6      15     315      21      31            23.04762             2.95238             2.29160             0.21306             1.63890             0.32211           777.64753             4.09730             2.13809       6       4
   10000       2       2       2       3       1     504       6       6      16     305      20      24            24.30000             3.05000             2.33861             0.20688             1.65279             0.33064           734.95029             4.12421             2.19737       3       6
   10000       2       2       2       3       1     504       6       6      17     299      19      18            24.84211             3.10526             2.35534             0.20380             1.68278             0.34116           717.04105             4.11914             2.15466       6       3
   10000       2       2       2       3       1     504       6       6      18     283      18      20            25.00000             3.11111             2.35041             0.20209             1.68472             0.34119           707.21839             4.10073             2.17986       5       4
   10000       2       2       2       3       1     504       6       6      19     267      17      21            25.23529             3.05882             2.36690             0.20150             1.68775             0.34768           699.35210             4.08791             2.21914       6       5
   10000       2       2       2       3       1     504       6       6      20     252      16      28            25.31250             3.00000             2.36986             0.20153             1.69046             0.32592           695.98569             4.14509             2.20848       6       1
   10000       2       2       2       3       1     504       6       6      21     237      15      38            24.53333             3.13333             2.40126             0.20912             1.71659             0.33790           710.63405             4.19495             2.06752       4       6
   10000       2       2       2       3       1     504       6       6      22     220      14      15            25.00000             3.00000             2.40755             0.20313             1.68897             0.35209           676.40017             4.18129             2.14765       4       3
   10000       2       2       2       3       1     504       6       6      23     217      13      23            25.38462             3.00000             2.41542             0.20034             1.73515             0.36784           677.83226             4.19111             1.99869       2       5
   10000       2       2       2       3       1     504       6       6      24     202      12      27            24.91667             3.08333             2.37695             0.20187             1.72588             0.35722           678.38074             4.25336             1.89947       2       6
   10000       2       2       2       3       1     504       6       6      25     181      11      31            24.09091             3.09091             2.34157             0.20561             1.71341             0.34789           679.33429             4.35315             1.87302       5       1
   10000       2       2       2       3       1     504       6       6      26     168      10      25            23.80000             3.20000             2.35046             0.20868             1.71771             0.35590           684.94146             4.43586             1.85199       5       2
   10000       2       2       2       3       1     504       6       6      27     148       9      22            24.00000             3.11111             2.35498             0.20750             1.70650             0.36471           682.05088             4.41764             1.92752       5       6
   10000       2       2       2       3       1     504       6       6      28     121       8      27            23.62500             3.00000             2.32991             0.20886             1.65539             0.34780           691.45977             4.49289             2.04346       6       2
   10000       2       2       2       3       1     504       6       6      29     106       7      27            23.42857             3.14286             2.26345             0.20365             1.68568             0.34492           686.90962             4.59116             2.05523       4       5
   10000       2       2       2       3       1     504       6       6      30      87       6      22            23.66667             3.00000             2.28463             0.20369             1.63329             0.32304           683.12205             4.62362             2.07886       3       5
