   10000       2       1       2       6       1     502       6       6       0     502      36       0            21.30556             2.97222             2.18550             0.22404             1.60095             0.31630           871.56841             3.81060             2.43201       0       0
   10000       2       1       2       6       1     502       6       6       1     495      35      17            21.62857             2.97143             2.19906             0.22185             1.60336             0.31747           860.77171             3.80609             2.41749       5       4
   10000       2       1       2       6       1     502       6       6       2     485      34      18            22.00000             2.97059             2.22189             0.22013             1.61089             0.32124           847.11325             3.80202             2.40421       5       1
   10000       2       1       2       6       1     502       6       6       3     472      33      22            21.93939             3.00000             2.21726             0.22100             1.61191             0.32235           857.15723             3.76464             2.36257       5       2
   10000       2       1       2       6       1     502       6       6       4     456      32      24            22.09375             2.90625             2.22526             0.22034             1.60015             0.33308           851.13852             3.76404             2.36207       5       5
   10000       2       1       2       6       1     502       6       6       5     437      31      24            22.03226             2.93548             2.21896             0.22175             1.61076             0.32622           861.19686             3.76094             2.37169       1       2
   10000       2       1       2       6       1     502       6       6       6     416      30      35            21.50000             2.96667             2.19288             0.22376             1.62390             0.31790           876.05089             3.77214             2.34283       2       1
   10000       2       1       2       6       1     502       6       6       7     394      29      33            21.24138             3.06897             2.16828             0.22183             1.63768             0.30719           868.81920             3.78610             2.30125       2       4
   10000       2       1       2       6       1     502       6       6       8     382      28      22            21.25000             3.03571             2.18780             0.22376             1.63756             0.31074           863.72602             3.80870             2.26867       2       2
   10000       2       1       2       6       1     502       6       6       9     377      27      12            21.44444             3.07407             2.22060             0.22234             1.62936             0.30873           853.88259             3.79665             2.18183       1       5
   10000       2       1       2       6       1     502       6       6      10     366      26      20            21.61538             3.19231             2.23164             0.22161             1.64129             0.30009           850.07396             3.79704             2.12009       4       3
   10000       2       1       2       6       1     502       6       6      11     353      25      20            21.52000             3.20000             2.21968             0.22148             1.65982             0.29905           859.21548             3.78464             2.08555       4       2
   10000       2       1       2       6       1     502       6       6      12     337      24      23            21.62500             3.25000             2.19840             0.21809             1.67769             0.29595           843.79125             3.81649             2.07988       5       6
   10000       2       1       2       6       1     502       6       6      13     322      23      20            21.43478             3.17391             2.17242             0.21789             1.65939             0.29020           855.65627             3.79224             2.04734       6       4
   10000       2       1       2       6       1     502       6       6      14     300      22      22            21.40909             3.22727             2.14300             0.21520             1.66716             0.29067           854.22660             3.82333             2.09494       1       1
   10000       2       1       2       6       1     502       6       6      15     287      21      23            21.23810             3.23810             2.13837             0.21668             1.68564             0.29614           859.81703             3.85278             2.03595       2       3
   10000       2       1       2       6       1     502       6       6      16     281      20      20            21.65000             3.20000             2.10085             0.21039             1.67965             0.29305           864.42863             3.84666             1.97103       3       4
   10000       2       1       2       6       1     502       6       6      17     262      19      22            21.42105             3.21053             2.11433             0.21478             1.64435             0.28587           873.72560             3.88617             1.98888       4       1
   10000       2       1       2       6       1     502       6       6      18     242      18      24            20.88889             3.16667             2.10321             0.21859             1.63494             0.27822           873.90754             3.97364             1.97634       5       3
   10000       2       1       2       6       1     502       6       6      19     229      17      24            21.00000             3.17647             2.10583             0.21948             1.63429             0.28590           874.36481             3.96439             1.94556       3       6
   10000       2       1       2       6       1     502       6       6      20     217      16      15            21.00000             3.12500             2.07751             0.21695             1.61830             0.27804           872.15379             3.99889             1.92555       6       1
   10000       2       1       2       6       1     502       6       6      21     208      15      18            20.73333             3.26667             2.11235             0.22035             1.64839             0.28448           886.97963             3.97342             1.80254       3       5
   10000       2       1       2       6       1     502       6       6      22     199      14      14            20.78571             3.14286             2.11109             0.22115             1.62203             0.28342           894.21932             4.00664             1.76097       1       3
   10000       2       1       2       6       1     502       6       6      23     182      13      20            20.30769             3.07692             2.08238             0.25188             1.60549             0.30600          1160.46920             4.04456             1.70594       6       3
   10000       2       1       2       6       1     502       6       6      24     169      12      29            19.25000             3.08333             1.99883             0.25732             1.58680             0.28358          1216.06130             4.10851             1.59392       2       6
   10000       2       1       2       6       1     502       6       6      25     152      11      26            18.00000             3.18182             1.91947             0.26761             1.63948             0.28006          1289.94218             4.19820             1.51650       6       6
   10000       2       1       2       6       1     502       6       6      26     141      10      12            18.50000             3.10000             1.94168             0.26445             1.57354             0.27301          1305.54631             4.18813             1.54077       1       4
   10000       2       1       2       6       1     502       6       6      27     127       9      14            19.00000             3.00000             1.96110             0.26388             1.51761             0.26916          1322.62388             4.20838             1.60085       6       5
   10000       2       1       2       6       1     502       6       6      28     106       8      22            18.62500             2.87500             1.96104             0.27344             1.50493             0.27804          1369.86548             4.25944             1.66266       2       5
   10000       2       1       2       6       1     502       6       6      29      88       7      18            18.71429             3.00000             1.94998             0.27845             1.50824             0.27843          1422.49064             4.33889             1.75732       1       6
   10000       2       1       2       6       1     502       6       6      30      84       6       4            21.16667             3.33333             2.10831             0.21374             1.59294             0.26928           874.42473             4.11984             1.88354       6       2
