   10000       2       2       2      12       3     503       6       6       0     503      36       0            22.55556             3.00000             2.29326             0.21934             1.68768             0.35119           834.45788             3.74064             2.54979       0       0
   10000       2       2       2      12       3     503       6       6       1     495      35      25            22.85714             3.02857             2.31661             0.21853             1.69153             0.34987           816.05750             3.74348             2.55140       1       5
   10000       2       2       2      12       3     503       6       6       2     475      34      12            22.91176             3.11765             2.33600             0.21869             1.68855             0.35275           815.69716             3.74706             2.59144       2       4
   10000       2       2       2      12       3     503       6       6       3     465      33      15            23.57576             3.21212             2.35534             0.21453             1.72828             0.36204           784.90807             3.77863             2.66517       4       3
   10000       2       2       2      12       3     503       6       6       4     442      32      28            23.28125             3.25000             2.34765             0.21626             1.74348             0.36891           794.18168             3.79512             2.66463       4       6
   10000       2       2       2      12       3     503       6       6       5     431      31      17            23.12903             3.29032             2.33593             0.21681             1.75222             0.36678           799.40373             3.81527             2.66531       1       6
   10000       2       2       2      12       3     503       6       6       6     424      30      17            23.50000             3.26667             2.33870             0.21389             1.74482             0.36634           790.20204             3.80959             2.62527       2       6
   10000       2       2       2      12       3     503       6       6       7     404      29      22            23.65517             3.24138             2.32989             0.21124             1.76026             0.37192           784.89060             3.81175             2.61727       3       4
   10000       2       2       2      12       3     503       6       6       8     391      28      26            23.75000             3.28571             2.35694             0.21192             1.78058             0.37675           774.96172             3.75287             2.56593       2       1
   10000       2       2       2      12       3     503       6       6       9     379      27      27            24.51852             3.33333             2.37639             0.20820             1.79589             0.37261           742.97544             3.74929             2.61158       5       2
   10000       2       2       2      12       3     503       6       6      10     370      26      23            24.46154             3.34615             2.34052             0.20612             1.80381             0.36201           742.85864             3.75893             2.53577       3       3
   10000       2       2       2      12       3     503       6       6      11     363      25      21            24.60000             3.32000             2.36365             0.20751             1.79776             0.35792           738.59963             3.77515             2.51089       6       6
   10000       2       2       2      12       3     503       6       6      12     343      24      39            24.29167             3.29167             2.35273             0.20908             1.78167             0.35621           738.78147             3.81471             2.50574       5       3
   10000       2       2       2      12       3     503       6       6      13     331      23      18            24.69565             3.26087             2.39915             0.20970             1.79005             0.39134           723.41515             3.80229             2.50381       4       4
   10000       2       2       2      12       3     503       6       6      14     312      22      32            24.45455             3.22727             2.40106             0.21166             1.79047             0.40776           725.29149             3.85543             2.46416       6       3
   10000       2       2       2      12       3     503       6       6      15     303      21      25            24.76190             3.19048             2.41233             0.21082             1.76093             0.40045           714.37224             3.91029             2.49134       6       4
   10000       2       2       2      12       3     503       6       6      16     292      20      26            24.70000             3.15000             2.38968             0.20991             1.78463             0.39557           717.77443             3.93712             2.45068       5       1
   10000       2       2       2      12       3     503       6       6      17     277      19      30            24.57895             3.10526             2.35619             0.20774             1.81235             0.38101           716.77682             3.93938             2.42791       3       1
   10000       2       2       2      12       3     503       6       6      18     265      18      23            24.44444             3.05556             2.35542             0.20877             1.79701             0.38636           711.67206             3.88921             2.33827       2       5
   10000       2       2       2      12       3     503       6       6      19     241      17      33            23.47059             3.05882             2.30011             0.21174             1.79845             0.37952           733.24945             3.91757             2.34735       5       5
   10000       2       2       2      12       3     503       6       6      20     228      16      25            23.25000             3.06250             2.28298             0.21256             1.80099             0.37608           742.28582             3.93968             2.29009       5       6
   10000       2       2       2      12       3     503       6       6      21     218      15      20            23.26667             3.00000             2.31231             0.21644             1.78228             0.39360           737.76294             4.02904             2.22855       2       3
   10000       2       2       2      12       3     503       6       6      22     205      14      23            23.00000             3.07143             2.30200             0.21852             1.79841             0.39414           743.19547             4.08077             2.22646       6       2
   10000       2       2       2      12       3     503       6       6      23     198      13      12            23.76923             3.15385             2.33234             0.20988             1.84549             0.39933           732.97906             4.02682             2.15860       1       1
   10000       2       2       2      12       3     503       6       6      24     189      12      19            23.91667             3.25000             2.28127             0.20427             1.84654             0.38324           744.75430             4.03791             2.07851       3       2
   10000       2       2       2      12       3     503       6       6      25     179      11      17            23.63636             3.09091             2.28128             0.21152             1.84710             0.41879           783.67289             4.03127             1.89234       1       2
   10000       2       2       2      12       3     503       6       6      26     162      10      30            22.90000             3.10000             2.23990             0.21630             1.84401             0.42511           821.17948             4.08486             1.80863       6       5
   10000       2       2       2      12       3     503       6       6      27     151       9      18            22.88889             3.11111             2.26888             0.21892             1.89943             0.43203           813.55797             4.07686             1.69150       1       3
   10000       2       2       2      12       3     503       6       6      28     140       8      26            22.00000             3.25000             2.24119             0.22566             1.95849             0.45364           856.28359             4.16905             1.56291       3       5
   10000       2       2       2      12       3     503       6       6      29     124       7      26            21.42857             3.28571             2.20033             0.22915             1.97542             0.44416           875.26749             4.19289             1.43924       4       5
   10000       2       2       2      12       3     503       6       6      30     104       6      31            19.33333             3.33333             2.11122             0.24147             1.99960             0.41608           935.47723             4.41192             1.28434       4       2
