   10000       2       1       2       6      10     503       6       6       0     503      36       0            22.55556             3.00000             2.29326             0.21934             1.68768             0.35119           834.45777             3.74064             2.54979       0       0
   10000       2       1       2       6      10     503       6       6       1     489      35      25            22.65714             3.00000             2.28538             0.21745             1.68245             0.35143           829.17297             3.75322             2.56171       5       4
   10000       2       1       2       6      10     503       6       6       2     476      34      26            22.50000             3.00000             2.29567             0.22162             1.68890             0.35776           844.46669             3.73291             2.50705       2       1
   10000       2       1       2       6      10     503       6       6       3     465      33      21            22.63636             2.90909             2.31184             0.21965             1.66280             0.36001           821.50283             3.71194             2.46154       1       3
   10000       2       1       2       6      10     503       6       6       4     454      32      27            22.50000             2.93750             2.29048             0.21921             1.65903             0.35367           828.80785             3.72087             2.41100       3       5
   10000       2       1       2       6      10     503       6       6       5     442      31      23            22.45161             2.93548             2.28921             0.21989             1.66306             0.36052           834.66079             3.72444             2.36315       4       1
   10000       2       1       2       6      10     503       6       6       6     439      30      14            22.86667             3.00000             2.31878             0.22047             1.69398             0.36571           838.10392             3.60740             2.25181       2       4
   10000       2       1       2       6      10     503       6       6       7     424      29      31            22.62069             2.96552             2.31741             0.22255             1.67181             0.36883           842.05287             3.63587             2.20152       6       3
   10000       2       1       2       6      10     503       6       6       8     407      28      24            22.78571             3.00000             2.35524             0.22359             1.66447             0.37450           831.90714             3.64234             2.21621       5       5
   10000       2       1       2       6      10     503       6       6       9     398      27      17            22.77778             3.03704             2.36153             0.22418             1.67418             0.37599           827.64979             3.65570             2.17022       1       6
   10000       2       1       2       6      10     503       6       6      10     386      26      19            23.00000             3.07692             2.33395             0.21779             1.68634             0.38002           813.86106             3.59422             2.15758       3       4
   10000       2       1       2       6      10     503       6       6      11     373      25      20            22.88000             3.04000             2.32177             0.22050             1.69444             0.38523           827.72454             3.57234             2.11748       2       3
   10000       2       1       2       6      10     503       6       6      12     361      24      27            22.87500             3.04167             2.29731             0.21955             1.70259             0.39256           823.35385             3.59690             2.03139       5       2
   10000       2       1       2       6      10     503       6       6      13     341      23      27            22.78261             3.04348             2.32265             0.22311             1.71393             0.38961           824.11906             3.60317             2.04787       3       6
   10000       2       1       2       6      10     503       6       6      14     330      22      25            22.31818             3.04545             2.29192             0.22629             1.71640             0.38617           856.66555             3.60598             1.97756       6       1
   10000       2       1       2       6      10     503       6       6      15     314      21      15            22.61905             3.04762             2.30932             0.22470             1.72146             0.38963           840.34056             3.61980             2.02594       6       2
   10000       2       1       2       6      10     503       6       6      16     303      20      21            22.40000             3.20000             2.26945             0.22746             1.75552             0.36987           895.49951             3.59871             1.92997       1       2
   10000       2       1       2       6      10     503       6       6      17     290      19      21            22.36842             3.15789             2.26237             0.22912             1.72504             0.36285           891.06035             3.63745             1.91406       4       2
   10000       2       1       2       6      10     503       6       6      18     286      18       9            23.00000             3.16667             2.31118             0.22058             1.73611             0.36220           854.30617             3.58524             1.84144       2       2
   10000       2       1       2       6      10     503       6       6      19     275      17      15            23.70588             3.17647             2.31679             0.21387             1.71041             0.34791           834.58236             3.63973             1.86151       2       6
   10000       2       1       2       6      10     503       6       6      20     257      16      30            23.06250             3.18750             2.28342             0.21758             1.71715             0.33896           864.40200             3.66499             1.80294       6       5
   10000       2       1       2       6      10     503       6       6      21     240      15      22            23.13333             3.13333             2.24918             0.21465             1.71099             0.33934           862.09362             3.71720             1.82293       6       4
   10000       2       1       2       6      10     503       6       6      22     216      14      32            22.07143             3.07143             2.19497             0.22017             1.70112             0.34014           896.13010             3.78711             1.78769       5       3
   10000       2       1       2       6      10     503       6       6      23     204      13      30            21.00000             3.07692             2.15309             0.22640             1.69942             0.32924           945.81534             3.81478             1.65262       1       5
   10000       2       1       2       6      10     503       6       6      24     191      12      28            20.33333             3.00000             2.14910             0.23268             1.65891             0.33925           983.33872             3.84823             1.53802       5       6
   10000       2       1       2       6      10     503       6       6      25     183      11       8            21.45455             3.09091             2.23084             0.22136             1.70582             0.34411           901.46019             3.65595             1.58694       1       1
   10000       2       1       2       6      10     503       6       6      26     165      10      19            21.70000             3.10000             2.24866             0.22069             1.68751             0.34519           891.73972             3.67987             1.63607       6       6
   10000       2       1       2       6      10     503       6       6      27     156       9      19            22.55556             3.11111             2.22183             0.21029             1.72488             0.33444           867.75850             3.70670             1.51686       4       3
   10000       2       1       2       6      10     503       6       6      28     140       8      18            23.00000             3.25000             2.28776             0.21238             1.78296             0.34233           843.20688             3.46937             1.54253       2       5
   10000       2       1       2       6      10     503       6       6      29     122       7      18            23.71429             3.28571             2.35095             0.21154             1.76035             0.36603           787.10425             3.41625             1.62004       1       4
   10000       2       1       2       6      10     503       6       6      30     107       6      15            25.16667             3.16667             2.44277             0.20394             1.73232             0.37942           708.67291             3.40517             1.72338       5       1
