   10000       2       2       1       1      11     487       6       6       0     487      36       0            20.66667             3.16667             2.25710             0.23799             1.67006             0.35268           950.26692             3.56068             2.38376       0       0
   10000       2       2       1       1      11     487       6       6       1     467      35      34            20.51429             3.22857             2.23951             0.23651             1.67376             0.35314           946.75505             3.57801             2.38002       2       1
   10000       2       2       1       1      11     487       6       6       2     451      34      31            21.41176             3.26471             2.26405             0.22984             1.70474             0.35355           903.89849             3.58170             2.49127       3       2
   10000       2       2       1       1      11     487       6       6       3     434      33      36            21.36364             3.21212             2.22926             0.22675             1.70141             0.36444           902.08230             3.62247             2.51797       4       2
   10000       2       2       1       1      11     487       6       6       4     418      32      32            21.59375             3.21875             2.23997             0.22552             1.68651             0.35150           882.63580             3.67167             2.59320       5       2
   10000       2       2       1       1      11     487       6       6       5     402      31      31            21.77419             3.22581             2.25531             0.22446             1.71052             0.36602           861.25763             3.69286             2.60115       6       3
   10000       2       2       1       1      11     487       6       6       6     396      30      28            21.50000             3.33333             2.23040             0.22502             1.73723             0.36439           870.71391             3.69842             2.50996       6       2
   10000       2       2       1       1      11     487       6       6       7     381      29      27            21.96552             3.24138             2.25788             0.22243             1.73973             0.37117           851.26963             3.69502             2.57002       3       3
   10000       2       2       1       1      11     487       6       6       8     367      28      27            22.17857             3.28571             2.26096             0.22155             1.76753             0.38060           850.24296             3.70237             2.61381       4       3
   10000       2       2       1       1      11     487       6       6       9     350      27      32            22.70370             3.22222             2.29021             0.21934             1.76832             0.38052           816.60754             3.71721             2.68495       4       4
   10000       2       2       1       1      11     487       6       6      10     345      26      31            22.88462             3.30769             2.26184             0.21624             1.80880             0.38282           819.56834             3.76215             2.68536       5       4
   10000       2       2       1       1      11     487       6       6      11     328      25      31            23.04000             3.44000             2.27379             0.21194             1.82863             0.36167           775.35827             3.77006             2.65292       6       5
   10000       2       2       1       1      11     487       6       6      12     315      24      32            23.04167             3.45833             2.32511             0.21620             1.82576             0.36844           771.99462             3.80549             2.61703       4       5
   10000       2       2       1       1      11     487       6       6      13     302      23      32            22.65217             3.47826             2.27925             0.21527             1.83156             0.37414           778.21197             3.82534             2.52252       5       5
   10000       2       2       1       1      11     487       6       6      14     285      22      31            21.95455             3.40909             2.26195             0.22094             1.82845             0.36716           794.79796             3.85591             2.48018       3       6
   10000       2       2       1       1      11     487       6       6      15     267      21      28            21.95238             3.42857             2.29099             0.22395             1.81441             0.38181           786.67561             3.85148             2.48912       3       5
   10000       2       2       1       1      11     487       6       6      16     250      20      29            21.70000             3.45000             2.29146             0.22639             1.84067             0.39073           792.00629             3.86789             2.46301       1       5
   10000       2       2       1       1      11     487       6       6      17     239      19      27            21.31579             3.52632             2.23427             0.22587             1.90874             0.37832           800.88445             3.86621             2.34894       2       3
   10000       2       2       1       1      11     487       6       6      18     226      18      31            21.11111             3.38889             2.28196             0.23172             1.86789             0.39383           792.18792             3.92694             2.23789       2       4
   10000       2       2       1       1      11     487       6       6      19     214      17      25            20.64706             3.41176             2.23554             0.23280             1.88516             0.39828           803.90289             3.95984             2.18630       5       1
   10000       2       2       1       1      11     487       6       6      20     207      16      26            20.12500             3.50000             2.24632             0.23963             1.90138             0.39349           826.97640             3.96199             2.04081       4       1
   10000       2       2       1       1      11     487       6       6      21     195      15      25            19.46667             3.60000             2.26644             0.25023             1.96250             0.39992           866.14749             4.00132             1.93724       1       4
   10000       2       2       1       1      11     487       6       6      22     186      14      27            18.64286             3.64286             2.25512             0.25885             1.99112             0.39245           896.03189             4.00126             1.77517       1       2
   10000       2       2       1       1      11     487       6       6      23     176      13      24            18.23077             3.61538             2.23804             0.26242             1.98597             0.39923           893.28206             4.02852             1.66127       6       4
   10000       2       2       1       1      11     487       6       6      24     162      12      23            17.41667             3.50000             2.24209             0.28224             1.93720             0.38278           953.27747             4.13317             1.57318       5       6
   10000       2       2       1       1      11     487       6       6      25     150      11      20            16.81818             3.54545             2.15757             0.28552             1.91620             0.39687           963.39945             4.21352             1.48443       2       5
   10000       2       2       1       1      11     487       6       6      26     133      10      20            16.50000             3.50000             2.15669             0.29107             1.89204             0.39972           974.87271             4.28701             1.47479       6       1
   10000       2       2       1       1      11     487       6       6      27     119       9      19            16.22222             3.44444             2.12731             0.29352             1.88621             0.40710           978.82385             4.25837             1.44868       1       1
   10000       2       2       1       1      11     487       6       6      28     105       8      18            15.87500             3.37500             2.12388             0.30027             1.88827             0.40809          1020.41242             4.30268             1.41397       3       4
   10000       2       2       1       1      11     487       6       6      29      91       7      18            15.57143             3.42857             2.10190             0.30489             1.87231             0.40756          1007.39376             4.37558             1.38459       1       3
   10000       2       2       1       1      11     487       6       6      30      79       6      18            14.83333             3.66667             2.00281             0.30891             1.94648             0.37564          1055.01202             4.38093             1.28137       1       6
   10000       2       2       1       1      11     487       6       6      31      68       5      18            14.20000             3.60000             1.88115             0.30925             1.92401             0.33312          1096.69877             4.37991             1.07686       4       6
   10000       2       2       1       1      11     487       6       6      32      52       4      18            13.25000             3.50000             1.82366             0.32447             1.86090             0.31346          1175.18616             4.44080             1.03333       3       1
   10000       2       2       1       1      11     487       6       6      33      37       3      16            12.33333             3.33333             1.86905             0.35763             1.83675             0.35128          1188.22348             4.71906             1.00000       5       3
   10000       2       2       1       1      11     487       6       6      34      21       2      16            10.50000             3.00000             1.67857             0.38645             1.78846             0.32692          1319.25112             5.04634             1.00000       2       2
   10000       2       2       1       1      11     487       6       6      35       7       1      14             7.00000             2.00000             1.42857             0.47619             1.50000             0.50000          1741.48126             5.50936             1.00000       2       6
   10000       2       2       1       1      11     487       6       6      36       0       0       7             0.00000            72.00000             0.00000             0.00000             0.00000             0.00000             0.00000             0.00000             0.00000       6       6
