   10000       2       1       1       1      11     523       6       6       0     523      36       0            22.19444             3.02778             2.32437             0.22473             1.62973             0.34372           814.90620             3.76329             2.41033       0       0
   10000       2       1       1       1      11     523       6       6       1     507      35      31            22.11429             3.00000             2.31405             0.22461             1.63510             0.34525           816.20181             3.76526             2.38373       2       5
   10000       2       1       1       1      11     523       6       6       2     492      34      30            21.94118             2.91176             2.32710             0.22652             1.61304             0.35738           817.50860             3.76551             2.31930       5       1
   10000       2       1       1       1      11     523       6       6       3     476      33      28            21.84848             2.96970             2.29302             0.22398             1.61743             0.35779           818.73526             3.77511             2.29443       3       4
   10000       2       1       1       1      11     523       6       6       4     456      32      28            21.87500             2.96875             2.31312             0.22573             1.62560             0.35106           815.78606             3.78409             2.27772       2       3
   10000       2       1       1       1      11     523       6       6       5     442      31      30            21.51613             3.00000             2.29881             0.22764             1.64094             0.34203           831.27021             3.78710             2.23986       1       4
   10000       2       1       1       1      11     523       6       6       6     425      30      28            21.50000             2.96667             2.26203             0.22429             1.64132             0.34727           827.36332             3.79782             2.23167       5       4
   10000       2       1       1       1      11     523       6       6       7     413      29      27            21.20690             3.00000             2.26922             0.22841             1.64605             0.34429           834.14413             3.79379             2.14782       5       5
   10000       2       1       1       1      11     523       6       6       8     400      28      26            21.14286             3.03571             2.26600             0.22935             1.62761             0.33124           846.90814             3.77127             2.14524       1       6
   10000       2       1       1       1      11     523       6       6       9     388      27      29            21.00000             3.03704             2.25962             0.23067             1.62678             0.32028           851.34475             3.77224             2.07337       4       3
   10000       2       1       1       1      11     523       6       6      10     354      26      27            20.73077             3.00000             2.25103             0.23207             1.61368             0.31429           861.22307             3.77284             2.13244       6       3
   10000       2       1       1       1      11     523       6       6      11     342      25      28            20.04000             3.00000             2.24731             0.23921             1.62079             0.30704           894.60810             3.74396             2.02721       5       2
   10000       2       1       1       1      11     523       6       6      12     326      24      26            20.08333             3.04167             2.21759             0.23632             1.62273             0.29736           895.06586             3.76442             2.00170       2       1
   10000       2       1       1       1      11     523       6       6      13     316      23      27            19.69565             3.00000             2.22923             0.24186             1.61968             0.28462           913.22845             3.79081             1.92696       1       2
   10000       2       1       1       1      11     523       6       6      14     306      22      30            18.72727             2.90909             2.21662             0.25462             1.61479             0.29517           965.17709             3.82793             1.73633       3       2
   10000       2       1       1       1      11     523       6       6      15     294      21      24            18.19048             2.90476             2.18420             0.25922             1.59896             0.29753          1007.42588             3.83162             1.59328       3       6
   10000       2       1       1       1      11     523       6       6      16     290      20      23            17.85000             3.00000             2.15593             0.26052             1.63658             0.28627          1036.93646             3.77617             1.45217       4       5
   10000       2       1       1       1      11     523       6       6      17     279      19      22            17.36842             3.05263             2.13056             0.26758             1.64527             0.26312          1086.57216             3.75413             1.34914       4       1
   10000       2       1       1       1      11     523       6       6      18     260      18      21            16.83333             3.05556             2.15142             0.27965             1.65170             0.26728          1124.86569             3.78535             1.32004       6       4
   10000       2       1       1       1      11     523       6       6      19     247      17      22            16.35294             3.05882             2.08944             0.28210             1.67042             0.26842          1160.66206             3.81010             1.22233       6       6
   10000       2       1       1       1      11     523       6       6      20     233      16      21            15.81250             3.06250             2.07626             0.28945             1.66490             0.26071          1205.13320             3.77459             1.16018       4       6
   10000       2       1       1       1      11     523       6       6      21     219      15      20            15.13333             3.06667             2.03549             0.29720             1.65729             0.25025          1261.13032             3.80531             1.08212       6       1
   10000       2       1       1       1      11     523       6       6      22     201      14      20            14.78571             3.00000             2.04159             0.30376             1.64033             0.25685          1293.36561             3.79535             1.06163       1       5
   10000       2       1       1       1      11     523       6       6      23     184      13      19            14.46154             3.00000             1.99621             0.30464             1.63830             0.24669          1304.46515             3.85162             1.04928       1       3
   10000       2       1       1       1      11     523       6       6      24     166      12      19            14.08333             3.00000             1.97397             0.30907             1.62668             0.23947          1338.04881             3.87658             1.04234       5       3
   10000       2       1       1       1      11     523       6       6      25     147      11      19            13.63636             2.90909             1.96681             0.31643             1.58769             0.24609          1375.65390             3.90299             1.04619       2       4
   10000       2       1       1       1      11     523       6       6      26     129      10      18            13.20000             2.90000             1.92461             0.31997             1.57587             0.24129          1375.57688             3.98460             1.05081       1       1
   10000       2       1       1       1      11     523       6       6      27     112       9      17            12.66667             2.88889             1.90069             0.33105             1.60282             0.25190          1437.74471             3.91095             1.04180       4       4
   10000       2       1       1       1      11     523       6       6      28      96       8      16            12.25000             3.00000             1.85702             0.33493             1.62817             0.24172          1460.89286             3.97528             1.04702       2       2
   10000       2       1       1       1      11     523       6       6      29      83       7      14            12.00000             2.85714             1.82640             0.33725             1.58604             0.26526          1526.08984             3.94081             1.02489       4       2
   10000       2       1       1       1      11     523       6       6      30      71       6      13            11.83333             2.83333             1.81028             0.34004             1.54482             0.25391          1580.34464             3.85652             1.00000       5       6
   10000       2       1       1       1      11     523       6       6      31      58       5      13            11.60000             3.00000             1.77234             0.34138             1.58712             0.27136          1607.34064             3.89285             1.00000       6       2
   10000       2       1       1       1      11     523       6       6      32      45       4      13            11.25000             3.00000             1.79235             0.35622             1.52557             0.25587          1682.57526             3.40717             1.00000       3       5
   10000       2       1       1       1      11     523       6       6      33      32       3      13            10.66667             3.00000             1.77441             0.37239             1.53409             0.28561          1746.08975             3.45629             1.00000       3       3
   10000       2       1       1       1      11     523       6       6      34      20       2      12            10.00000             3.00000             1.66162             0.37677             1.43750             0.33750          1847.07336             3.70003             1.00000       6       5
   10000       2       1       1       1      11     523       6       6      35       9       1      11             9.00000             3.00000             1.77778             0.44444             1.37500             0.37500          1979.00049             3.45347             1.00000       2       6
   10000       2       1       1       1      11     523       6       6      36       0       0       9             0.00000             0.00000             0.00000             0.00000             0.00000             0.00000             0.00000             0.00000             0.00000       3       1
