   10000       2       2       2       7       8     509       6       6       0     509      36       0            22.55556             2.97222             2.25679             0.22020             1.60747             0.37073           901.40119             3.36120             2.56709       0       0
   10000       2       2       2       7       8     509       6       6       1     494      35      19            22.82857             3.00000             2.30498             0.21808             1.62287             0.38383           853.97859             3.36982             2.56636       4       4
   10000       2       2       2       7       8     509       6       6       2     480      34      28            23.02941             3.02941             2.30178             0.21621             1.65066             0.38796           844.62473             3.39089             2.60509       4       5
   10000       2       2       2       7       8     509       6       6       3     456      33      28            23.57576             2.96970             2.30460             0.21153             1.62761             0.39711           829.58889             3.39775             2.73202       5       3
   10000       2       2       2       7       8     509       6       6       4     444      32      17            23.81250             3.03125             2.31144             0.20941             1.65688             0.40236           809.14437             3.41045             2.76520       1       6
   10000       2       2       2       7       8     509       6       6       5     432      31      27            23.67742             3.00000             2.27987             0.20848             1.66734             0.40233           809.97638             3.41517             2.74633       4       6
   10000       2       2       2       7       8     509       6       6       6     427      30      18            24.16667             3.10000             2.32827             0.20783             1.67588             0.40591           800.45150             3.36749             2.65823       3       2
   10000       2       2       2       7       8     509       6       6       7     409      29      18            24.27586             3.03448             2.32805             0.20540             1.68173             0.39436           789.20616             3.36487             2.66956       4       1
   10000       2       2       2       7       8     509       6       6       8     397      28      27            24.28571             3.00000             2.31239             0.20409             1.69293             0.39387           788.52637             3.36014             2.66822       2       1
   10000       2       2       2       7       8     509       6       6       9     385      27      25            25.00000             3.00000             2.33158             0.20094             1.71010             0.40934           766.08628             3.37674             2.74783       2       3
   10000       2       2       2       7       8     509       6       6      10     373      26      30            24.80769             3.03846             2.33142             0.20319             1.73997             0.42137           767.73860             3.40202             2.69884       4       2
   10000       2       2       2       7       8     509       6       6      11     359      25      22            24.68000             3.00000             2.31615             0.20375             1.74331             0.41653           777.95070             3.42457             2.68822       1       3
   10000       2       2       2       7       8     509       6       6      12     348      24      26            24.79167             3.08333             2.36544             0.20677             1.74019             0.41076           778.67031             3.43505             2.68134       3       6
   10000       2       2       2       7       8     509       6       6      13     339      23      34            25.69565             3.08696             2.40557             0.20380             1.75130             0.41796           748.37021             3.46152             2.70252       2       5
   10000       2       2       2       7       8     509       6       6      14     326      22      28            26.31818             3.18182             2.42081             0.20104             1.79682             0.41781           734.02131             3.46242             2.72694       6       4
   10000       2       2       2       7       8     509       6       6      15     308      21      29            26.57143             3.19048             2.45498             0.20182             1.82231             0.43351           727.50078             3.48880             2.76811       6       2
   10000       2       2       2       7       8     509       6       6      16     293      20      32            26.30000             3.20000             2.42814             0.20222             1.83941             0.42752           740.15893             3.46781             2.70244       6       3
   10000       2       2       2       7       8     509       6       6      17     287      19      21            26.89474             3.15789             2.45235             0.20044             1.82543             0.41095           734.85189             3.46854             2.58302       4       3
   10000       2       2       2       7       8     509       6       6      18     281      18      26            27.11111             3.11111             2.43771             0.19733             1.81819             0.40724           726.10635             3.44837             2.43366       2       2
   10000       2       2       2       7       8     509       6       6      19     268      17      35            26.58824             3.17647             2.42403             0.20064             1.82965             0.41345           737.82344             3.45253             2.31363       3       5
   10000       2       2       2       7       8     509       6       6      20     259      16      24            27.06250             3.12500             2.43169             0.19799             1.82580             0.41143           733.87640             3.43523             2.24466       6       5
   10000       2       2       2       7       8     509       6       6      21     248      15      19            27.60000             3.13333             2.45751             0.19552             1.84345             0.40915           734.54769             3.39155             2.22334       5       2
   10000       2       2       2       7       8     509       6       6      22     234      14      25            26.78571             3.00000             2.42705             0.19889             1.85398             0.40148           743.28483             3.45058             2.10994       1       4
   10000       2       2       2       7       8     509       6       6      23     217      13      23            26.46154             3.07692             2.40481             0.20003             1.84497             0.40412           754.15529             3.48390             2.10587       6       6
   10000       2       2       2       7       8     509       6       6      24     197      12      28            26.25000             3.08333             2.36937             0.20004             1.85300             0.40482           748.33960             3.53795             2.09881       1       5
   10000       2       2       2       7       8     509       6       6      25     171      11      35            25.45455             3.09091             2.33768             0.20366             1.82627             0.39616           760.38353             3.58438             2.11113       2       6
   10000       2       2       2       7       8     509       6       6      26     156      10      31            24.80000             3.10000             2.33110             0.20907             1.85509             0.41868           759.25345             3.63604             2.07990       5       1
   10000       2       2       2       7       8     509       6       6      27     150       9      13            26.11111             3.11111             2.36789             0.19526             1.84825             0.42816           699.49687             3.56208             2.02285       3       1
   10000       2       2       2       7       8     509       6       6      28     139       8      33            26.50000             3.12500             2.37981             0.19449             1.86276             0.45811           679.87363             3.58380             1.91165       5       4
   10000       2       2       2       7       8     509       6       6      29     123       7      22            27.14286             3.14286             2.37319             0.18953             1.87037             0.44192           644.55682             3.59658             1.94596       6       1
   10000       2       2       2       7       8     509       6       6      30     106       6      33            26.00000             3.50000             2.29546             0.19128             1.88630             0.44741           647.88915             3.70171             1.79609       2       4
