   10000       2       1       2      10       8     465       6       6       0     465      36       0            20.86111             3.02778             2.26933             0.23432             1.65535             0.34821           866.06190             3.76657             2.53990       0       0
   10000       2       1       2      10       8     465       6       6       1     455      35      19            21.00000             3.08571             2.27876             0.23364             1.66910             0.34867           853.18326             3.76700             2.51650       2       5
   10000       2       1       2      10       8     465       6       6       2     440      34      28            20.70588             3.02941             2.27449             0.23538             1.66889             0.34275           860.50637             3.76952             2.45560       3       6
   10000       2       1       2      10       8     465       6       6       3     430      33      19            20.93939             3.03030             2.28470             0.23447             1.67114             0.34122           856.92534             3.76485             2.44219       1       2
   10000       2       1       2      10       8     465       6       6       4     420      32      19            20.90625             3.00000             2.29976             0.23641             1.65597             0.34910           859.51262             3.76684             2.38299       6       2
   10000       2       1       2      10       8     465       6       6       5     414      31      23            20.77419             3.00000             2.26883             0.23565             1.64516             0.35056           865.17234             3.77388             2.32019       2       1
   10000       2       1       2      10       8     465       6       6       6     401      30      20            20.70000             2.96667             2.27289             0.23725             1.63439             0.35141           867.79148             3.76920             2.29221       3       1
   10000       2       1       2      10       8     465       6       6       7     391      29      16            20.75862             3.00000             2.27002             0.23464             1.64450             0.35215           863.49424             3.77303             2.24072       5       4
   10000       2       1       2      10       8     465       6       6       8     380      28      24            20.60714             2.96429             2.26798             0.23570             1.63411             0.33636           871.88417             3.76222             2.16530       5       2
   10000       2       1       2      10       8     465       6       6       9     375      27      16            20.66667             2.96296             2.26094             0.23411             1.62132             0.32883           877.61183             3.77525             2.10845       6       6
   10000       2       1       2      10       8     465       6       6      10     363      26      27            20.92308             2.96154             2.23921             0.22989             1.61567             0.32954           867.39249             3.80808             2.08884       2       3
   10000       2       1       2      10       8     465       6       6      11     353      25      23            21.20000             3.00000             2.25815             0.22967             1.62333             0.32723           857.42978             3.79971             2.02372       3       4
   10000       2       1       2      10       8     465       6       6      12     345      24      13            21.91667             3.08333             2.29487             0.22533             1.65196             0.33662           810.73890             3.77457             2.02917       4       2
   10000       2       1       2      10       8     465       6       6      13     329      23      19            21.69565             3.08696             2.26866             0.22602             1.65677             0.33749           817.33548             3.77545             2.01572       3       5
   10000       2       1       2      10       8     465       6       6      14     315      22      18            21.95455             3.04545             2.29717             0.22467             1.66147             0.34143           791.12385             3.76471             2.00854       5       6
   10000       2       1       2      10       8     465       6       6      15     298      21      30            21.23810             3.14286             2.21676             0.22583             1.67787             0.30190           827.16402             3.72325             1.95104       5       1
   10000       2       1       2      10       8     465       6       6      16     290      20      19            21.20000             3.20000             2.21342             0.22721             1.68031             0.30565           833.32789             3.74408             1.86360       6       3
   10000       2       1       2      10       8     465       6       6      17     283      19      20            21.31579             3.21053             2.21758             0.22696             1.71660             0.29938           844.67783             3.70059             1.79240       4       5
   10000       2       1       2      10       8     465       6       6      18     262      18      22            21.22222             3.22222             2.21581             0.22866             1.72467             0.31204           863.41337             3.66768             1.82324       4       6
   10000       2       1       2      10       8     465       6       6      19     250      17      33            20.29412             3.23529             2.20058             0.23689             1.74742             0.30806           895.36343             3.70636             1.68055       1       4
   10000       2       1       2      10       8     465       6       6      20     232      16      24            19.75000             3.37500             2.16368             0.24025             1.76707             0.30512           920.48163             3.71578             1.65482       5       5
   10000       2       1       2      10       8     465       6       6      21     217      15      21            19.33333             3.33333             2.12242             0.24342             1.75669             0.29387           972.70921             3.70655             1.61598       6       4
   10000       2       1       2      10       8     465       6       6      22     213      14      20            18.92857             3.50000             2.13649             0.25337             1.80350             0.28962          1003.12514             3.72947             1.47398       1       6
   10000       2       1       2      10       8     465       6       6      23     199      13      20            18.61538             3.46154             2.09063             0.25128             1.80606             0.27568          1013.44439             3.73115             1.40977       4       4
   10000       2       1       2      10       8     465       6       6      24     188      12      13            19.00000             3.50000             2.08444             0.24415             1.78222             0.26863          1000.22019             3.72800             1.41070       4       1
   10000       2       1       2      10       8     465       6       6      25     174      11      25            18.00000             3.54545             2.02220             0.25306             1.81114             0.25960          1070.68086             3.70471             1.25262       3       2
   10000       2       1       2      10       8     465       6       6      26     156      10      18            18.00000             3.50000             2.01678             0.25364             1.76981             0.27302          1099.33056             3.64134             1.27789       6       1
   10000       2       1       2      10       8     465       6       6      27     141       9      29            16.55556             3.55556             2.00338             0.26807             1.73413             0.25825          1174.10590             3.64088             1.11922       4       3
   10000       2       1       2      10       8     465       6       6      28     125       8      20            16.12500             3.50000             1.99755             0.27460             1.71405             0.25764          1221.42611             3.65204             1.05816       3       3
   10000       2       1       2      10       8     465       6       6      29     113       7      12            16.71429             3.57143             2.03292             0.26837             1.71216             0.24250          1145.19582             3.65890             1.06647       6       5
   10000       2       1       2      10       8     465       6       6      30      98       6      15            17.00000             3.33333             2.08285             0.27183             1.67610             0.27101          1096.46839             3.71795             1.07754       5       3
