   10000       2       2       2       9       5     535       6       6       0     535      36       0            22.11111             3.11111             2.31878             0.22761             1.62375             0.35631           910.11748             3.38373             2.28553       0       0
   10000       2       2       2       9       5     535       6       6       1     524      35      24            22.28571             3.08571             2.36579             0.23010             1.62978             0.36210           903.03707             3.39650             2.30650       5       1
   10000       2       2       2       9       5     535       6       6       2     501      34      24            22.94118             3.02941             2.37904             0.22550             1.64278             0.37588           875.27464             3.39789             2.40476       3       5
   10000       2       2       2       9       5     535       6       6       3     484      33      26            23.21212             3.00000             2.38642             0.22383             1.65364             0.38633           868.76783             3.38464             2.42051       6       3
   10000       2       2       2       9       5     535       6       6       4     464      32      29            23.43750             3.03125             2.36524             0.22082             1.68448             0.38079           860.00516             3.40979             2.43338       3       4
   10000       2       2       2       9       5     535       6       6       5     449      31      27            23.87097             3.09677             2.37392             0.21754             1.72142             0.39448           843.21273             3.42982             2.48369       6       5
   10000       2       2       2       9       5     535       6       6       6     437      30      10            24.26667             3.20000             2.40958             0.21246             1.73404             0.39149           795.81886             3.45208             2.51064       1       3
   10000       2       2       2       9       5     535       6       6       7     425      29      23            24.65517             3.17241             2.41978             0.20931             1.75232             0.41791           768.77112             3.47887             2.50434       2       1
   10000       2       2       2       9       5     535       6       6       8     412      28      23            25.32143             3.21429             2.44466             0.20672             1.76355             0.42015           755.05044             3.47304             2.52412       4       6
   10000       2       2       2       9       5     535       6       6       9     401      27      21            25.29630             3.29630             2.43194             0.20618             1.77740             0.42276           747.98902             3.48533             2.49524       6       4
   10000       2       2       2       9       5     535       6       6      10     382      26      27            25.34615             3.23077             2.44932             0.20836             1.76763             0.42180           744.45023             3.52596             2.52274       2       3
   10000       2       2       2       9       5     535       6       6      11     366      25      30            25.84000             3.20000             2.45218             0.20482             1.78377             0.41972           728.75850             3.54304             2.51390       4       3
   10000       2       2       2       9       5     535       6       6      12     362      24      25            26.54167             3.29167             2.43529             0.19705             1.80861             0.41171           690.46251             3.52860             2.47044       2       5
   10000       2       2       2       9       5     535       6       6      13     348      23      25            26.78261             3.21739             2.42531             0.19368             1.81504             0.41766           666.77118             3.54885             2.47268       1       5
   10000       2       2       2       9       5     535       6       6      14     337      22      20            26.63636             3.27273             2.42025             0.19433             1.83755             0.41724           669.35521             3.55692             2.44271       4       1
   10000       2       2       2       9       5     535       6       6      15     324      21      32            26.23810             3.23810             2.42705             0.19735             1.83830             0.43389           675.92485             3.57826             2.37828       4       5
   10000       2       2       2       9       5     535       6       6      16     312      20      25            25.90000             3.25000             2.40160             0.19721             1.84741             0.42548           683.64870             3.57480             2.31810       3       6
   10000       2       2       2       9       5     535       6       6      17     298      19      25            26.36842             3.31579             2.40987             0.19569             1.88220             0.42643           683.06011             3.57347             2.27875       4       2
   10000       2       2       2       9       5     535       6       6      18     284      18      23            25.88889             3.33333             2.38064             0.19705             1.91196             0.42987           698.18000             3.58256             2.24681       1       4
   10000       2       2       2       9       5     535       6       6      19     279      17      20            26.17647             3.35294             2.42045             0.19766             1.89525             0.44695           689.81095             3.54824             2.17617       2       4
   10000       2       2       2       9       5     535       6       6      20     266      16      27            26.12500             3.18750             2.38934             0.19567             1.90165             0.42237           699.75487             3.53288             2.06450       5       2
   10000       2       2       2       9       5     535       6       6      21     256      15      26            26.13333             3.26667             2.36996             0.19709             1.91345             0.40669           713.84911             3.55631             1.96491       1       2
   10000       2       2       2       9       5     535       6       6      22     244      14      21            26.64286             3.28571             2.36637             0.19112             1.92168             0.40570           675.32219             3.57240             1.94202       3       1
   10000       2       2       2       9       5     535       6       6      23     230      13      33            26.23077             3.30769             2.38800             0.19599             1.92292             0.38027           683.45035             3.61041             1.85128       5       6
   10000       2       2       2       9       5     535       6       6      24     205      12      36            24.50000             3.41667             2.35550             0.20890             1.89295             0.39181           724.87102             3.68109             1.73263       3       2
   10000       2       2       2       9       5     535       6       6      25     186      11      31            23.36364             3.54545             2.31556             0.21792             1.93868             0.37039           754.99075             3.69525             1.66970       6       2
   10000       2       2       2       9       5     535       6       6      26     176      10      14            24.30000             3.50000             2.35783             0.21088             1.92395             0.38715           748.57441             3.62360             1.67112       6       1
   10000       2       2       2       9       5     535       6       6      27     157       9      28            23.55556             3.44444             2.32880             0.21845             1.89444             0.38824           784.92602             3.65211             1.61927       2       6
   10000       2       2       2       9       5     535       6       6      28     144       8      34            22.12500             3.62500             2.30155             0.22802             1.95930             0.41344           812.69538             3.69559             1.40868       5       4
   10000       2       2       2       9       5     535       6       6      29     128       7      15            23.00000             3.71429             2.35511             0.22297             2.00049             0.41437           820.50023             3.53776             1.47040       1       6
   10000       2       2       2       9       5     535       6       6      30     105       6      30            21.83333             3.83333             2.31227             0.22991             1.98908             0.40872           857.12488             3.51045             1.44897       5       3
