   10000       2       2       2      10       8     502       6       6       0     502      36       0            21.30556             2.97222             2.18550             0.22404             1.60095             0.31630           871.56841             3.81060             2.43201       0       0
   10000       2       2       2      10       8     502       6       6       1     486      35      16            21.97143             3.00000             2.21242             0.22005             1.63400             0.32340           854.41151             3.77829             2.52284       3       5
   10000       2       2       2      10       8     502       6       6       2     473      34      20            22.29412             3.00000             2.23366             0.21810             1.64016             0.33860           840.03154             3.78738             2.54750       6       5
   10000       2       2       2      10       8     502       6       6       3     457      33      22            22.48485             3.00000             2.23276             0.21627             1.65190             0.33674           834.32060             3.79010             2.58838       4       1
   10000       2       2       2      10       8     502       6       6       4     434      32      34            22.53125             3.03125             2.23751             0.21584             1.66528             0.33238           824.51526             3.82151             2.63835       2       1
   10000       2       2       2      10       8     502       6       6       5     419      31      23            22.48387             3.03226             2.21772             0.21299             1.66871             0.34931           821.49659             3.83691             2.63191       1       6
   10000       2       2       2      10       8     502       6       6       6     403      30      25            22.70000             3.13333             2.28965             0.21965             1.71540             0.38001           812.22765             3.86517             2.65309       5       2
   10000       2       2       2      10       8     502       6       6       7     393      29      19            22.82759             3.10345             2.30657             0.22072             1.70794             0.37710           815.54658             3.88781             2.59041       4       2
   10000       2       2       2      10       8     502       6       6       8     374      28      28            22.92857             3.14286             2.28598             0.21781             1.70829             0.36652           810.68306             3.87926             2.62413       6       6
   10000       2       2       2      10       8     502       6       6       9     361      27      18            23.55556             3.14815             2.34333             0.21845             1.74192             0.36864           773.30693             3.92195             2.69796       4       4
   10000       2       2       2      10       8     502       6       6      10     346      26      29            23.76923             3.15385             2.35425             0.21794             1.74913             0.37083           760.71773             3.95773             2.75899       2       5
   10000       2       2       2      10       8     502       6       6      11     334      25      27            23.72000             3.16000             2.34640             0.21926             1.74523             0.36274           753.20108             3.99545             2.68275       3       3
   10000       2       2       2      10       8     502       6       6      12     322      24      22            24.08333             3.16667             2.33926             0.21494             1.75590             0.37371           737.85681             4.01004             2.69582       6       4
   10000       2       2       2      10       8     502       6       6      13     315      23      16            24.30435             3.17391             2.32359             0.21093             1.74299             0.37085           749.12014             3.94653             2.60585       4       5
   10000       2       2       2      10       8     502       6       6      14     307      22      23            24.50000             3.13636             2.33149             0.20929             1.73905             0.36917           751.52714             3.93140             2.58668       5       1
   10000       2       2       2      10       8     502       6       6      15     284      21      28            23.42857             3.04762             2.31222             0.21566             1.71512             0.35461           777.45132             4.03567             2.50556       3       2
   10000       2       2       2      10       8     502       6       6      16     272      20      31            23.10000             3.05000             2.33594             0.22093             1.73356             0.37629           785.76767             4.06636             2.44794       3       6
   10000       2       2       2      10       8     502       6       6      17     268      19      16            23.42105             3.05263             2.35618             0.21718             1.72535             0.37137           782.93966             4.03760             2.31256       3       4
   10000       2       2       2      10       8     502       6       6      18     258      18      23            23.55556             3.05556             2.38786             0.21869             1.73448             0.37350           778.32692             4.01305             2.26284       5       4
   10000       2       2       2      10       8     502       6       6      19     248      17      17            23.58824             3.05882             2.39182             0.21639             1.73269             0.38205           766.44089             4.01056             2.21273       4       3
   10000       2       2       2      10       8     502       6       6      20     238      16      25            24.00000             3.06250             2.38992             0.21251             1.75270             0.38641           745.45713             4.06987             2.14930       2       3
   10000       2       2       2      10       8     502       6       6      21     225      15      23            23.93333             3.06667             2.38105             0.21395             1.77368             0.38567           738.04996             4.09367             2.11970       6       1
   10000       2       2       2      10       8     502       6       6      22     218      14      15            24.57143             3.00000             2.45062             0.21353             1.74340             0.40161           731.92427             4.08585             2.08342       6       2
   10000       2       2       2      10       8     502       6       6      23     206      13      23            24.53846             3.07692             2.42815             0.21131             1.77862             0.39117           731.07242             4.10776             2.04832       5       5
   10000       2       2       2      10       8     502       6       6      24     195      12      22            24.16667             3.16667             2.41461             0.21309             1.79192             0.40353           765.48303             4.04973             1.97302       4       6
   10000       2       2       2      10       8     502       6       6      25     183      11      26            23.81818             3.27273             2.36997             0.21263             1.81391             0.38842           794.03844             4.03189             1.94191       6       3
   10000       2       2       2      10       8     502       6       6      26     171      10      27            23.50000             3.40000             2.38919             0.21775             1.87829             0.39749           810.84850             4.10687             1.79157       1       2
   10000       2       2       2      10       8     502       6       6      27     151       9      23            23.44444             3.33333             2.39846             0.22146             1.84438             0.40731           794.33530             4.09947             1.81511       5       6
   10000       2       2       2      10       8     502       6       6      28     128       8      25            23.25000             3.25000             2.44326             0.22789             1.83013             0.41655           766.74325             4.09469             1.85189       5       3
   10000       2       2       2      10       8     502       6       6      29     120       7      27            23.28571             3.28571             2.47364             0.22674             1.87254             0.42655           773.03190             4.13464             1.74778       1       4
   10000       2       2       2      10       8     502       6       6      30     106       6      23            23.33333             3.33333             2.42831             0.22281             1.88160             0.42946           759.98235             4.04150             1.71807       3       1
