   10000       2       2       2       4       4     509       6       6       0     509      36       0            22.55556             2.97222             2.25679             0.22020             1.60747             0.37073           901.40119             3.36120             2.56709       0       0
   10000       2       2       2       4       4     509       6       6       1     497      35      22            22.54286             3.00000             2.25639             0.22024             1.63867             0.36182           904.03468             3.35268             2.54144       5       6
   10000       2       2       2       4       4     509       6       6       2     486      34      17            22.26471             3.05882             2.22714             0.22096             1.66194             0.35325           932.91487             3.28530             2.48844       1       1
   10000       2       2       2       4       4     509       6       6       3     478      33      25            23.42424             3.09091             2.29816             0.21794             1.68778             0.36183           894.76114             3.29735             2.55410       2       5
   10000       2       2       2       4       4     509       6       6       4     464      32      22            23.78125             3.03125             2.30977             0.21648             1.69338             0.38237           882.30339             3.29000             2.58422       4       6
   10000       2       2       2       4       4     509       6       6       5     448      31      39            23.45161             3.09677             2.29394             0.21736             1.70564             0.36810           877.38013             3.31957             2.56526       1       5
   10000       2       2       2       4       4     509       6       6       6     428      30      26            23.93333             3.13333             2.32174             0.21465             1.73913             0.37860           843.20013             3.31261             2.68220       5       4
   10000       2       2       2       4       4     509       6       6       7     403      29      37            23.65517             3.24138             2.32394             0.21595             1.75867             0.39456           836.23703             3.34997             2.70708       5       1
   10000       2       2       2       4       4     509       6       6       8     393      28      25            23.64286             3.14286             2.36280             0.21970             1.76483             0.39371           844.44587             3.34494             2.63344       6       5
   10000       2       2       2       4       4     509       6       6       9     379      27      27            23.92593             3.22222             2.35165             0.21414             1.77352             0.40925           820.46091             3.35129             2.63312       5       3
   10000       2       2       2       4       4     509       6       6      10     369      26      27            24.26923             3.30769             2.36830             0.21295             1.80677             0.41296           803.24005             3.37687             2.62872       1       4
   10000       2       2       2       4       4     509       6       6      11     365      25      17            25.24000             3.32000             2.35418             0.20216             1.81080             0.39922           778.15444             3.34349             2.63537       4       3
   10000       2       2       2       4       4     509       6       6      12     352      24      27            25.04167             3.29167             2.36612             0.20573             1.82375             0.42159           787.33479             3.35544             2.61198       4       5
   10000       2       2       2       4       4     509       6       6      13     341      23      20            25.08696             3.30435             2.38167             0.20621             1.81639             0.42470           770.96805             3.36918             2.52974       4       4
   10000       2       2       2       4       4     509       6       6      14     329      22      43            24.59091             3.22727             2.38487             0.20850             1.79873             0.43197           769.68047             3.39857             2.46436       2       6
   10000       2       2       2       4       4     509       6       6      15     310      21      29            24.19048             3.14286             2.39487             0.21191             1.77091             0.42786           775.52293             3.40654             2.44450       6       4
   10000       2       2       2       4       4     509       6       6      16     300      20      24            24.10000             3.15000             2.38436             0.21212             1.75683             0.42381           776.71706             3.41438             2.36879       5       5
   10000       2       2       2       4       4     509       6       6      17     283      19      20            24.36842             3.10526             2.40576             0.21196             1.74654             0.42762           767.31181             3.41727             2.41132       6       6
   10000       2       2       2       4       4     509       6       6      18     273      18      21            24.61111             3.22222             2.42606             0.21141             1.77186             0.44030           756.39327             3.39666             2.34353       2       1
   10000       2       2       2       4       4     509       6       6      19     257      17      19            24.82353             3.29412             2.42454             0.20825             1.77861             0.43869           738.96865             3.41097             2.38209       6       1
   10000       2       2       2       4       4     509       6       6      20     242      16      26            26.06250             3.31250             2.44201             0.20085             1.77086             0.43992           701.28711             3.43048             2.42941       2       3
   10000       2       2       2       4       4     509       6       6      21     234      15      18            26.93333             3.26667             2.51554             0.19945             1.77266             0.45121           694.80352             3.40152             2.39734       5       2
   10000       2       2       2       4       4     509       6       6      22     229      14      18            27.07143             3.21429             2.46362             0.19410             1.78199             0.44637           697.81586             3.42987             2.21323       1       2
   10000       2       2       2       4       4     509       6       6      23     216      13      25            27.38462             3.07692             2.48760             0.19397             1.78988             0.43586           698.76497             3.43729             2.14476       4       1
   10000       2       2       2       4       4     509       6       6      24     194      12      35            26.16667             3.25000             2.43554             0.20154             1.82407             0.41661           769.37593             3.39406             2.08770       6       3
   10000       2       2       2       4       4     509       6       6      25     182      11      20            26.09091             3.27273             2.38289             0.19768             1.83352             0.40405           776.44594             3.37253             1.98383       2       2
   10000       2       2       2       4       4     509       6       6      26     172      10      12            27.50000             3.20000             2.50264             0.19355             1.86071             0.43849           693.24810             3.34128             2.05633       6       2
   10000       2       2       2       4       4     509       6       6      27     157       9      22            28.11111             3.11111             2.51564             0.19040             1.82483             0.45359           682.37196             3.32629             2.06632       1       3
   10000       2       2       2       4       4     509       6       6      28     140       8      24            28.50000             3.12500             2.46450             0.18316             1.80638             0.45098           658.38259             3.38493             2.07861       1       6
   10000       2       2       2       4       4     509       6       6      29     125       7      27            28.57143             3.14286             2.55795             0.19177             1.80451             0.47350           639.47774             3.40577             2.02539       4       2
   10000       2       2       2       4       4     509       6       6      30     113       6      31            29.16667             3.33333             2.54533             0.19012             1.89980             0.47434           616.59931             3.49600             1.92183       2       4
