   10000       2       2       2       5       3     467       6       6       0     467      36       0            20.41667             3.19444             2.11294             0.23015             1.72272             0.31714           954.81477             3.61434             2.49732       0       0
   10000       2       2       2       5       3     467       6       6       1     455      35      11            20.80000             3.20000             2.17372             0.23127             1.74474             0.32604           937.44075             3.57256             2.50356       2       3
   10000       2       2       2       5       3     467       6       6       2     443      34      20            21.11765             3.23529             2.20185             0.22859             1.77384             0.34014           917.17382             3.59716             2.52663       6       3
   10000       2       2       2       5       3     467       6       6       3     433      33      28            21.42424             3.24242             2.23639             0.22955             1.79187             0.34834           907.05649             3.60593             2.55288       5       1
   10000       2       2       2       5       3     467       6       6       4     417      32      19            21.65625             3.18750             2.27100             0.23132             1.78367             0.36450           898.49405             3.64821             2.58779       3       4
   10000       2       2       2       5       3     467       6       6       5     397      31      22            21.70968             3.09677             2.24862             0.22888             1.76175             0.36901           891.36178             3.68195             2.63193       5       3
   10000       2       2       2       5       3     467       6       6       6     388      30      26            22.23333             3.20000             2.26862             0.22211             1.80106             0.38772           840.47694             3.69596             2.62694       1       4
   10000       2       2       2       5       3     467       6       6       7     377      29      17            22.58621             3.20690             2.28430             0.22013             1.79934             0.40278           833.32743             3.69592             2.61129       4       1
   10000       2       2       2       5       3     467       6       6       8     366      28      20            23.21429             3.39286             2.31855             0.21670             1.83856             0.40643           792.12580             3.68498             2.66432       4       6
   10000       2       2       2       5       3     467       6       6       9     359      27      24            23.25926             3.44444             2.29641             0.21427             1.86503             0.40534           787.55300             3.71745             2.63935       4       4
   10000       2       2       2       5       3     467       6       6      10     349      26      26            23.69231             3.30769             2.34342             0.21703             1.82575             0.40478           771.43650             3.71486             2.62223       4       5
   10000       2       2       2       5       3     467       6       6      11     341      25      18            24.04000             3.32000             2.34595             0.21354             1.82108             0.39098           742.72007             3.73896             2.60028       2       2
   10000       2       2       2       5       3     467       6       6      12     330      24      29            24.08333             3.33333             2.34178             0.21385             1.83315             0.40047           745.66541             3.73348             2.52861       3       2
   10000       2       2       2       5       3     467       6       6      13     320      23      27            24.04348             3.30435             2.34272             0.21347             1.82991             0.40070           743.24648             3.75411             2.51497       3       1
   10000       2       2       2       5       3     467       6       6      14     309      22      22            23.81818             3.27273             2.32781             0.21500             1.84024             0.40182           752.56480             3.74670             2.45158       3       3
   10000       2       2       2       5       3     467       6       6      15     296      21      28            24.14286             3.19048             2.35701             0.21575             1.82744             0.40631           741.30759             3.75128             2.42409       3       6
   10000       2       2       2       5       3     467       6       6      16     279      20      30            23.70000             3.20000             2.33363             0.21703             1.83255             0.40510           752.59515             3.76001             2.39398       6       1
   10000       2       2       2       5       3     467       6       6      17     272      19      15            24.21053             3.10526             2.35554             0.21260             1.81190             0.43383           737.18824             3.65674             2.39630       2       4
   10000       2       2       2       5       3     467       6       6      18     268      18      16            24.61111             3.16667             2.37680             0.20980             1.81981             0.43120           717.37904             3.68435             2.31415       1       6
   10000       2       2       2       5       3     467       6       6      19     254      17      30            25.29412             3.35294             2.40204             0.20418             1.89443             0.44401           690.41392             3.70405             2.32509       5       5
   10000       2       2       2       5       3     467       6       6      20     235      16      24            25.12500             3.31250             2.39359             0.20800             1.88813             0.43260           716.79518             3.70106             2.33827       6       2
   10000       2       2       2       5       3     467       6       6      21     219      15      32            24.73333             3.26667             2.36845             0.21010             1.88012             0.41367           721.11593             3.72876             2.28870       1       5
   10000       2       2       2       5       3     467       6       6      22     205      14      20            24.57143             3.28571             2.34342             0.21242             1.89051             0.42345           732.56470             3.75169             2.25280       5       6
   10000       2       2       2       5       3     467       6       6      23     195      13      26            24.38462             3.38462             2.32962             0.21402             1.95377             0.41848           731.39892             3.79236             2.16194       2       1
   10000       2       2       2       5       3     467       6       6      24     181      12      25            23.83333             3.33333             2.34153             0.21848             1.96905             0.45590           733.92295             3.85851             2.13199       3       5
   10000       2       2       2       5       3     467       6       6      25     160      11      35            22.54545             3.36364             2.29520             0.22467             1.96219             0.44160           750.37251             3.94953             2.10916       2       5
   10000       2       2       2       5       3     467       6       6      26     135      10      27            22.10000             3.30000             2.26085             0.22677             1.95456             0.43253           763.64020             3.99264             2.19637       2       6
   10000       2       2       2       5       3     467       6       6      27     123       9      29            21.33333             3.33333             2.29800             0.23750             1.93900             0.43592           776.65815             4.04139             1.95801       4       2
   10000       2       2       2       5       3     467       6       6      28     112       8      18            21.75000             3.37500             2.28464             0.23276             1.90196             0.42833           769.66292             4.00894             1.95310       4       3
   10000       2       2       2       5       3     467       6       6      29     101       7      25            21.14286             3.28571             2.24132             0.23500             1.90382             0.40912           775.82800             4.02066             1.80062       5       4
   10000       2       2       2       5       3     467       6       6      30      89       6      14            22.33333             3.33333             2.34619             0.22988             1.90183             0.43583           716.73594             3.97773             1.89651       5       2
