   10000       2       1       2       7      11     465       6       6       0     465      36       0            20.86111             3.02778             2.26933             0.23432             1.65535             0.34821           866.06190             3.76657             2.53990       0       0
   10000       2       1       2       7      11     465       6       6       1     447      35      31            20.40000             3.05714             2.24727             0.23711             1.65943             0.34085           883.05402             3.74570             2.47154       5       1
   10000       2       1       2       7      11     465       6       6       2     431      34      26            20.02941             3.05882             2.23810             0.24115             1.66142             0.33793           911.41403             3.72985             2.41750       4       6
   10000       2       1       2       7      11     465       6       6       3     417      33      25            20.12121             3.03030             2.21845             0.23858             1.66118             0.33805           909.02992             3.74372             2.41586       2       3
   10000       2       1       2       7      11     465       6       6       4     404      32      26            20.12500             3.03125             2.20914             0.23769             1.68165             0.34164           905.20837             3.76009             2.40208       1       4
   10000       2       1       2       7      11     465       6       6       5     389      31      25            19.87097             3.03226             2.20633             0.24100             1.67405             0.34144           922.11728             3.75153             2.34953       4       3
   10000       2       1       2       7      11     465       6       6       6     372      30      25            19.46667             3.03333             2.21175             0.24776             1.67264             0.33697           948.98641             3.78393             2.29161       2       6
   10000       2       1       2       7      11     465       6       6       7     359      29      26            19.37931             3.03448             2.18619             0.24585             1.66927             0.33297           949.39583             3.76032             2.27137       3       5
   10000       2       1       2       7      11     465       6       6       8     342      28      24            19.35714             3.07143             2.17339             0.24669             1.67870             0.33889           956.45419             3.75989             2.28947       4       4
   10000       2       1       2       7      11     465       6       6       9     322      27      24            19.18519             3.11111             2.15503             0.24649             1.67611             0.33386           955.27169             3.80833             2.31914       1       3
   10000       2       1       2       7      11     465       6       6      10     306      26      23            19.00000             3.19231             2.14576             0.24968             1.67580             0.33221           977.92603             3.79525             2.27306       3       2
   10000       2       1       2       7      11     465       6       6      11     293      25      23            18.72000             3.16000             2.15299             0.25397             1.67983             0.32160           990.37698             3.84465             2.22411       2       5
   10000       2       1       2       7      11     465       6       6      12     281      24      23            18.54167             3.08333             2.12379             0.25411             1.65938             0.32734           999.33221             3.86255             2.15098       2       1
   10000       2       1       2       7      11     465       6       6      13     270      23      23            18.52174             3.13043             2.13712             0.25527             1.66187             0.31034          1003.48874             3.85401             2.07966       5       2
   10000       2       1       2       7      11     465       6       6      14     260      22      21            18.22727             3.04545             2.12412             0.25916             1.63315             0.31052          1028.50491             3.85293             1.97276       6       4
   10000       2       1       2       7      11     465       6       6      15     253      21      21            17.95238             3.04762             2.09197             0.26002             1.62623             0.29556          1044.40282             3.85593             1.90529       6       2
   10000       2       1       2       7      11     465       6       6      16     238      20      22            17.35000             3.05000             2.07470             0.27474             1.64263             0.30421          1101.72427             3.91118             1.83256       5       3
   10000       2       1       2       7      11     465       6       6      17     225      19      20            16.84211             3.05263             2.04352             0.28225             1.61625             0.29047          1149.15911             3.91895             1.73828       2       4
   10000       2       1       2       7      11     465       6       6      18     211      18      19            16.50000             3.11111             2.00055             0.28318             1.61634             0.28385          1167.29337             3.92631             1.69766       3       1
   10000       2       1       2       7      11     465       6       6      19     193      17      18            16.41176             3.05882             1.99486             0.28539             1.58685             0.29017          1190.02453             3.90189             1.73870       6       1
   10000       2       1       2       7      11     465       6       6      20     177      16      18            16.25000             3.06250             2.00009             0.28985             1.59134             0.30098          1200.32447             3.85781             1.75818       3       6
   10000       2       1       2       7      11     465       6       6      21     163      15      17            16.13333             3.06667             1.99599             0.28713             1.59719             0.32671          1168.70237             3.87159             1.77535       6       5
   10000       2       1       2       7      11     465       6       6      22     150      14      16            15.57143             3.14286             1.91036             0.29575             1.61819             0.33787          1265.61079             3.89523             1.72645       1       5
   10000       2       1       2       7      11     465       6       6      23     142      13      16            15.46154             3.15385             1.90699             0.29882             1.60458             0.32682          1296.93885             3.93944             1.64953       6       6
   10000       2       1       2       7      11     465       6       6      24     132      12      15            15.08333             3.08333             1.93662             0.30828             1.61164             0.34932          1330.96558             3.92892             1.58049       2       2
   10000       2       1       2       7      11     465       6       6      25     123      11      14            15.18182             2.90909             1.91405             0.29861             1.56390             0.36676          1307.98152             3.89845             1.57095       5       4
   10000       2       1       2       7      11     465       6       6      26     112      10      13            14.90000             2.70000             1.86853             0.31342             1.51196             0.36733          1533.48569             3.91813             1.49194       4       1
   10000       2       1       2       7      11     465       6       6      27     100       9      11            14.66667             2.77778             1.88910             0.31954             1.50396             0.35008          1566.18094             3.75162             1.41680       4       5
   10000       2       1       2       7      11     465       6       6      28      89       8      10            15.12500             2.87500             1.88773             0.30909             1.54486             0.34186          1536.18414             3.80365             1.47425       6       3
   10000       2       1       2       7      11     465       6       6      29      81       7       8            16.14286             3.14286             1.89848             0.28063             1.62270             0.30906          1408.87223             3.78273             1.54200       1       6
   10000       2       1       2       7      11     465       6       6      30      76       6       5            18.00000             3.16667             2.04823             0.24406             1.60148             0.31891           990.51698             3.76570             1.63234       4       2
