   10000       2       2       2       7       6     496       6       6       0     496      36       0            21.13889             3.02778             2.22575             0.23036             1.59494             0.35659           936.79100             3.61014             2.41911       0       0
   10000       2       2       2       7       6     496       6       6       1     481      35      27            21.37143             3.11429             2.23738             0.22771             1.62240             0.36931           925.49541             3.61645             2.44686       4       4
   10000       2       2       2       7       6     496       6       6       2     462      34      21            21.05882             3.17647             2.21717             0.22994             1.63938             0.35689           948.70395             3.61039             2.44602       6       6
   10000       2       2       2       7       6     496       6       6       3     446      33      16            21.63636             3.09091             2.23903             0.22614             1.64891             0.35839           905.14834             3.57628             2.51314       5       2
   10000       2       2       2       7       6     496       6       6       4     439      32      15            22.03125             3.18750             2.24846             0.22277             1.67934             0.33773           906.47284             3.58125             2.49306       6       3
   10000       2       2       2       7       6     496       6       6       5     426      31      25            22.58065             3.19355             2.26254             0.21733             1.71618             0.35148           871.99139             3.55563             2.54825       3       6
   10000       2       2       2       7       6     496       6       6       6     415      30      21            22.70000             3.13333             2.28131             0.21812             1.69987             0.35593           878.61195             3.54649             2.56654       4       3
   10000       2       2       2       7       6     496       6       6       7     403      29      25            23.10345             3.17241             2.28699             0.21495             1.71745             0.35773           856.14774             3.56742             2.59541       1       3
   10000       2       2       2       7       6     496       6       6       8     392      28      22            23.17857             3.17857             2.29161             0.21494             1.73973             0.36331           861.49238             3.58407             2.56919       6       4
   10000       2       2       2       7       6     496       6       6       9     374      27      29            22.96296             3.22222             2.27776             0.21604             1.75486             0.36660           862.91388             3.59812             2.57037       4       6
   10000       2       2       2       7       6     496       6       6      10     356      26      29            22.46154             3.26923             2.22468             0.21570             1.77494             0.36293           878.36922             3.62154             2.53567       6       2
   10000       2       2       2       7       6     496       6       6      11     339      25      27            22.04000             3.28000             2.20892             0.21788             1.77151             0.35328           886.35232             3.63203             2.49173       6       5
   10000       2       2       2       7       6     496       6       6      12     329      24      23            22.04167             3.25000             2.21162             0.21790             1.75231             0.37148           877.70024             3.65304             2.47266       5       4
   10000       2       2       2       7       6     496       6       6      13     311      23      31            21.95652             3.26087             2.22060             0.21896             1.74570             0.37249           876.37819             3.68377             2.47043       4       2
   10000       2       2       2       7       6     496       6       6      14     298      22      23            22.18182             3.18182             2.20666             0.21477             1.74180             0.37732           886.60881             3.65401             2.41692       2       5
   10000       2       2       2       7       6     496       6       6      15     282      21      27            21.66667             3.28571             2.19330             0.21897             1.78789             0.36709           908.89373             3.68845             2.40046       5       1
   10000       2       2       2       7       6     496       6       6      16     275      20      16            22.35000             3.35000             2.23221             0.21503             1.78864             0.36178           848.77847             3.68032             2.38798       4       1
   10000       2       2       2       7       6     496       6       6      17     268      19      12            22.57895             3.42105             2.30451             0.21945             1.82970             0.37184           840.75464             3.69483             2.35853       1       6
   10000       2       2       2       7       6     496       6       6      18     259      18      24            22.61111             3.55556             2.30370             0.22019             1.84066             0.38580           857.61099             3.70205             2.27315       2       4
   10000       2       2       2       7       6     496       6       6      19     248      17      15            23.11765             3.35294             2.34688             0.21845             1.86155             0.40162           824.04395             3.74069             2.23379       2       1
   10000       2       2       2       7       6     496       6       6      20     236      16      24            23.06250             3.37500             2.31160             0.21554             1.86826             0.40082           828.24502             3.75375             2.16997       3       1
   10000       2       2       2       7       6     496       6       6      21     224      15      20            23.20000             3.40000             2.28393             0.21184             1.88174             0.38745           814.92304             3.71331             2.17437       2       6
   10000       2       2       2       7       6     496       6       6      22     207      14      19            23.50000             3.35714             2.30392             0.21095             1.86890             0.39664           810.05266             3.69821             2.23616       6       1
   10000       2       2       2       7       6     496       6       6      23     196      13      18            23.92308             3.30769             2.31570             0.20734             1.83619             0.39923           801.83789             3.68721             2.20257       5       3
   10000       2       2       2       7       6     496       6       6      24     184      12      24            23.50000             3.25000             2.32261             0.20948             1.82527             0.38650           789.55344             3.72600             2.11240       3       2
   10000       2       2       2       7       6     496       6       6      25     166      11      28            22.72727             3.27273             2.26954             0.21205             1.88499             0.38184           813.90484             3.73089             2.08100       1       5
   10000       2       2       2       7       6     496       6       6      26     151      10      34            23.10000             3.30000             2.30286             0.21005             1.85670             0.39646           782.55717             3.78784             2.04111       2       2
   10000       2       2       2       7       6     496       6       6      27     138       9      18            23.88889             3.00000             2.43679             0.21334             1.79395             0.38507           770.35022             3.71628             1.99096       4       5
   10000       2       2       2       7       6     496       6       6      28     130       8      24            23.62500             3.00000             2.39303             0.21206             1.80021             0.37179           782.60500             3.80887             1.76297       3       5
   10000       2       2       2       7       6     496       6       6      29     116       7      22            23.14286             3.00000             2.35173             0.21417             1.81135             0.35225           789.21366             3.77873             1.69225       2       3
   10000       2       2       2       7       6     496       6       6      30     101       6      19            23.83333             2.83333             2.45421             0.21770             1.72435             0.37392           755.70399             3.73806             1.68702       1       4
