   10000       2       1       2      10       3     487       6       6       0     487      36       0            20.66667             3.16667             2.25710             0.23799             1.67006             0.35268           950.26701             3.56068             2.38376       0       0
   10000       2       1       2      10       3     487       6       6       1     469      35      17            20.88571             3.20000             2.26561             0.23709             1.67913             0.34296           958.04797             3.53412             2.42131       3       1
   10000       2       1       2      10       3     487       6       6       2     455      34      18            21.08824             3.23529             2.25264             0.23276             1.68479             0.33020           955.22309             3.51290             2.42470       4       6
   10000       2       1       2      10       3     487       6       6       3     447      33      20            21.12121             3.27273             2.23720             0.23216             1.69227             0.33351           963.82786             3.52207             2.35192       3       3
   10000       2       1       2      10       3     487       6       6       4     436      32      24            21.00000             3.25000             2.21697             0.23215             1.67976             0.32934           978.61652             3.53567             2.30621       5       1
   10000       2       1       2      10       3     487       6       6       5     415      31      26            21.16129             3.16129             2.21285             0.23074             1.66009             0.33139           974.13638             3.52689             2.34129       3       5
   10000       2       1       2      10       3     487       6       6       6     398      30      33            20.70000             3.16667             2.20445             0.23383             1.66689             0.33384           991.89688             3.54123             2.26565       4       2
   10000       2       1       2      10       3     487       6       6       7     381      29      21            20.68966             3.13793             2.18789             0.23199             1.66620             0.33718           989.72319             3.52412             2.29565       3       2
   10000       2       1       2      10       3     487       6       6       8     363      28      27            20.71429             3.07143             2.16784             0.23070             1.66321             0.33359           980.07858             3.55036             2.31147       6       3
   10000       2       1       2      10       3     487       6       6       9     357      27      23            20.40741             3.00000             2.17069             0.23500             1.64017             0.33298           991.93434             3.57525             2.23316       6       2
   10000       2       1       2      10       3     487       6       6      10     349      26      20            20.46154             3.07692             2.22449             0.24059             1.64980             0.33791           989.61270             3.60720             2.15212       5       4
   10000       2       1       2      10       3     487       6       6      11     338      25      16            20.60000             2.96000             2.24830             0.24466             1.62040             0.34552          1012.22337             3.60999             2.12011       5       6
   10000       2       1       2      10       3     487       6       6      12     321      24      19            20.79167             2.95833             2.24308             0.24234             1.62395             0.35498          1017.42250             3.57665             2.17858       3       4
   10000       2       1       2      10       3     487       6       6      13     310      23      13            21.43478             3.00000             2.24007             0.22898             1.64538             0.35578           949.95305             3.60506             2.24767       6       4
   10000       2       1       2      10       3     487       6       6      14     294      22      24            20.77273             2.95455             2.20867             0.23359             1.61984             0.35130           973.09249             3.63148             2.20174       5       2
   10000       2       1       2      10       3     487       6       6      15     277      21      17            20.95238             2.95238             2.21359             0.23226             1.62039             0.35579           968.72950             3.63982             2.25897       6       1
   10000       2       1       2      10       3     487       6       6      16     254      20      32            20.20000             3.00000             2.19424             0.23846             1.62345             0.35184           993.39291             3.68165             2.23294       2       1
   10000       2       1       2      10       3     487       6       6      17     239      19      26            19.78947             2.94737             2.15004             0.23441             1.61279             0.32863           984.19870             3.68021             2.17320       5       5
   10000       2       1       2      10       3     487       6       6      18     227      18      19            19.77778             2.88889             2.15522             0.23396             1.63336             0.33953           991.80621             3.60703             2.11560       1       6
   10000       2       1       2      10       3     487       6       6      19     222      17      13            19.70588             2.88235             2.19058             0.23983             1.63647             0.34139           999.97288             3.58551             2.05415       6       6
   10000       2       1       2      10       3     487       6       6      20     212      16      19            19.93750             3.00000             2.19054             0.23896             1.63837             0.34096          1021.35379             3.57932             1.99009       2       3
   10000       2       1       2      10       3     487       6       6      21     202      15      22            19.40000             3.06667             2.18637             0.24555             1.63860             0.32150          1065.08494             3.58271             1.88235       4       3
   10000       2       1       2      10       3     487       6       6      22     187      14      15            19.71429             3.00000             2.21395             0.24471             1.62434             0.32406          1053.88942             3.61164             1.94537       5       3
   10000       2       1       2      10       3     487       6       6      23     165      13      22            19.53846             3.00000             2.20244             0.24622             1.62108             0.32701          1074.82520             3.60377             2.01809       6       5
   10000       2       1       2      10       3     487       6       6      24     153      12      24            19.33333             3.00000             2.15742             0.25174             1.58728             0.31715          1132.64545             3.66613             1.86342       2       5
   10000       2       1       2      10       3     487       6       6      25     139      11      20            18.81818             3.09091             2.11787             0.25516             1.59984             0.29369          1171.24734             3.69280             1.83304       4       4
   10000       2       1       2      10       3     487       6       6      26     127      10      21            18.10000             3.00000             2.09237             0.26598             1.61686             0.31032          1214.80132             3.70765             1.77155       3       6
   10000       2       1       2      10       3     487       6       6      27     118       9      23            16.33333             3.11111             1.96767             0.28456             1.62378             0.24745          1381.22167             3.59449             1.40330       1       2
   10000       2       1       2      10       3     487       6       6      28     103       8      15            16.50000             3.12500             1.99210             0.28855             1.57789             0.24425          1384.01952             3.68972             1.45372       4       5
   10000       2       1       2      10       3     487       6       6      29      93       7      10            17.42857             3.14286             2.04404             0.27874             1.58108             0.24739          1287.73434             3.68731             1.51853       4       1
   10000       2       1       2      10       3     487       6       6      30      80       6      35            13.83333             3.33333             1.98645             0.31633             1.65331             0.20738          1515.43169             3.73102             1.07284       1       4
