   10000       2       1       2       7       6     502       6       6       0     502      36       0            21.30556             2.97222             2.18550             0.22404             1.60095             0.31630           871.56841             3.81060             2.43201       0       0
   10000       2       1       2       7       6     502       6       6       1     492      35      19            21.48571             3.00000             2.20486             0.22492             1.59082             0.32155           870.74342             3.78949             2.41681       6       4
   10000       2       1       2       7       6     502       6       6       2     483      34      18            21.79412             2.91176             2.21941             0.22418             1.57901             0.32299           871.02836             3.76150             2.40629       4       6
   10000       2       1       2       7       6     502       6       6       3     478      33      14            22.39394             2.90909             2.23624             0.21926             1.58419             0.32378           849.71834             3.74836             2.39973       6       2
   10000       2       1       2       7       6     502       6       6       4     464      32      19            22.53125             2.93750             2.22873             0.21799             1.59157             0.31044           844.18762             3.75725             2.37910       3       2
   10000       2       1       2       7       6     502       6       6       5     440      31      35            22.09677             2.96774             2.22528             0.22132             1.59694             0.30295           861.75321             3.77120             2.35607       2       1
   10000       2       1       2       7       6     502       6       6       6     422      30      21            22.06667             3.00000             2.21386             0.22081             1.59153             0.29828           860.02782             3.79509             2.38737       3       1
   10000       2       1       2       7       6     502       6       6       7     401      29      33            21.82759             2.93103             2.18226             0.21810             1.58404             0.29982           852.49462             3.80362             2.34492       2       4
   10000       2       1       2       7       6     502       6       6       8     384      28      21            21.82143             3.00000             2.20977             0.22085             1.59660             0.31111           850.13809             3.80777             2.34290       4       1
   10000       2       1       2       7       6     502       6       6       9     363      27      31            21.44444             3.00000             2.19898             0.22548             1.60210             0.30984           873.39365             3.82557             2.32460       6       6
   10000       2       1       2       7       6     502       6       6      10     347      26      23            21.26923             2.96154             2.18429             0.22565             1.60282             0.30781           886.12443             3.79025             2.32295       6       3
   10000       2       1       2       7       6     502       6       6      11     337      25      20            20.92000             2.88000             2.18227             0.23027             1.59550             0.31101           908.45755             3.81379             2.26135       5       1
   10000       2       1       2       7       6     502       6       6      12     329      24      21            21.12500             2.95833             2.18523             0.23129             1.63018             0.31691           902.13568             3.84492             2.15567       4       4
   10000       2       1       2       7       6     502       6       6      13     316      23      24            20.95652             3.00000             2.20440             0.23541             1.61916             0.31946           910.36052             3.86371             2.07640       2       3
   10000       2       1       2       7       6     502       6       6      14     302      22      15            21.31818             3.09091             2.22254             0.23256             1.64216             0.31609           879.16438             3.85705             2.13369       6       1
   10000       2       1       2       7       6     502       6       6      15     290      21      18            21.38095             3.14286             2.21353             0.23127             1.62400             0.30484           883.49190             3.83769             2.11219       4       2
   10000       2       1       2       7       6     502       6       6      16     273      20      16            21.60000             3.15000             2.22107             0.22780             1.66476             0.32126           880.55555             3.67494             2.18129       4       5
   10000       2       1       2       7       6     502       6       6      17     263      19      24            21.36842             3.21053             2.18152             0.22885             1.67424             0.29904           886.60060             3.71702             2.09187       5       3
   10000       2       1       2       7       6     502       6       6      18     254      18      20            21.38889             3.11111             2.17969             0.23286             1.64495             0.29035           913.62353             3.70730             2.02209       1       4
   10000       2       1       2       7       6     502       6       6      19     239      17      27            21.47059             3.11765             2.22036             0.23207             1.64870             0.27602           890.11197             3.69944             1.97968       2       6
   10000       2       1       2       7       6     502       6       6      20     224      16      20            21.18750             3.12500             2.19817             0.23758             1.64974             0.28121           928.59587             3.70532             1.95785       1       6
   10000       2       1       2       7       6     502       6       6      21     216      15      23            21.13333             3.40000             2.18213             0.23399             1.75101             0.27266           933.55957             3.62182             1.84996       3       5
   10000       2       1       2       7       6     502       6       6      22     199      14      18            21.35714             3.35714             2.16107             0.23045             1.74229             0.27054           944.74117             3.52463             1.91040       5       2
   10000       2       1       2       7       6     502       6       6      23     195      13      11            22.15385             3.30769             2.24047             0.22766             1.72136             0.28505           905.54212             3.51430             1.88626       1       5
   10000       2       1       2       7       6     502       6       6      24     184      12      14            22.33333             3.25000             2.24373             0.22256             1.71751             0.29508           889.75269             3.51295             1.83831       1       3
   10000       2       1       2       7       6     502       6       6      25     170      11      17            22.27273             3.09091             2.27607             0.22408             1.67959             0.30323           898.77312             3.47803             1.78573       6       5
   10000       2       1       2       7       6     502       6       6      26     162      10      19            22.50000             2.90000             2.27739             0.22172             1.64474             0.30104           893.33122             3.53610             1.67722       4       3
   10000       2       1       2       7       6     502       6       6      27     151       9      14            23.00000             3.11111             2.30981             0.21472             1.65119             0.30053           843.86418             3.55837             1.61506       5       4
   10000       2       1       2       7       6     502       6       6      28     134       8      25            22.25000             3.25000             2.25483             0.21766             1.64444             0.27044           877.77594             3.61202             1.53837       2       2
   10000       2       1       2       7       6     502       6       6      29     116       7      19            22.57143             3.14286             2.23062             0.21231             1.62913             0.28684           881.12413             3.53896             1.59292       3       6
   10000       2       1       2       7       6     502       6       6      30      94       6      24            22.33333             3.16667             2.22044             0.21449             1.61079             0.27668           883.41514             3.51496             1.65642       2       5
