   10000       2       2       2       3      11     535       6       6       0     535      36       0            22.11111             3.11111             2.31878             0.22761             1.62375             0.35631           910.11748             3.38373             2.28553       0       0
   10000       2       2       2       3      11     535       6       6       1     517      35      29            22.02857             3.08571             2.36281             0.23250             1.62245             0.36533           911.35471             3.39176             2.29573       5       6
   10000       2       2       2       3      11     535       6       6       2     501      34      29            22.08824             3.05882             2.37419             0.23254             1.64501             0.37574           904.42713             3.38512             2.30060       6       2
   10000       2       2       2       3      11     535       6       6       3     491      33      28            22.90909             3.00000             2.39248             0.22704             1.65290             0.37782           883.03180             3.39384             2.37859       4       5
   10000       2       2       2       3      11     535       6       6       4     469      32      33            23.09375             3.03125             2.38888             0.22586             1.66874             0.38398           875.85842             3.40073             2.44927       4       4
   10000       2       2       2       3      11     535       6       6       5     440      31      36            23.25806             3.06452             2.37537             0.22323             1.69653             0.38183           867.30285             3.42677             2.51010       3       4
   10000       2       2       2       3      11     535       6       6       6     423      30      35            23.23333             3.03333             2.37554             0.22174             1.70244             0.39135           860.09211             3.44700             2.53203       3       3
   10000       2       2       2       3      11     535       6       6       7     401      29      33            23.20690             3.20690             2.39629             0.22392             1.73079             0.39102           853.57232             3.47508             2.58117       3       2
   10000       2       2       2       3      11     535       6       6       8     386      28      33            22.92857             3.17857             2.36897             0.22408             1.73953             0.40507           867.76647             3.48255             2.53858       4       2
   10000       2       2       2       3      11     535       6       6       9     364      27      34            22.88889             3.22222             2.38016             0.22601             1.76420             0.40695           863.57140             3.49806             2.57394       5       3
   10000       2       2       2       3      11     535       6       6      10     348      26      31            22.57692             3.19231             2.36993             0.22801             1.76102             0.41202           870.17995             3.53491             2.54528       3       5
   10000       2       2       2       3      11     535       6       6      11     329      25      30            21.88000             3.20000             2.34492             0.23181             1.78576             0.41887           892.27338             3.50843             2.53697       3       6
   10000       2       2       2       3      11     535       6       6      12     317      24      29            21.37500             3.12500             2.33153             0.23474             1.77209             0.41574           909.67226             3.50118             2.43223       6       3
   10000       2       2       2       3      11     535       6       6      13     306      23      28            21.08696             3.17391             2.30958             0.23542             1.77357             0.40676           918.77692             3.50363             2.34785       4       3
   10000       2       2       2       3      11     535       6       6      14     290      22      27            21.50000             3.18182             2.30699             0.22883             1.81696             0.39361           873.63421             3.55808             2.38334       2       3
   10000       2       2       2       3      11     535       6       6      15     279      21      28            22.14286             3.19048             2.30367             0.22099             1.84711             0.40555           831.61142             3.50714             2.43322       2       5
   10000       2       2       2       3      11     535       6       6      16     270      20      30            21.90000             3.20000             2.27506             0.21958             1.81434             0.39070           831.75345             3.49969             2.33705       2       4
   10000       2       2       2       3      11     535       6       6      17     259      19      27            22.26316             3.21053             2.29354             0.21884             1.83004             0.38713           816.55227             3.53662             2.33637       6       5
   10000       2       2       2       3      11     535       6       6      18     245      18      29            21.50000             3.27778             2.23888             0.22040             1.86250             0.39474           833.30192             3.56061             2.28585       5       4
   10000       2       2       2       3      11     535       6       6      19     232      17      26            21.23529             3.29412             2.24136             0.22358             1.86192             0.39436           839.96297             3.56652             2.22760       2       6
   10000       2       2       2       3      11     535       6       6      20     218      16      24            20.68750             3.37500             2.17874             0.22477             1.88532             0.35983           871.70775             3.59982             2.15128       5       1
   10000       2       2       2       3      11     535       6       6      21     204      15      24            20.13333             3.46667             2.17584             0.23602             1.90769             0.35752           938.20107             3.57004             2.06447       4       1
   10000       2       2       2       3      11     535       6       6      22     193      14      27            20.21429             3.50000             2.15810             0.23032             1.96774             0.35353           897.68267             3.63200             2.01197       2       1
   10000       2       2       2       3      11     535       6       6      23     174      13      23            19.92308             3.53846             2.10034             0.22864             1.97316             0.33617           921.59363             3.60886             2.01021       4       6
   10000       2       2       2       3      11     535       6       6      24     162      12      22            19.75000             3.58333             2.10112             0.23110             1.99473             0.32053           920.81108             3.61254             1.93383       6       4
   10000       2       2       2       3      11     535       6       6      25     150      11      20            19.72727             3.63636             2.10123             0.23202             2.00860             0.29704           936.16900             3.59265             1.91094       5       5
   10000       2       2       2       3      11     535       6       6      26     131      10      19            19.80000             3.60000             2.09556             0.23124             1.98724             0.30452           927.08616             3.63125             2.00203       6       6
   10000       2       2       2       3      11     535       6       6      27     121       9      17            20.44444             3.44444             2.16602             0.23105             2.01490             0.31193           890.62969             3.65917             1.93769       2       2
   10000       2       2       2       3      11     535       6       6      28     109       8      17            20.87500             3.37500             2.19579             0.22998             2.00895             0.30405           915.79393             3.60277             1.96376       6       1
   10000       2       2       2       3      11     535       6       6      29     101       7      14            21.85714             3.28571             2.24417             0.22202             1.94429             0.30353           808.85825             3.70017             1.89431       3       1
   10000       2       2       2       3      11     535       6       6      30      88       6      13            23.33333             3.16667             2.34897             0.21415             1.85168             0.32634           753.73121             3.63144             2.04336       5       2
