   10000       2       1       2      11       4     504       6       6       0     504      36       0            21.11111             2.88889             2.22961             0.22955             1.55904             0.32370           873.83775             3.92412             2.46365       0       0
   10000       2       1       2      11       4     504       6       6       1     490      35      22            21.05714             2.91429             2.23216             0.23081             1.56793             0.32425           878.09100             3.91242             2.44242       1       1
   10000       2       1       2      11       4     504       6       6       2     471      34      25            21.17647             2.97059             2.25977             0.23207             1.58591             0.33012           870.70561             3.86832             2.43575       2       3
   10000       2       1       2      11       4     504       6       6       3     460      33      20            21.30303             2.93939             2.24826             0.23017             1.57453             0.32870           878.87446             3.83404             2.38700       2       5
   10000       2       1       2      11       4     504       6       6       4     451      32      19            21.31250             2.96875             2.23196             0.22756             1.57000             0.31897           881.19473             3.82131             2.35791       1       5
   10000       2       1       2      11       4     504       6       6       5     431      31      24            21.25806             2.93548             2.24871             0.22898             1.57016             0.31756           872.38304             3.85021             2.33159       5       1
   10000       2       1       2      11       4     504       6       6       6     427      30      11            21.76667             2.93333             2.27219             0.22492             1.57189             0.32205           840.76259             3.79913             2.32516       2       4
   10000       2       1       2      11       4     504       6       6       7     410      29      23            21.79310             2.96552             2.28132             0.22455             1.57056             0.31838           839.53685             3.82830             2.32117       4       1
   10000       2       1       2      11       4     504       6       6       8     403      28      16            21.92857             2.92857             2.27236             0.22199             1.56049             0.31098           843.51904             3.80399             2.27330       1       2
   10000       2       1       2      11       4     504       6       6       9     392      27      21            22.07407             2.96296             2.26268             0.21809             1.54791             0.31792           820.48139             3.79796             2.22830       4       2
   10000       2       1       2      11       4     504       6       6      10     376      26      27            21.65385             2.92308             2.27651             0.22328             1.53037             0.32042           838.03774             3.80044             2.22455       1       3
   10000       2       1       2      11       4     504       6       6      11     359      25      24            21.56000             2.92000             2.25513             0.22337             1.54641             0.31108           842.09219             3.81541             2.17211       3       3
   10000       2       1       2      11       4     504       6       6      12     345      24      20            21.37500             2.95833             2.25859             0.22565             1.55535             0.32168           847.17471             3.81348             2.16074       1       6
   10000       2       1       2      11       4     504       6       6      13     336      23      17            21.56522             2.95652             2.26282             0.22345             1.56455             0.32388           836.03279             3.82689             2.13570       6       6
   10000       2       1       2      11       4     504       6       6      14     318      22      24            21.59091             3.00000             2.29212             0.22728             1.62224             0.32894           822.87556             3.87840             2.18334       6       4
   10000       2       1       2      11       4     504       6       6      15     300      21      22            21.61905             3.04762             2.26485             0.22437             1.62674             0.32938           821.91411             3.86260             2.21013       6       5
   10000       2       1       2      11       4     504       6       6      16     287      20      20            22.05000             3.10000             2.31101             0.22478             1.63774             0.35069           813.19042             3.81481             2.22006       5       6
   10000       2       1       2      11       4     504       6       6      17     261      19      23            21.31579             3.10526             2.32097             0.23644             1.63845             0.33779           863.23128             3.84625             2.16723       4       4
   10000       2       1       2      11       4     504       6       6      18     242      18      20            21.00000             3.05556             2.28290             0.23558             1.64572             0.32306           868.11873             3.88044             2.17486       5       2
   10000       2       1       2      11       4     504       6       6      19     232      17      24            20.52941             3.23529             2.25022             0.23963             1.64232             0.31548           893.92727             3.87751             2.01279       4       5
   10000       2       1       2      11       4     504       6       6      20     221      16      26            20.00000             3.18750             2.23879             0.24721             1.66161             0.31123           923.98743             3.92987             1.89143       3       6
   10000       2       1       2      11       4     504       6       6      21     208      15      14            20.40000             3.26667             2.26317             0.24386             1.66094             0.32808           873.15282             3.93412             1.91342       2       6
   10000       2       1       2      11       4     504       6       6      22     195      14      21            20.14286             3.21429             2.23908             0.24741             1.65753             0.33298           902.03473             3.92839             1.82929       2       2
   10000       2       1       2      11       4     504       6       6      23     177      13      23            19.69231             3.23077             2.26946             0.25453             1.69461             0.34631           908.60539             3.96433             1.77631       6       3
   10000       2       1       2      11       4     504       6       6      24     164      12      24            18.83333             3.16667             2.24952             0.26362             1.66449             0.36556           926.93869             3.94610             1.65941       5       4
   10000       2       1       2      11       4     504       6       6      25     147      11      27            17.36364             3.18182             2.20222             0.28537             1.69888             0.36334          1033.48513             3.98804             1.48824       3       1
   10000       2       1       2      11       4     504       6       6      26     139      10       8            18.30000             3.20000             2.26031             0.26758             1.72591             0.34253           947.70317             3.98556             1.53707       3       2
   10000       2       1       2      11       4     504       6       6      27     128       9      17            17.77778             3.22222             2.25821             0.28290             1.70160             0.36597           970.75881             4.00335             1.43080       4       3
   10000       2       1       2      11       4     504       6       6      28     118       8      18            17.12500             3.25000             2.22124             0.29248             1.71658             0.34680          1031.46445             3.95723             1.26420       3       4
   10000       2       1       2      11       4     504       6       6      29     110       7      11            18.00000             3.28571             2.22551             0.27295             1.73323             0.29013          1056.97849             3.80272             1.23774       5       3
   10000       2       1       2      11       4     504       6       6      30      98       6      12            18.83333             3.16667             2.30415             0.26863             1.72780             0.33375          1009.66346             3.74796             1.22498       3       5
