   10000       2       2       1       1      11     535       6       6       0     535      36       0            22.11111             3.11111             2.31878             0.22761             1.62375             0.35631           910.11744             3.38373             2.28553       0       0
   10000       2       2       1       1      11     535       6       6       1     517      35      29            22.02857             3.08571             2.36281             0.23250             1.62245             0.36533           911.35469             3.39176             2.29573       5       6
   10000       2       2       1       1      11     535       6       6       2     501      34      29            22.08824             3.05882             2.37419             0.23254             1.64501             0.37574           904.42712             3.38512             2.30060       6       2
   10000       2       2       1       1      11     535       6       6       3     491      33      28            22.90909             3.00000             2.39248             0.22704             1.65290             0.37782           883.03190             3.39384             2.37859       4       5
   10000       2       2       1       1      11     535       6       6       4     469      32      33            23.09375             3.03125             2.38888             0.22586             1.66874             0.38398           875.85288             3.40073             2.44927       4       4
   10000       2       2       1       1      11     535       6       6       5     440      31      36            23.25806             3.06452             2.37518             0.22320             1.69653             0.38330           867.30320             3.42677             2.51010       3       4
   10000       2       2       1       1      11     535       6       6       6     423      30      35            23.23333             3.03333             2.37554             0.22174             1.70244             0.39135           860.08419             3.44700             2.53203       3       3
   10000       2       2       1       1      11     535       6       6       7     401      29      33            23.24138             3.20690             2.39199             0.22328             1.73156             0.39326           852.78362             3.47505             2.58669       3       2
   10000       2       2       1       1      11     535       6       6       8     386      28      33            22.96429             3.17857             2.37124             0.22386             1.73744             0.41111           865.47521             3.48130             2.53811       4       2
   10000       2       2       1       1      11     535       6       6       9     364      27      34            22.92593             3.22222             2.38292             0.22541             1.75694             0.40715           861.45948             3.49689             2.57364       5       3
   10000       2       2       1       1      11     535       6       6      10     348      26      31            22.65385             3.19231             2.37178             0.22724             1.76218             0.41284           866.16346             3.53073             2.54705       3       5
   10000       2       2       1       1      11     535       6       6      11     329      25      30            21.92000             3.20000             2.34552             0.23142             1.78409             0.42031           889.99107             3.50717             2.53681       3       6
   10000       2       2       1       1      11     535       6       6      12     317      24      29            21.41667             3.12500             2.33397             0.23450             1.77036             0.41724           907.28991             3.49986             2.43220       6       3
   10000       2       2       1       1      11     535       6       6      13     306      23      28            21.13043             3.17391             2.31212             0.23517             1.77175             0.40832           916.28902             3.50226             2.34825       4       3
   10000       2       2       1       1      11     535       6       6      14     291      22      27            21.59091             3.22727             2.31950             0.22922             1.82343             0.39400           871.02671             3.55433             2.38155       2       3
   10000       2       2       1       1      11     535       6       6      15     280      21      28            22.14286             3.28571             2.31114             0.22165             1.86524             0.40370           833.29120             3.53284             2.39422       2       5
   10000       2       2       1       1      11     535       6       6      16     268      20      30            21.90000             3.30000             2.29222             0.22142             1.84429             0.38251           832.62770             3.50820             2.33439       2       4
   10000       2       2       1       1      11     535       6       6      17     257      19      27            22.15789             3.31579             2.30310             0.22051             1.85527             0.38890           822.80615             3.54768             2.33264       6       5
   10000       2       2       1       1      11     535       6       6      18     243      18      29            21.38889             3.38889             2.25128             0.22258             1.89402             0.38937           839.87619             3.57229             2.28530       5       4
   10000       2       2       1       1      11     535       6       6      19     227      17      26            20.82353             3.35294             2.23255             0.22678             1.89963             0.40547           868.92439             3.59309             2.20386       1       4
   10000       2       2       1       1      11     535       6       6      20     212      16      27            20.56250             3.37500             2.21817             0.22757             1.86960             0.40536           874.15036             3.57530             2.16417       2       6
   10000       2       2       1       1      11     535       6       6      21     197      15      25            20.73333             3.40000             2.20214             0.22463             1.89358             0.41929           871.85562             3.60710             2.16104       1       2
   10000       2       2       1       1      11     535       6       6      22     185      14      27            20.14286             3.35714             2.16978             0.22866             1.92156             0.41429           880.33696             3.68197             2.03441       2       1
   10000       2       2       1       1      11     535       6       6      23     170      13      24            19.23077             3.61538             2.06767             0.22989             1.99166             0.36492           926.16740             3.72300             1.91756       5       1
   10000       2       2       1       1      11     535       6       6      24     152      12      23            18.91667             3.66667             1.99706             0.22694             1.99854             0.34608           949.98177             3.70785             1.90405       4       6
   10000       2       2       1       1      11     535       6       6      25     145      11      22            18.63636             3.72727             1.95960             0.22672             2.00706             0.32993           959.85598             3.73275             1.74996       1       1
   10000       2       2       1       1      11     535       6       6      26     137      10      22            18.50000             3.70000             1.98735             0.23144             1.97537             0.34112           944.53891             3.80073             1.68586       3       1
   10000       2       2       1       1      11     535       6       6      27     122       9      23            18.00000             3.77778             1.94246             0.23301             2.01303             0.33357           964.66177             3.79854             1.59329       4       1
   10000       2       2       1       1      11     535       6       6      28     110       8      22            17.50000             3.87500             1.92391             0.23724             2.05038             0.30979           968.86778             3.82778             1.45012       6       4
   10000       2       2       1       1      11     535       6       6      29      99       7      21            16.42857             4.00000             1.87365             0.24582             2.22027             0.32252           956.22933             3.94107             1.30875       1       5
   10000       2       2       1       1      11     535       6       6      30      87       6      20            15.83333             4.16667             1.83593             0.24995             2.28330             0.27979           990.28690             3.95936             1.18834       5       5
   10000       2       2       1       1      11     535       6       6      31      68       5      19            15.20000             4.20000             1.77154             0.25198             2.29551             0.29130           982.94648             4.10988             1.22601       6       6
   10000       2       2       1       1      11     535       6       6      32      55       4      17            14.75000             4.25000             1.75854             0.25799             2.35377             0.27038          1056.44895             4.10474             1.13668       6       1
   10000       2       2       1       1      11     535       6       6      33      42       3      17            14.00000             4.33333             1.73687             0.26801             2.28419             0.27717          1072.84605             4.20340             1.00000       1       3
   10000       2       2       1       1      11     535       6       6      34      27       2      15            13.50000             4.50000             1.77198             0.28297             2.17628             0.23718          1231.11108             3.85287             1.00000       1       6
   10000       2       2       1       1      11     535       6       6      35      13       1      14            13.00000             5.00000             1.61538             0.26923             2.58333             0.16667          1139.74131             4.19408             1.00000       2       2
   10000       2       2       1       1      11     535       6       6      36       0       0      13             0.00000             0.00000             0.00000             0.00000             0.00000             0.00000             0.00000             0.00000             0.00000       5       2
