   10000       2       2       2       6       7     496       6       6       0     496      36       0            21.13889             3.02778             2.22575             0.23036             1.59494             0.35659           936.79100             3.61014             2.41911       0       0
   10000       2       2       2       6       7     496       6       6       1     478      35      21            21.34286             3.02857             2.24046             0.22849             1.61088             0.36100           909.23935             3.65333             2.44329       2       3
   10000       2       2       2       6       7     496       6       6       2     460      34      13            21.70588             3.11765             2.26639             0.22625             1.65666             0.35383           900.91324             3.63207             2.51556       6       3
   10000       2       2       2       6       7     496       6       6       3     444      33      17            21.96970             3.06061             2.29559             0.22630             1.65365             0.36493           885.90551             3.64851             2.52597       5       3
   10000       2       2       2       6       7     496       6       6       4     438      32      22            22.90625             3.12500             2.31456             0.21954             1.69976             0.37539           832.02044             3.65453             2.57286       4       1
   10000       2       2       2       6       7     496       6       6       5     425      31      21            23.16129             3.12903             2.33146             0.21909             1.71696             0.38193           819.22248             3.66793             2.58942       5       6
   10000       2       2       2       6       7     496       6       6       6     416      30      16            23.30000             3.16667             2.35243             0.21952             1.71147             0.39041           823.08853             3.66500             2.53476       4       3
   10000       2       2       2       6       7     496       6       6       7     404      29      23            23.41379             3.17241             2.34754             0.21865             1.72270             0.40212           813.20681             3.68166             2.50470       5       4
   10000       2       2       2       6       7     496       6       6       8     391      28      30            23.39286             3.21429             2.35352             0.21884             1.73061             0.38068           805.74583             3.71674             2.52383       6       5
   10000       2       2       2       6       7     496       6       6       9     377      27      26            23.00000             3.22222             2.33780             0.22141             1.74479             0.37609           820.47180             3.72249             2.45202       5       5
   10000       2       2       2       6       7     496       6       6      10     368      26      21            23.42308             3.15385             2.31573             0.21558             1.74849             0.37417           810.35161             3.74929             2.45608       2       4
   10000       2       2       2       6       7     496       6       6      11     354      25      28            23.88000             3.16000             2.36941             0.21518             1.76970             0.37824           778.37718             3.82546             2.52916       2       2
   10000       2       2       2       6       7     496       6       6      12     340      24      28            24.37500             3.16667             2.37957             0.21082             1.80369             0.38660           750.61561             3.81480             2.57467       3       6
   10000       2       2       2       6       7     496       6       6      13     321      23      36            23.82609             3.13043             2.38197             0.21494             1.79133             0.38785           762.47889             3.83749             2.54510       4       2
   10000       2       2       2       6       7     496       6       6      14     313      22      25            23.95455             3.18182             2.37252             0.21338             1.80213             0.37346           761.41690             3.86157             2.48028       5       2
   10000       2       2       2       6       7     496       6       6      15     307      21      11            24.47619             3.14286             2.42528             0.20907             1.78357             0.37781           739.25925             3.83847             2.43466       1       6
   10000       2       2       2       6       7     496       6       6      16     292      20      28            24.65000             3.10000             2.38527             0.20584             1.80014             0.40301           729.22767             3.87799             2.43204       1       1
   10000       2       2       2       6       7     496       6       6      17     280      19      30            24.42105             3.21053             2.36811             0.20590             1.81593             0.39518           729.30213             3.89242             2.37493       6       2
   10000       2       2       2       6       7     496       6       6      18     270      18      28            24.16667             3.22222             2.36733             0.20732             1.82037             0.38288           724.67721             3.91841             2.29451       1       3
   10000       2       2       2       6       7     496       6       6      19     255      17      23            23.29412             3.35294             2.37254             0.21659             1.86418             0.39216           777.55635             3.90227             2.21829       2       5
   10000       2       2       2       6       7     496       6       6      20     245      16      21            23.87500             3.31250             2.41438             0.21634             1.90449             0.41389           764.22143             3.89110             2.19409       3       4
   10000       2       2       2       6       7     496       6       6      21     230      15      22            23.46667             3.33333             2.38121             0.21776             1.95418             0.41579           783.13528             3.84756             2.10054       1       5
   10000       2       2       2       6       7     496       6       6      22     220      14      21            23.07143             3.35714             2.35330             0.21837             1.95714             0.41743           790.30234             3.83911             1.91747       3       5
   10000       2       2       2       6       7     496       6       6      23     207      13      19            23.30769             3.38462             2.37217             0.21811             1.96176             0.41687           774.36518             3.82990             1.90494       1       4
   10000       2       2       2       6       7     496       6       6      24     193      12      22            23.41667             3.41667             2.39532             0.21970             1.97457             0.41666           771.30293             3.87042             1.90222       6       6
   10000       2       2       2       6       7     496       6       6      25     175      11      28            23.00000             3.45455             2.38231             0.22256             1.95180             0.40403           772.31117             3.90264             1.85182       1       2
   10000       2       2       2       6       7     496       6       6      26     159      10      20            23.20000             3.40000             2.38307             0.22050             1.94417             0.43277           778.19807             3.87027             1.88559       6       4
   10000       2       2       2       6       7     496       6       6      27     145       9      17            23.88889             3.33333             2.39796             0.21428             1.94112             0.40110           744.81940             3.93574             1.89219       2       1
   10000       2       2       2       6       7     496       6       6      28     127       8      22            24.12500             3.37500             2.35374             0.20851             1.96325             0.38033           718.74531             3.92974             1.90361       2       6
   10000       2       2       2       6       7     496       6       6      29     116       7      27            23.71429             3.42857             2.29166             0.20750             2.00974             0.40398           710.73783             4.00932             1.81165       5       1
   10000       2       2       2       6       7     496       6       6      30      94       6      25            23.50000             3.33333             2.28153             0.20955             1.99053             0.38104           722.39451             4.04397             1.87317       6       1
