   10000       2       1       2       6       8     487       6       6       0     487      36       0            20.66667             3.16667             2.25710             0.23799             1.67006             0.35268           950.26701             3.56068             2.38376       0       0
   10000       2       1       2       6       8     487       6       6       1     469      35      27            20.62857             3.20000             2.25266             0.23881             1.67541             0.35685           946.78271             3.58601             2.39499       6       3
   10000       2       1       2       6       8     487       6       6       2     454      34      20            20.73529             3.14706             2.27717             0.24015             1.68221             0.36046           944.69750             3.56647             2.41516       1       4
   10000       2       1       2       6       8     487       6       6       3     441      33      22            20.60606             3.12121             2.25662             0.23990             1.67486             0.36124           955.48910             3.58165             2.37362       5       1
   10000       2       1       2       6       8     487       6       6       4     431      32      21            20.56250             3.09375             2.28975             0.24589             1.68363             0.37426           964.13416             3.60723             2.31985       5       4
   10000       2       1       2       6       8     487       6       6       5     421      31      21            20.51613             3.06452             2.28378             0.24761             1.67209             0.37159           976.64759             3.58243             2.25991       2       6
   10000       2       1       2       6       8     487       6       6       6     413      30      16            20.80000             3.03333             2.27868             0.24499             1.67851             0.36603           966.90408             3.59181             2.26795       5       3
   10000       2       1       2       6       8     487       6       6       7     407      29       8            21.24138             3.13793             2.27597             0.23330             1.68747             0.35168           923.22704             3.54206             2.24121       6       6
   10000       2       1       2       6       8     487       6       6       8     396      28      18            21.21429             3.07143             2.25600             0.23298             1.67438             0.33936           938.46997             3.48038             2.16911       1       2
   10000       2       1       2       6       8     487       6       6       9     379      27      23            21.07407             3.11111             2.25262             0.23251             1.66018             0.33240           934.35487             3.47957             2.18171       5       2
   10000       2       1       2       6       8     487       6       6      10     365      26      22            20.96154             3.07692             2.25272             0.23309             1.66914             0.33832           934.49538             3.48243             2.15035       3       6
   10000       2       1       2       6       8     487       6       6      11     346      25      28            20.48000             3.04000             2.23340             0.23774             1.68945             0.34303           961.92886             3.47547             2.12635       1       5
   10000       2       1       2       6       8     487       6       6      12     329      24      22            20.70833             3.04167             2.26161             0.23961             1.68746             0.35640           949.01210             3.48911             2.16989       3       5
   10000       2       1       2       6       8     487       6       6      13     313      23      16            20.86957             3.04348             2.24903             0.23598             1.70087             0.36102           951.92613             3.45222             2.21672       1       6
   10000       2       1       2       6       8     487       6       6      14     302      22      23            20.95455             3.18182             2.25955             0.23802             1.76125             0.35064           960.48859             3.44539             2.11712       2       3
   10000       2       1       2       6       8     487       6       6      15     288      21      28            20.80952             3.23810             2.21029             0.23443             1.76338             0.34033           971.80194             3.43156             2.03539       3       4
   10000       2       1       2       6       8     487       6       6      16     278      20      20            20.60000             3.15000             2.23183             0.24041             1.75710             0.34627           988.43751             3.45112             2.01117       6       2
   10000       2       1       2       6       8     487       6       6      17     263      19      26            20.42105             3.15789             2.19718             0.23785             1.76186             0.32714           988.45173             3.47168             1.93962       5       5
   10000       2       1       2       6       8     487       6       6      18     251      18      21            20.16667             3.16667             2.22401             0.24463             1.77456             0.32286           996.65757             3.50129             1.92458       6       4
   10000       2       1       2       6       8     487       6       6      19     239      17      16            20.58824             3.17647             2.19221             0.23267             1.78979             0.31797           969.73444             3.45767             1.95887       1       1
   10000       2       1       2       6       8     487       6       6      20     229      16      16            20.81250             3.12500             2.16661             0.22746             1.78282             0.30004           972.95478             3.46256             1.94268       5       6
   10000       2       1       2       6       8     487       6       6      21     219      15      19            20.53333             3.13333             2.16588             0.23541             1.79396             0.29607           985.71432             3.52873             1.89189       2       4
   10000       2       1       2       6       8     487       6       6      22     213      14      16            21.00000             3.21429             2.20149             0.23764             1.80183             0.28731           972.28299             3.51715             1.77285       4       1
   10000       2       1       2       6       8     487       6       6      23     200      13      13            21.76923             3.15385             2.21872             0.22917             1.78659             0.30420           916.13624             3.47520             1.84401       1       3
   10000       2       1       2       6       8     487       6       6      24     179      12      33            20.41667             3.25000             2.19445             0.24524             1.78118             0.29755           966.70791             3.47700             1.72547       2       1
   10000       2       1       2       6       8     487       6       6      25     157      11      22            20.27273             3.27273             2.16445             0.24583             1.79248             0.29499           983.44973             3.45783             1.79143       6       5
   10000       2       1       2       6       8     487       6       6      26     143      10      23            19.50000             3.00000             2.23053             0.26235             1.73860             0.32118          1041.43457             3.45796             1.62200       4       3
   10000       2       1       2       6       8     487       6       6      27     130       9      15            19.77778             2.88889             2.22956             0.25345             1.71788             0.33071          1014.48430             3.46960             1.68301       2       2
   10000       2       1       2       6       8     487       6       6      28     109       8      25            18.87500             3.00000             2.17777             0.25592             1.73843             0.29303          1034.33342             3.50873             1.65028       4       2
   10000       2       1       2       6       8     487       6       6      29      95       7      13            19.42857             3.00000             2.14352             0.24166             1.74514             0.32894           975.93550             3.51498             1.72658       2       5
   10000       2       1       2       6       8     487       6       6      30      82       6      13            20.50000             3.00000             2.20590             0.23279             1.75279             0.34210           903.47010             3.53362             1.84767       6       1
