   10000       2       2       2       6      11     465       6       6       0     465      36       0            20.86111             3.02778             2.26933             0.23432             1.65535             0.34821           866.06190             3.76657             2.53990       0       0
   10000       2       2       2       6      11     465       6       6       1     452      35      31            20.68571             3.02857             2.26934             0.23627             1.66472             0.35373           871.23285             3.78494             2.47811       5       1
   10000       2       2       2       6      11     465       6       6       2     440      34      28            20.94118             3.05882             2.29918             0.23594             1.68425             0.35971           849.26223             3.77770             2.48633       5       2
   10000       2       2       2       6      11     465       6       6       3     428      33      27            20.90909             3.06061             2.31452             0.23739             1.69678             0.36338           845.59696             3.79227             2.47046       5       3
   10000       2       2       2       6      11     465       6       6       4     403      32      27            21.37500             3.06250             2.34730             0.23527             1.71868             0.37500           809.79733             3.89987             2.63569       5       5
   10000       2       2       2       6      11     465       6       6       5     390      31      29            21.32258             3.12903             2.32109             0.23302             1.72796             0.37063           802.59524             3.93543             2.65570       6       5
   10000       2       2       2       6      11     465       6       6       6     382      30      28            21.00000             3.10000             2.29457             0.23378             1.71660             0.36260           814.53357             3.93476             2.56329       5       4
   10000       2       2       2       6      11     465       6       6       7     368      29      25            22.03448             3.20690             2.35081             0.22961             1.75359             0.37733           776.15165             3.94668             2.67375       2       3
   10000       2       2       2       6      11     465       6       6       8     354      28      33            21.89286             3.25000             2.31708             0.22692             1.75339             0.38980           773.28488             3.98017             2.64178       1       3
   10000       2       2       2       6      11     465       6       6       9     342      27      30            22.14815             3.22222             2.32023             0.22305             1.78626             0.38488           751.63608             3.99609             2.64980       1       4
   10000       2       2       2       6      11     465       6       6      10     328      26      27            22.00000             3.34615             2.32424             0.22492             1.81899             0.39951           756.01933             4.03208             2.62700       2       2
   10000       2       2       2       6      11     465       6       6      11     318      25      25            21.84000             3.32000             2.31413             0.22527             1.81380             0.40556           756.69771             4.05625             2.58228       6       2
   10000       2       2       2       6      11     465       6       6      12     303      24      25            21.87500             3.29167             2.36743             0.23023             1.82584             0.41354           746.29789             4.08644             2.59139       2       6
   10000       2       2       2       6      11     465       6       6      13     293      23      26            22.21739             3.21739             2.39374             0.22988             1.80807             0.42255           738.32299             4.05868             2.57970       2       4
   10000       2       2       2       6      11     465       6       6      14     281      22      27            22.18182             3.27273             2.36439             0.22851             1.84294             0.43770           734.02542             4.08242             2.58119       3       5
   10000       2       2       2       6      11     465       6       6      15     271      21      30            21.95238             3.38095             2.35611             0.22921             1.87526             0.43642           734.10684             4.13963             2.50681       2       5
   10000       2       2       2       6      11     465       6       6      16     257      20      25            21.45000             3.40000             2.31865             0.23494             1.88856             0.41488           768.80211             4.16016             2.43401       1       5
   10000       2       2       2       6      11     465       6       6      17     243      19      25            21.84211             3.42105             2.33088             0.23337             1.90085             0.42025           759.36407             4.22301             2.42855       4       3
   10000       2       2       2       6      11     465       6       6      18     231      18      25            21.66667             3.44444             2.30024             0.23295             1.90882             0.41658           765.50402             4.20049             2.35063       3       6
   10000       2       2       2       6      11     465       6       6      19     219      17      24            21.52941             3.35294             2.32158             0.23799             1.86953             0.41643           773.39004             4.24212             2.33274       1       1
   10000       2       2       2       6      11     465       6       6      20     208      16      24            21.06250             3.50000             2.32881             0.24170             1.89489             0.43027           783.08751             4.27829             2.22877       3       4
   10000       2       2       2       6      11     465       6       6      21     199      15      23            20.73333             3.53333             2.33099             0.24680             1.85688             0.43666           804.46825             4.28458             2.12934       6       4
   10000       2       2       2       6      11     465       6       6      22     185      14      21            20.42857             3.57143             2.30436             0.24909             1.85108             0.43389           802.67130             4.32663             2.09661       2       1
   10000       2       2       2       6      11     465       6       6      23     169      13      20            20.46154             3.53846             2.30729             0.25006             1.83865             0.44297           810.69388             4.31486             2.13668       6       1
   10000       2       2       2       6      11     465       6       6      24     165      12      20            20.91667             3.58333             2.36035             0.25098             1.88699             0.46282           791.69550             4.33979             2.03772       5       6
   10000       2       2       2       6      11     465       6       6      25     152      11      21            20.63636             3.54545             2.35455             0.25466             1.85467             0.46224           814.12802             4.33803             1.98014       6       6
   10000       2       2       2       6      11     465       6       6      26     141      10      17            21.00000             3.40000             2.39922             0.25609             1.82764             0.46471           798.37725             4.29476             1.96751       6       3
   10000       2       2       2       6      11     465       6       6      27     133       9      17            21.88889             3.33333             2.33095             0.24597             1.82640             0.42179           808.42986             4.30113             1.88873       4       2
   10000       2       2       2       6      11     465       6       6      28     121       8      16            22.62500             3.25000             2.34279             0.23967             1.82680             0.40264           776.76672             4.33164             1.93446       1       2
   10000       2       2       2       6      11     465       6       6      29     117       7      13            24.42857             3.28571             2.42406             0.22706             1.83947             0.43451           708.63440             4.40012             1.83904       4       1
   10000       2       2       2       6      11     465       6       6      30     107       6      10            26.33333             3.33333             2.51222             0.20076             1.85313             0.45326           556.45353             4.42244             1.84279       1       6
