   10000       2       1       2       4       1     487       6       6       0     487      36       0            20.66667             3.16667             2.25710             0.23799             1.67006             0.35268           950.26701             3.56068             2.38376       0       0
   10000       2       1       2       4       1     487       6       6       1     478      35      17            20.57143             3.20000             2.23377             0.23612             1.67481             0.34474           948.68474             3.59609             2.32127       6       4
   10000       2       1       2       4       1     487       6       6       2     460      34      27            20.61765             3.14706             2.26982             0.23944             1.68881             0.35643           942.65483             3.59727             2.34322       1       5
   10000       2       1       2       4       1     487       6       6       3     437      33      34            20.27273             3.15152             2.24245             0.23991             1.68195             0.35341           952.34979             3.60086             2.33611       2       1
   10000       2       1       2       4       1     487       6       6       4     426      32      20            20.12500             3.12500             2.23600             0.24187             1.66559             0.35203           968.01434             3.60794             2.27799       2       2
   10000       2       1       2       4       1     487       6       6       5     406      31      23            20.09677             3.12903             2.25007             0.24499             1.68495             0.36572           967.94862             3.60228             2.30529       6       5
   10000       2       1       2       4       1     487       6       6       6     394      30      18            19.96667             3.20000             2.21861             0.24576             1.68438             0.35172           993.68673             3.59452             2.24474       4       6
   10000       2       1       2       4       1     487       6       6       7     387      29      16            20.37931             3.10345             2.23847             0.24285             1.68649             0.35781           966.56296             3.61357             2.25098       5       4
   10000       2       1       2       4       1     487       6       6       8     377      28      18            20.57143             3.07143             2.22815             0.24060             1.67532             0.36037           968.16638             3.54756             2.26714       1       2
   10000       2       1       2       4       1     487       6       6       9     358      27      23            20.70370             3.07407             2.26451             0.24354             1.65858             0.36130           959.34647             3.56161             2.30812       4       4
   10000       2       1       2       4       1     487       6       6      10     342      26      27            20.76923             3.07692             2.23542             0.23960             1.66569             0.35963           954.97416             3.57871             2.29675       4       2
   10000       2       1       2       4       1     487       6       6      11     335      25       7            21.16000             3.20000             2.28367             0.23287             1.68114             0.35803           906.86722             3.51119             2.29031       6       6
   10000       2       1       2       4       1     487       6       6      12     322      24      18            21.29167             3.33333             2.29836             0.23373             1.73119             0.34508           911.33090             3.48707             2.27676       2       3
   10000       2       1       2       4       1     487       6       6      13     308      23      15            21.56522             3.30435             2.28603             0.22844             1.73068             0.33978           895.80168             3.45607             2.32627       1       1
   10000       2       1       2       4       1     487       6       6      14     300      22      25            21.27273             3.27273             2.27917             0.23219             1.72401             0.33244           922.22654             3.42765             2.21911       2       6
   10000       2       1       2       4       1     487       6       6      15     281      21      27            21.04762             3.33333             2.28074             0.23437             1.74577             0.33946           927.53409             3.46012             2.19913       6       3
   10000       2       1       2       4       1     487       6       6      16     272      20      17            21.35000             3.25000             2.27641             0.22907             1.74682             0.33684           900.48626             3.47618             2.17704       4       5
   10000       2       1       2       4       1     487       6       6      17     260      19      15            21.15789             3.31579             2.27696             0.23231             1.74665             0.33567           906.23635             3.45950             2.10212       4       1
   10000       2       1       2       4       1     487       6       6      18     253      18      20            21.55556             3.33333             2.26916             0.22752             1.75520             0.31342           887.47474             3.46989             2.05670       6       2
   10000       2       1       2       4       1     487       6       6      19     240      17      16            21.88235             3.23529             2.34502             0.23068             1.75250             0.33600           854.68855             3.46037             2.06627       1       3
   10000       2       1       2       4       1     487       6       6      20     228      16      22            21.31250             3.18750             2.32729             0.23602             1.72718             0.33133           888.45274             3.45636             1.95078       4       3
   10000       2       1       2       4       1     487       6       6      21     216      15      24            20.80000             3.20000             2.28645             0.23799             1.72385             0.32146           911.60735             3.48754             1.86382       5       1
   10000       2       1       2       4       1     487       6       6      22     200      14      20            20.42857             3.07143             2.29970             0.24569             1.66949             0.32767           959.68568             3.46384             1.83144       1       4
   10000       2       1       2       4       1     487       6       6      23     183      13      18            20.61538             3.07692             2.32019             0.24631             1.68490             0.33423           956.36272             3.46371             1.88721       6       1
   10000       2       1       2       4       1     487       6       6      24     175      12      19            20.50000             3.16667             2.32376             0.24907             1.71099             0.33874           970.52331             3.50300             1.84752       5       3
   10000       2       1       2       4       1     487       6       6      25     166      11      16            20.63636             3.18182             2.29429             0.24358             1.72244             0.32062           984.07687             3.50057             1.82608       5       6
   10000       2       1       2       4       1     487       6       6      26     159      10      14            21.10000             3.20000             2.36632             0.24755             1.75671             0.32349           901.56896             3.59815             1.67272       2       4
   10000       2       1       2       4       1     487       6       6      27     139       9      20            21.22222             3.22222             2.36603             0.24761             1.77003             0.31704           891.68399             3.64187             1.74747       5       2
   10000       2       1       2       4       1     487       6       6      28     125       8      16            21.87500             3.25000             2.36677             0.23942             1.80795             0.31709           885.68481             3.54744             1.79308       1       6
   10000       2       1       2       4       1     487       6       6      29     112       7      15            22.14286             3.28571             2.31858             0.22515             1.78724             0.35472           839.16914             3.57222             1.75963       2       5
   10000       2       1       2       4       1     487       6       6      30      89       6      22            22.00000             3.33333             2.35258             0.23090             1.75508             0.34602           833.10961             3.60116             1.89273       5       5
