   10000       2       2       2      11       1     487       6       6       0     487      36       0            20.66667             3.16667             2.25710             0.23799             1.67006             0.35268           950.26692             3.56068             2.38376       0       0
   10000       2       2       2      11       1     487       6       6       1     476      35      16            21.60000             3.22857             2.28131             0.23042             1.69859             0.35201           905.51264             3.56224             2.49287       4       3
   10000       2       2       2      11       1     487       6       6       2     464      34      22            22.35294             3.23529             2.31901             0.22674             1.71514             0.35933           867.17191             3.57603             2.60156       5       4
   10000       2       2       2      11       1     487       6       6       3     453      33      20            22.48485             3.24242             2.30111             0.22306             1.72098             0.35886           861.32114             3.52678             2.58646       1       1
   10000       2       2       2      11       1     487       6       6       4     442      32      19            22.81250             3.18750             2.32236             0.22217             1.72244             0.36324           842.59501             3.56372             2.59578       1       3
   10000       2       2       2      11       1     487       6       6       5     429      31      20            23.29032             3.22581             2.33421             0.21908             1.74522             0.38662           822.87645             3.57070             2.61976       6       2
   10000       2       2       2      11       1     487       6       6       6     414      30      22            23.43333             3.23333             2.33513             0.21800             1.72810             0.39082           812.25491             3.56956             2.63161       3       1
   10000       2       2       2      11       1     487       6       6       7     404      29      19            23.55172             3.24138             2.36203             0.21961             1.72774             0.38545           816.45034             3.57175             2.57620       4       1
   10000       2       2       2      11       1     487       6       6       8     385      28      23            23.75000             3.25000             2.38304             0.21968             1.76231             0.40038           811.04833             3.57943             2.58810       3       3
   10000       2       2       2      11       1     487       6       6       9     369      27      20            24.03704             3.22222             2.40114             0.21705             1.74966             0.40805           784.94972             3.56614             2.63150       5       6
   10000       2       2       2      11       1     487       6       6      10     356      26      27            23.69231             3.23077             2.39476             0.22187             1.75723             0.40276           796.32499             3.58947             2.54167       3       6
   10000       2       2       2      11       1     487       6       6      11     347      25      22            23.96000             3.20000             2.36461             0.21883             1.76487             0.40763           794.75768             3.61084             2.50123       5       3
   10000       2       2       2      11       1     487       6       6      12     334      24      25            23.58333             3.16667             2.36122             0.22411             1.76481             0.39500           813.42696             3.62262             2.44047       2       2
   10000       2       2       2      11       1     487       6       6      13     329      23      15            23.91304             3.17391             2.34894             0.21794             1.79151             0.41207           806.17047             3.61078             2.39667       4       6
   10000       2       2       2      11       1     487       6       6      14     318      22      20            24.50000             3.13636             2.34723             0.21233             1.75316             0.42296           781.46549             3.61166             2.40420       2       5
   10000       2       2       2      11       1     487       6       6      15     310      21      20            24.52381             3.14286             2.34829             0.21349             1.74629             0.41756           785.95355             3.63589             2.36490       6       1
   10000       2       2       2      11       1     487       6       6      16     296      20      29            24.10000             3.10000             2.35621             0.21564             1.75305             0.41069           791.85099             3.68855             2.28802       6       5
   10000       2       2       2      11       1     487       6       6      17     291      19      13            24.52632             3.10526             2.38645             0.21282             1.75592             0.41827           788.67134             3.66332             2.22339       6       6
   10000       2       2       2      11       1     487       6       6      18     282      18      20            24.94444             3.16667             2.38651             0.21000             1.79520             0.41969           754.86440             3.69776             2.14401       2       4
   10000       2       2       2      11       1     487       6       6      19     274      17      15            25.58824             3.17647             2.42783             0.20673             1.77778             0.41921           750.88230             3.66074             2.12715       2       6
   10000       2       2       2      11       1     487       6       6      20     256      16      32            25.37500             3.18750             2.42341             0.20883             1.79175             0.42242           753.86317             3.70368             2.04806       4       4
   10000       2       2       2      11       1     487       6       6      21     241      15      31            24.66667             3.13333             2.42032             0.21352             1.78252             0.41254           770.66940             3.77315             1.95940       4       5
   10000       2       2       2      11       1     487       6       6      22     232      14      18            25.07143             3.14286             2.41926             0.20945             1.77768             0.41263           751.45887             3.74587             1.89147       2       3
   10000       2       2       2      11       1     487       6       6      23     214      13      34            23.84615             3.07692             2.44170             0.22138             1.73407             0.40717           778.58028             3.79137             1.75901       5       2
   10000       2       2       2      11       1     487       6       6      24     199      12      23            22.83333             3.00000             2.38861             0.22633             1.73406             0.41822           826.45745             3.81990             1.66126       3       4
   10000       2       2       2      11       1     487       6       6      25     184      11      17            23.36364             3.00000             2.38861             0.21993             1.72692             0.42783           811.41534             3.86937             1.70352       5       1
   10000       2       2       2      11       1     487       6       6      26     177      10      15            24.20000             3.00000             2.40080             0.20954             1.73533             0.40632           797.22244             3.84890             1.61516       1       2
   10000       2       2       2      11       1     487       6       6      27     167       9      17            24.66667             3.11111             2.43838             0.20811             1.78548             0.42720           792.41807             3.80082             1.53661       1       6
   10000       2       2       2      11       1     487       6       6      28     153       8      28            23.87500             3.12500             2.36067             0.20887             1.78814             0.41602           805.98364             3.92276             1.43371       6       4
   10000       2       2       2      11       1     487       6       6      29     141       7      22            23.42857             3.28571             2.41523             0.22058             1.84033             0.42311           840.15077             3.95977             1.28102       1       4
   10000       2       2       2      11       1     487       6       6      30     126       6      18            24.33333             3.33333             2.44740             0.21377             1.82352             0.41519           805.16669             3.87234             1.27671       3       5
