   10000       2       1       2      10       9     509       6       6       0     509      36       0            22.55556             2.97222             2.25679             0.22020             1.60747             0.37073           901.40119             3.36120             2.56709       0       0
   10000       2       1       2      10       9     509       6       6       1     504      35      19            22.77143             2.94286             2.28027             0.21998             1.60151             0.37016           896.79811             3.36259             2.52100       3       6
   10000       2       1       2      10       9     509       6       6       2     478      34      37            22.58824             2.94118             2.29326             0.22219             1.59210             0.36778           892.83062             3.38485             2.53746       5       1
   10000       2       1       2      10       9     509       6       6       3     467      33      23            22.48485             2.93939             2.27651             0.22198             1.58648             0.36632           897.89239             3.40004             2.48191       3       4
   10000       2       1       2      10       9     509       6       6       4     455      32      19            22.78125             3.00000             2.29180             0.21919             1.60006             0.34633           866.04781             3.40743             2.48834       1       4
   10000       2       1       2      10       9     509       6       6       5     441      31      17            22.87097             2.96774             2.29338             0.21898             1.59412             0.34624           862.60729             3.42055             2.49277       6       1
   10000       2       1       2      10       9     509       6       6       6     432      30      19            22.93333             3.00000             2.28074             0.21485             1.59992             0.34009           858.80087             3.39880             2.39015       3       2
   10000       2       1       2      10       9     509       6       6       7     417      29      23            22.86207             3.06897             2.27000             0.21442             1.61780             0.33482           865.38563             3.40808             2.35417       4       6
   10000       2       1       2      10       9     509       6       6       8     405      28      17            23.25000             3.07143             2.32975             0.21779             1.63584             0.35214           853.54469             3.38119             2.37549       6       2
   10000       2       1       2      10       9     509       6       6       9     392      27      18            23.37037             3.07407             2.30001             0.21357             1.63848             0.35055           850.02365             3.38423             2.35656       4       1
   10000       2       1       2      10       9     509       6       6      10     381      26      18            23.69231             3.11538             2.33268             0.21420             1.65555             0.35570           819.41092             3.39723             2.32967       4       4
   10000       2       1       2      10       9     509       6       6      11     371      25      21            23.52000             3.12000             2.32377             0.21823             1.67066             0.35193           829.73101             3.39074             2.27549       4       2
   10000       2       1       2      10       9     509       6       6      12     358      24      24            23.50000             3.08333             2.31456             0.21820             1.66971             0.35596           841.67919             3.38480             2.24565       6       6
   10000       2       1       2      10       9     509       6       6      13     340      23      31            23.30435             3.04348             2.33067             0.22079             1.64498             0.37079           845.59442             3.41010             2.24955       4       5
   10000       2       1       2      10       9     509       6       6      14     326      22      29            23.13636             3.04545             2.32193             0.22180             1.63234             0.36338           848.03008             3.43442             2.12749       2       3
   10000       2       1       2      10       9     509       6       6      15     317      21      37            22.57143             3.09524             2.26755             0.22128             1.64581             0.35736           860.47541             3.47193             2.01197       2       5
   10000       2       1       2      10       9     509       6       6      16     301      20      19            22.55000             3.10000             2.32379             0.23306             1.66839             0.37474           872.20430             3.46376             2.00884       3       3
   10000       2       1       2      10       9     509       6       6      17     290      19      17            22.68421             3.10526             2.30108             0.22951             1.68245             0.37117           871.28882             3.46673             1.98935       5       6
   10000       2       1       2      10       9     509       6       6      18     280      18      22            22.66667             3.11111             2.30418             0.23179             1.70066             0.35413           875.91543             3.48235             1.91610       5       5
   10000       2       1       2      10       9     509       6       6      19     272      17      24            22.00000             3.05882             2.26923             0.23532             1.67060             0.34904           897.25722             3.53517             1.83042       1       6
   10000       2       1       2      10       9     509       6       6      20     253      16      23            21.93750             3.06250             2.26621             0.23706             1.66879             0.35501           899.27576             3.55680             1.84409       3       5
   10000       2       1       2      10       9     509       6       6      21     243      15      28            21.26667             3.00000             2.28751             0.25145             1.68074             0.35278           936.14736             3.53278             1.64165       2       1
   10000       2       1       2      10       9     509       6       6      22     224      14      23            21.21429             3.00000             2.28718             0.25003             1.67553             0.34869           939.22372             3.51517             1.72528       5       2
   10000       2       1       2      10       9     509       6       6      23     215      13       8            22.15385             3.07692             2.35422             0.23799             1.68642             0.34557           874.70271             3.51733             1.70759       4       3
   10000       2       1       2      10       9     509       6       6      24     203      12      25            21.91667             3.08333             2.37360             0.24256             1.71730             0.34638           891.55309             3.50369             1.59700       6       3
   10000       2       1       2      10       9     509       6       6      25     186      11      23            21.45455             3.09091             2.36906             0.24861             1.67773             0.36766           914.20280             3.48762             1.56324       5       3
   10000       2       1       2      10       9     509       6       6      26     173      10      19            21.30000             3.10000             2.35118             0.24816             1.70059             0.35127           922.46658             3.51550             1.49722       6       5
   10000       2       1       2      10       9     509       6       6      27     167       9      23            20.66667             3.22222             2.37617             0.26042             1.70754             0.34647           978.08470             3.43349             1.19656       1       2
   10000       2       1       2      10       9     509       6       6      28     146       8      28            19.12500             3.12500             2.30634             0.27120             1.67701             0.33591          1036.04456             3.41227             1.11002       6       4
   10000       2       1       2      10       9     509       6       6      29     134       7      13            20.00000             3.28571             2.27737             0.25065             1.71420             0.31247           998.36974             3.29915             1.10431       3       1
   10000       2       1       2      10       9     509       6       6      30     111       6      23            19.50000             3.33333             2.22939             0.25356             1.73474             0.31909          1030.42728             3.33098             1.12169       5       4
