   10000       2       2       2       5       8     523       6       6       0     523      36       0            22.19444             3.02778             2.32437             0.22473             1.62973             0.34372           814.90618             3.76329             2.41033       0       0
   10000       2       2       2       5       8     523       6       6       1     510      35      16            22.40000             3.02857             2.34182             0.22349             1.63718             0.35154           800.37576             3.78185             2.40518       3       3
   10000       2       2       2       5       8     523       6       6       2     489      34      26            22.73529             3.08824             2.33353             0.21917             1.64795             0.35894           786.40123             3.77579             2.49695       5       4
   10000       2       2       2       5       8     523       6       6       3     475      33      25            23.15152             3.18182             2.35123             0.21776             1.65114             0.34486           774.43072             3.76824             2.50798       1       5
   10000       2       2       2       5       8     523       6       6       4     464      32      17            23.53125             3.21875             2.34884             0.21309             1.66221             0.34493           765.80894             3.75738             2.47197       5       6
   10000       2       2       2       5       8     523       6       6       5     449      31      23            23.70968             3.25806             2.34365             0.21159             1.67660             0.35554           759.65767             3.77899             2.47217       3       5
   10000       2       2       2       5       8     523       6       6       6     435      30      25            23.70000             3.23333             2.34138             0.21208             1.67347             0.34464           759.94988             3.77878             2.44720       5       3
   10000       2       2       2       5       8     523       6       6       7     418      29      26            24.13793             3.27586             2.34660             0.20702             1.70108             0.35289           731.95580             3.79366             2.47827       2       1
   10000       2       2       2       5       8     523       6       6       8     406      28      19            24.17857             3.21429             2.35029             0.20774             1.68940             0.35261           735.20358             3.78750             2.44734       4       6
   10000       2       2       2       5       8     523       6       6       9     394      27      24            24.44444             3.29630             2.35504             0.20695             1.72459             0.36997           734.10644             3.78205             2.39886       4       4
   10000       2       2       2       5       8     523       6       6      10     385      26      27            24.42308             3.30769             2.35038             0.20640             1.72720             0.37956           735.48563             3.77455             2.35618       2       6
   10000       2       2       2       5       8     523       6       6      11     364      25      28            24.32000             3.32000             2.34193             0.20616             1.73818             0.36809           739.47317             3.79363             2.35348       6       3
   10000       2       2       2       5       8     523       6       6      12     358      24      19            24.75000             3.33333             2.38520             0.20583             1.75659             0.37351           721.61139             3.80509             2.31885       3       1
   10000       2       2       2       5       8     523       6       6      13     340      23      28            24.39130             3.30435             2.40321             0.20944             1.75479             0.37910           724.76131             3.79991             2.31687       2       5
   10000       2       2       2       5       8     523       6       6      14     329      22      24            24.72727             3.36364             2.41539             0.20780             1.74199             0.38494           721.45559             3.80756             2.27558       4       1
   10000       2       2       2       5       8     523       6       6      15     317      21      25            25.19048             3.23810             2.42020             0.20541             1.73561             0.39675           703.68993             3.83053             2.24054       2       3
   10000       2       2       2       5       8     523       6       6      16     309      20      21            25.45000             3.25000             2.41409             0.20231             1.74559             0.40106           697.84374             3.83099             2.18210       6       1
   10000       2       2       2       5       8     523       6       6      17     295      19      29            25.26316             3.26316             2.37055             0.20051             1.75046             0.40021           713.05364             3.86649             2.11646       4       2
   10000       2       2       2       5       8     523       6       6      18     284      18      25            25.27778             3.22222             2.38950             0.20221             1.74338             0.40411           712.08697             3.83968             2.06624       4       3
   10000       2       2       2       5       8     523       6       6      19     268      17      35            24.70588             3.29412             2.34752             0.20301             1.76965             0.38967           721.76082             3.88993             2.02757       2       2
   10000       2       2       2       5       8     523       6       6      20     258      16      23            24.87500             3.37500             2.34810             0.20116             1.80948             0.39814           700.12933             3.88332             1.97819       5       5
   10000       2       2       2       5       8     523       6       6      21     243      15      31            24.20000             3.40000             2.32335             0.20498             1.80865             0.40926           713.49332             3.89087             1.88521       3       4
   10000       2       2       2       5       8     523       6       6      22     225      14      21            24.21429             3.42857             2.31272             0.20404             1.82369             0.39888           723.88344             3.84637             1.91191       3       6
   10000       2       2       2       5       8     523       6       6      23     209      13      19            24.61538             3.38462             2.34541             0.20397             1.80586             0.40392           712.44377             3.82601             1.94020       1       6
   10000       2       2       2       5       8     523       6       6      24     198      12      18            25.16667             3.33333             2.36956             0.20082             1.78968             0.40327           713.81337             3.75840             1.94092       4       5
   10000       2       2       2       5       8     523       6       6      25     188      11      24            24.72727             3.45455             2.38235             0.20641             1.85383             0.40597           752.07365             3.70031             1.81857       5       2
   10000       2       2       2       5       8     523       6       6      26     173      10      24            24.80000             3.40000             2.37232             0.20563             1.80443             0.39005           755.24584             3.67389             1.77746       3       2
   10000       2       2       2       5       8     523       6       6      27     162       9      18            25.44444             3.44444             2.41049             0.20291             1.82250             0.40915           726.71520             3.62415             1.74591       5       1
   10000       2       2       2       5       8     523       6       6      28     146       8      20            26.12500             3.37500             2.40390             0.19624             1.78715             0.39565           707.37907             3.57574             1.77832       6       2
   10000       2       2       2       5       8     523       6       6      29     130       7      24            25.71429             3.57143             2.36760             0.19533             1.82720             0.38151           729.95622             3.51932             1.68953       2       4
   10000       2       2       2       5       8     523       6       6      30     105       6      32            24.33333             3.50000             2.31494             0.20065             1.88248             0.35236           794.87188             3.45116             1.67082       1       4
