   10000       2       2       1       1      11     546       6       6       0     546      36       0            21.88889             3.11111             2.26232             0.22006             1.62450             0.32094           843.01095             3.63284             2.18994       0       0
   10000       2       2       1       1      11     546       6       6       1     522      35      30            22.48571             3.14286             2.30281             0.21736             1.66306             0.32848           810.58773             3.63443             2.31239       3       3
   10000       2       2       1       1      11     546       6       6       2     510      34      32            22.44118             3.08824             2.29656             0.21671             1.66551             0.32872           809.68395             3.64508             2.27982       3       2
   10000       2       2       1       1      11     546       6       6       3     488      33      29            22.72727             3.12121             2.31968             0.21633             1.68048             0.34610           795.89289             3.66392             2.35669       5       3
   10000       2       2       1       1      11     546       6       6       4     467      32      34            22.78125             3.09375             2.32347             0.21583             1.67965             0.34255           785.86789             3.67749             2.39741       5       4
   10000       2       2       1       1      11     546       6       6       5     456      31      27            22.80645             3.03226             2.32964             0.21594             1.67139             0.35612           785.85972             3.67705             2.34259       4       3
   10000       2       2       1       1      11     546       6       6       6     441      30      29            22.90000             3.06667             2.33029             0.21582             1.69145             0.35574           789.60498             3.67248             2.32222       4       4
   10000       2       2       1       1      11     546       6       6       7     427      29      28            23.17241             3.03448             2.34101             0.21434             1.69248             0.35539           775.97528             3.68537             2.35456       2       4
   10000       2       2       1       1      11     546       6       6       8     414      28      28            23.60714             3.03571             2.36081             0.21156             1.70824             0.36471           761.44076             3.70404             2.35079       3       5
   10000       2       2       1       1      11     546       6       6       9     395      27      34            23.62963             3.03704             2.34155             0.21011             1.70033             0.36458           758.12611             3.72526             2.33252       2       6
   10000       2       2       1       1      11     546       6       6      10     377      26      33            23.00000             3.11538             2.32985             0.21564             1.73808             0.35651           776.63257             3.78872             2.25625       1       5
   10000       2       2       1       1      11     546       6       6      11     362      25      29            22.92000             3.12000             2.31851             0.21553             1.74598             0.34211           776.70449             3.79042             2.22617       1       4
   10000       2       2       1       1      11     546       6       6      12     345      24      27            22.91667             3.20833             2.35244             0.21881             1.76727             0.34109           786.45236             3.77987             2.20518       6       5
   10000       2       2       1       1      11     546       6       6      13     331      23      28            22.69565             3.26087             2.34872             0.22123             1.77405             0.34159           786.74034             3.80639             2.16417       6       3
   10000       2       2       1       1      11     546       6       6      14     323      22      27            22.68182             3.27273             2.31272             0.21759             1.79854             0.34146           790.58704             3.82187             2.08640       4       6
   10000       2       2       1       1      11     546       6       6      15     306      21      28            22.33333             3.33333             2.29274             0.21919             1.81663             0.34237           801.94403             3.86664             2.05672       4       5
   10000       2       2       1       1      11     546       6       6      16     297      20      28            22.00000             3.35000             2.27924             0.22126             1.85067             0.34103           825.78421             3.83670             1.98808       5       6
   10000       2       2       1       1      11     546       6       6      17     288      19      27            22.36842             3.31579             2.31944             0.22260             1.81824             0.32905           812.69958             3.88958             1.95203       1       3
   10000       2       2       1       1      11     546       6       6      18     275      18      29            22.50000             3.38889             2.32627             0.22279             1.85401             0.34246           820.07732             3.88305             1.93918       1       2
   10000       2       2       1       1      11     546       6       6      19     258      17      30            21.64706             3.35294             2.34153             0.23124             1.84445             0.35028           847.11868             3.87782             1.84872       1       1
   10000       2       2       1       1      11     546       6       6      20     246      16      28            21.18750             3.43750             2.28520             0.23113             1.87432             0.33961           863.11152             3.93157             1.77331       2       3
   10000       2       2       1       1      11     546       6       6      21     227      15      26            21.60000             3.40000             2.28830             0.22739             1.87294             0.33348           854.17842             3.98664             1.81902       4       2
   10000       2       2       1       1      11     546       6       6      22     206      14      27            21.42857             3.42857             2.29514             0.22929             1.87672             0.34382           861.31447             4.03478             1.84971       3       1
   10000       2       2       1       1      11     546       6       6      23     190      13      29            21.23077             3.38462             2.32071             0.23590             1.87922             0.35394           870.88438             4.08579             1.77498       5       1
   10000       2       2       1       1      11     546       6       6      24     178      12      31            19.66667             3.50000             2.20115             0.24094             1.93000             0.34646           921.41393             4.24476             1.59720       6       2
   10000       2       2       1       1      11     546       6       6      25     160      11      25            19.18182             3.54545             2.17045             0.24339             1.96152             0.34387           925.17491             4.25155             1.53820       6       1
   10000       2       2       1       1      11     546       6       6      26     146      10      24            18.70000             3.60000             2.15000             0.24708             1.97071             0.33478           943.86167             4.29888             1.46944       1       6
   10000       2       2       1       1      11     546       6       6      27     134       9      24            18.11111             3.66667             2.14351             0.25319             1.97712             0.32367           957.92578             4.28818             1.38294       6       6
   10000       2       2       1       1      11     546       6       6      28     123       8      23            17.00000             3.75000             2.07771             0.26050             2.02108             0.29459          1022.33562             4.26629             1.21791       2       1
   10000       2       2       1       1      11     546       6       6      29     106       7      19            16.71429             3.71429             2.07148             0.26373             2.00029             0.28112          1041.98875             4.26129             1.19897       5       5
   10000       2       2       1       1      11     546       6       6      30      94       6      18            16.50000             3.83333             2.04404             0.26352             2.01994             0.26915          1081.32166             4.29198             1.10784       4       1
   10000       2       2       1       1      11     546       6       6      31      77       5      17            16.40000             3.80000             1.93520             0.25151             2.08643             0.29798          1079.85086             4.37655             1.12940       2       5
   10000       2       2       1       1      11     546       6       6      32      63       4      17            16.25000             3.75000             1.86017             0.24454             2.12366             0.30997          1029.48375             4.57839             1.06696       3       4
   10000       2       2       1       1      11     546       6       6      33      46       3      17            16.00000             3.66667             1.93121             0.25742             2.01905             0.30913          1016.54159             4.82499             1.08929       3       6
   10000       2       2       1       1      11     546       6       6      34      31       2      17            15.50000             3.50000             1.77917             0.24643             2.02857             0.27619          1037.13551             4.98301             1.00000       5       2
   10000       2       2       1       1      11     546       6       6      35      15       1      16            15.00000             3.00000             1.93333             0.27619             1.85714             0.28571          1012.88888             5.03381             1.00000       2       2
   10000       2       2       1       1      11     546       6       6      36       0       0      15             0.00000             0.00000             0.00000             0.00000             0.00000             0.00000             0.00000             0.00000             0.00000       6       4
