   10000       2       2       1       1       1     514       6       6       0     514      36       0            21.69444             3.13889             2.30008             0.22645             1.65036             0.33603           860.60531             3.60649             2.37765       0       0
   10000       2       2       1       1       1     514       6       6       1     503      35      23            22.28571             3.05714             2.34296             0.22454             1.65992             0.34130           836.96644             3.62537             2.41986       5       2
   10000       2       2       1       1       1     514       6       6       2     491      34      22            23.05882             3.05882             2.38963             0.22086             1.67111             0.35587           808.48069             3.63139             2.48571       4       2
   10000       2       2       1       1       1     514       6       6       3     476      33      33            23.09091             3.03030             2.37837             0.21936             1.67383             0.35561           803.02725             3.64024             2.46754       2       1
   10000       2       2       1       1       1     514       6       6       4     464      32      21            23.31250             3.00000             2.37731             0.21728             1.68080             0.37568           799.64834             3.65654             2.47127       2       6
   10000       2       2       1       1       1     514       6       6       5     453      31      24            23.38710             3.00000             2.34547             0.21338             1.69200             0.37453           799.82558             3.66743             2.43344       1       2
   10000       2       2       1       1       1     514       6       6       6     439      30      22            23.46667             3.16667             2.34920             0.21326             1.70934             0.37010           789.75528             3.69632             2.43040       1       4
   10000       2       2       1       1       1     514       6       6       7     431      29      18            23.51724             3.13793             2.35031             0.21367             1.71161             0.37244           797.50497             3.68218             2.33680       5       3
   10000       2       2       1       1       1     514       6       6       8     419      28      18            23.96429             3.10714             2.34959             0.20947             1.71591             0.36332           774.54906             3.68606             2.37497       3       6
   10000       2       2       1       1       1     514       6       6       9     402      27      27            24.29630             3.14815             2.36295             0.20850             1.71384             0.36978           767.52253             3.68109             2.41085       2       4
   10000       2       2       1       1       1     514       6       6      10     385      26      24            24.19231             3.15385             2.34930             0.20707             1.72278             0.37427           761.09666             3.70024             2.42066       3       1
   10000       2       2       1       1       1     514       6       6      11     373      25      32            23.84000             3.24000             2.32756             0.20957             1.71945             0.37034           778.54283             3.69726             2.34820       6       2
   10000       2       2       1       1       1     514       6       6      12     357      24      15            23.50000             3.29167             2.32337             0.21024             1.71829             0.36508           786.66626             3.70080             2.32422       6       1
   10000       2       2       1       1       1     514       6       6      13     341      23      25            23.60870             3.30435             2.31853             0.21052             1.73360             0.36859           794.79903             3.72548             2.32843       3       2
   10000       2       2       1       1       1     514       6       6      14     336      22      19            23.81818             3.27273             2.31698             0.20847             1.75482             0.36303           787.61516             3.74433             2.28900       4       1
   10000       2       2       1       1       1     514       6       6      15     319      21      23            23.76190             3.28571             2.31054             0.20903             1.76441             0.36944           788.00769             3.76972             2.31528       1       1
   10000       2       2       1       1       1     514       6       6      16     303      20      23            23.75000             3.30000             2.30170             0.20869             1.76110             0.36795           776.86647             3.79191             2.31868       5       1
   10000       2       2       1       1       1     514       6       6      17     293      19      19            24.42105             3.21053             2.37094             0.20885             1.76030             0.38760           742.70283             3.76551             2.29770       6       6
   10000       2       2       1       1       1     514       6       6      18     286      18      14            24.88889             3.27778             2.41586             0.20725             1.76361             0.39550           724.35799             3.75474             2.27200       6       3
   10000       2       2       1       1       1     514       6       6      19     267      17      27            25.00000             3.17647             2.46323             0.21078             1.75888             0.37990           727.43325             3.75961             2.31220       4       3
   10000       2       2       1       1       1     514       6       6      20     258      16      19            25.56250             3.18750             2.45217             0.20454             1.73954             0.39466           708.69380             3.78626             2.32825       2       2
   10000       2       2       1       1       1     514       6       6      21     242      15      24            26.66667             3.13333             2.50222             0.20167             1.73732             0.39435           671.29313             3.84142             2.41840       4       4
   10000       2       2       1       1       1     514       6       6      22     222      14      32            26.14286             3.14286             2.47677             0.20398             1.71862             0.38660           675.72554             3.85959             2.38930       1       3
   10000       2       2       1       1       1     514       6       6      23     206      13      28            26.07692             3.23077             2.43922             0.20199             1.78640             0.36885           670.03164             3.91260             2.31634       6       4
   10000       2       2       1       1       1     514       6       6      24     187      12      33            25.75000             3.33333             2.41100             0.20221             1.82257             0.34349           674.65434             3.96181             2.20735       3       5
   10000       2       2       1       1       1     514       6       6      25     174      11      24            24.90909             3.54545             2.39067             0.21253             1.85732             0.32017           736.76092             4.01011             2.05988       1       5
   10000       2       2       1       1       1     514       6       6      26     162      10      19            25.00000             3.50000             2.44452             0.21411             1.87202             0.33632           701.74545             4.16220             1.95416       5       6
   10000       2       2       1       1       1     514       6       6      27     154       9      15            25.88889             3.44444             2.46788             0.20768             1.87432             0.38686           659.87604             4.12562             1.93533       1       6
   10000       2       2       1       1       1     514       6       6      28     132       8      35            23.75000             3.50000             2.49016             0.22700             1.83557             0.37861           705.57213             4.21895             1.86103       3       3
   10000       2       2       1       1       1     514       6       6      29     120       7      19            24.28571             3.57143             2.39793             0.21469             1.83649             0.37327           706.15649             4.18695             1.81703       6       5
   10000       2       2       1       1       1     514       6       6      30     104       6      37            23.00000             3.66667             2.32836             0.21432             1.97878             0.35839           722.83470             4.28911             1.55908       4       5
   10000       2       2       1       1       1     514       6       6      31      91       5      24            22.00000             3.60000             2.33377             0.22462             1.95810             0.34647           793.58457             4.31312             1.39647       5       4
   10000       2       2       1       1       1     514       6       6      32      75       4      20            22.50000             3.50000             2.32971             0.21893             1.98710             0.36730           812.40580             4.31193             1.34977       2       5
   10000       2       2       1       1       1     514       6       6      33      61       3      22            22.66667             3.66667             2.27295             0.21255             2.04630             0.37862           817.38397             4.20141             1.20733       5       5
   10000       2       2       1       1       1     514       6       6      34      42       2      25            21.50000             3.50000             2.20943             0.21882             2.02778             0.29710           959.57175             4.36832             1.04952       2       3
   10000       2       2       1       1       1     514       6       6      35      19       1      24            19.00000             3.00000             2.21053             0.24561             2.05556             0.33333           942.80848             4.64558             1.00000       3       4
   10000       2       2       1       1       1     514       6       6      36       0       0      19             0.00000             0.00000             0.00000             0.00000             0.00000             0.00000             0.00000             0.00000             0.00000       4       6
