   10000       2       2       2      11       3     503       6       6       0     503      36       0            22.55556             3.00000             2.29326             0.21934             1.68768             0.35119           834.45788             3.74064             2.54979       0       0
   10000       2       2       2      11       3     503       6       6       1     483      35      24            23.34286             3.02857             2.32312             0.21608             1.69214             0.36829           807.69771             3.76527             2.66479       5       5
   10000       2       2       2      11       3     503       6       6       2     470      34      21            23.47059             2.94118             2.33495             0.21426             1.66597             0.35960           782.49847             3.73757             2.64948       1       3
   10000       2       2       2      11       3     503       6       6       3     456      33      30            23.54545             3.00000             2.32858             0.21243             1.68619             0.36436           779.34095             3.75406             2.63235       3       6
   10000       2       2       2      11       3     503       6       6       4     444      32      23            24.00000             3.06250             2.33717             0.20848             1.71405             0.37621           757.75992             3.76012             2.68171       4       1
   10000       2       2       2      11       3     503       6       6       5     432      31      25            24.29032             3.00000             2.34204             0.20624             1.70241             0.37547           742.82889             3.87263             2.71361       2       5
   10000       2       2       2      11       3     503       6       6       6     430      30      13            24.73333             3.06667             2.37966             0.20693             1.72832             0.38390           741.00535             3.76382             2.61322       2       4
   10000       2       2       2      11       3     503       6       6       7     424      29      22            24.93103             3.10345             2.40852             0.20815             1.74166             0.38661           737.99756             3.70736             2.56499       2       6
   10000       2       2       2      11       3     503       6       6       8     411      28      15            25.67857             3.03571             2.47448             0.20487             1.75641             0.37855           703.37793             3.69282             2.60511       2       2
   10000       2       2       2      11       3     503       6       6       9     392      27      28            26.33333             3.14815             2.54441             0.20560             1.78085             0.40673           683.57769             3.72179             2.72748       5       4
   10000       2       2       2      11       3     503       6       6      10     376      26      24            26.30769             3.23077             2.51990             0.20449             1.79564             0.39858           689.96282             3.72787             2.69371       2       1
   10000       2       2       2      11       3     503       6       6      11     362      25      33            25.80000             3.28000             2.49296             0.20605             1.79554             0.39833           699.88757             3.73984             2.67815       1       5
   10000       2       2       2      11       3     503       6       6      12     355      24      20            25.91667             3.29167             2.50278             0.20679             1.81121             0.41408           700.14541             3.70200             2.61685       1       2
   10000       2       2       2      11       3     503       6       6      13     332      23      25            25.69565             3.21739             2.49024             0.20795             1.79543             0.40518           705.88889             3.74569             2.59525       3       4
   10000       2       2       2      11       3     503       6       6      14     328      22      20            26.31818             3.36364             2.49610             0.20377             1.82014             0.40306           685.12357             3.74859             2.48318       4       3
   10000       2       2       2      11       3     503       6       6      15     316      21      25            26.57143             3.33333             2.52790             0.20569             1.81813             0.40693           678.52329             3.77565             2.44298       6       2
   10000       2       2       2      11       3     503       6       6      16     308      20      26            26.45000             3.35000             2.51259             0.20551             1.82775             0.39971           677.90345             3.80891             2.31968       4       2
   10000       2       2       2      11       3     503       6       6      17     297      19      26            26.47368             3.42105             2.49427             0.20449             1.81967             0.38197           674.20841             3.84656             2.27551       6       4
   10000       2       2       2      11       3     503       6       6      18     283      18      34            26.00000             3.50000             2.47160             0.20601             1.85171             0.38826           679.60542             3.87494             2.19637       4       5
   10000       2       2       2      11       3     503       6       6      19     268      17      24            26.05882             3.47059             2.47093             0.20602             1.84172             0.40000           670.28678             3.88480             2.16739       1       4
   10000       2       2       2      11       3     503       6       6      20     256      16      25            25.87500             3.43750             2.48412             0.20989             1.85528             0.40965           680.04877             3.91124             2.09586       3       1
   10000       2       2       2      11       3     503       6       6      21     240      15      24            26.00000             3.40000             2.44435             0.20640             1.84600             0.41557           682.62140             3.91363             2.08194       3       5
   10000       2       2       2      11       3     503       6       6      22     226      14      29            25.42857             3.21429             2.48355             0.21458             1.81210             0.40857           696.25287             3.94188             2.00327       6       6
   10000       2       2       2      11       3     503       6       6      23     217      13      32            25.69231             3.23077             2.50742             0.21522             1.81121             0.41649           675.37495             4.02399             1.91612       5       2
   10000       2       2       2      11       3     503       6       6      24     206      12      19            25.83333             3.50000             2.53047             0.21455             1.85312             0.41063           663.82029             3.94890             1.87019       2       3
   10000       2       2       2      11       3     503       6       6      25     194      11      29            25.27273             3.45455             2.49668             0.21805             1.85157             0.40418           677.43174             4.00413             1.76869       5       1
   10000       2       2       2      11       3     503       6       6      26     182      10      32            24.50000             3.40000             2.38354             0.21617             1.85555             0.38562           696.35112             3.99404             1.63224       3       3
   10000       2       2       2      11       3     503       6       6      27     165       9      19            24.77778             3.44444             2.36599             0.21236             1.89702             0.36852           691.78158             3.93735             1.64570       1       6
   10000       2       2       2      11       3     503       6       6      28     157       8      14            26.12500             3.50000             2.39415             0.19839             1.92856             0.34727           686.74023             3.80531             1.63988       1       1
   10000       2       2       2      11       3     503       6       6      29     146       7      18            27.28571             3.57143             2.48221             0.19685             1.93516             0.35487           660.61514             3.79015             1.60746       6       1
   10000       2       2       2      11       3     503       6       6      30     119       6      27            27.33333             3.50000             2.50702             0.19974             1.90513             0.36914           689.71605             3.56977             1.70870       3       2
