   10000       2       1       2       3       1     509       6       6       0     509      36       0            22.55556             2.97222             2.25679             0.22020             1.60747             0.37073           901.40119             3.36120             2.56709       0       0
   10000       2       1       2       3       1     509       6       6       1     496      35      27            22.34286             3.00000             2.23571             0.22065             1.61362             0.37335           912.60728             3.36555             2.49891       5       4
   10000       2       1       2       3       1     509       6       6       2     482      34      23            22.38235             3.00000             2.26659             0.22349             1.60487             0.37652           911.01476             3.36448             2.45844       3       5
   10000       2       1       2       3       1     509       6       6       3     471      33      23            22.48485             3.00000             2.25200             0.22307             1.60685             0.37472           917.46808             3.36651             2.42328       4       2
   10000       2       1       2       3       1     509       6       6       4     461      32      23            22.71875             2.96875             2.26549             0.22285             1.60910             0.36858           909.35214             3.36147             2.41421       5       5
   10000       2       1       2       3       1     509       6       6       5     442      31      23            22.77419             3.03226             2.27951             0.22443             1.62577             0.37211           914.04175             3.35568             2.41422       6       2
   10000       2       1       2       3       1     509       6       6       6     428      30      23            22.86667             3.03333             2.30890             0.22171             1.62981             0.37857           887.13391             3.32941             2.40322       6       3
   10000       2       1       2       3       1     509       6       6       7     404      29      35            22.44828             3.00000             2.29769             0.22316             1.63486             0.36744           895.86740             3.32942             2.37849       2       6
   10000       2       1       2       3       1     509       6       6       8     395      28      19            22.46429             3.00000             2.30847             0.22485             1.65576             0.37708           901.96277             3.32612             2.33032       5       6
   10000       2       1       2       3       1     509       6       6       9     383      27      23            22.55556             3.03704             2.28789             0.22130             1.63336             0.34896           892.44415             3.33281             2.26796       2       3
   10000       2       1       2       3       1     509       6       6      10     367      26      22            22.61538             3.07692             2.30949             0.22135             1.63416             0.33665           884.92056             3.32244             2.23875       3       4
   10000       2       1       2       3       1     509       6       6      11     359      25      18            22.72000             3.08000             2.29318             0.21862             1.63058             0.32725           896.94132             3.31544             2.22234       3       6
   10000       2       1       2       3       1     509       6       6      12     342      24      28            22.62500             3.00000             2.34050             0.22506             1.63261             0.34660           895.25881             3.33831             2.21379       2       4
   10000       2       1       2       3       1     509       6       6      13     331      23      22            22.17391             3.17391             2.29044             0.22673             1.66615             0.34072           926.94361             3.29977             2.08224       3       1
   10000       2       1       2       3       1     509       6       6      14     317      22      16            22.22727             3.04545             2.29437             0.22513             1.67183             0.34974           914.85116             3.28765             2.10376       6       1
   10000       2       1       2       3       1     509       6       6      15     308      21      24            21.90476             3.09524             2.28600             0.22845             1.68296             0.33932           937.34977             3.28415             2.05978       6       5
   10000       2       1       2       3       1     509       6       6      16     287      20      33            21.20000             3.05000             2.27228             0.23411             1.65408             0.33697           958.20781             3.29682             2.01113       5       1
   10000       2       1       2       3       1     509       6       6      17     274      19      21            21.10526             3.05263             2.26114             0.23364             1.65768             0.33702           956.89275             3.32873             2.01105       2       5
   10000       2       1       2       3       1     509       6       6      18     263      18      11            21.66667             3.11111             2.29410             0.22824             1.68536             0.34755           926.14721             3.35109             2.06722       4       1
   10000       2       1       2       3       1     509       6       6      19     246      17      25            21.41176             3.23529             2.26092             0.22688             1.70799             0.33433           928.40497             3.33399             2.04600       5       2
   10000       2       1       2       3       1     509       6       6      20     235      16      23            21.18750             3.31250             2.24094             0.22714             1.71497             0.34520           942.16116             3.32729             1.90546       2       2
   10000       2       1       2       3       1     509       6       6      21     224      15      18            21.33333             3.33333             2.27204             0.22862             1.70959             0.34724           925.38201             3.35507             1.88928       4       6
   10000       2       1       2       3       1     509       6       6      22     214      14      16            21.57143             3.42857             2.31704             0.23087             1.72783             0.35608           939.18703             3.34284             1.83174       3       2
   10000       2       1       2       3       1     509       6       6      23     213      13      18            21.84615             3.38462             2.34413             0.23220             1.69663             0.36051           965.91508             3.38248             1.70307       4       3
   10000       2       1       2       3       1     509       6       6      24     204      12      20            21.83333             3.41667             2.36399             0.23436             1.70530             0.35998           943.72074             3.42645             1.66428       4       4
   10000       2       1       2       3       1     509       6       6      25     184      11      22            21.81818             3.36364             2.35251             0.23418             1.68717             0.37539           949.56875             3.41730             1.70671       6       4
   10000       2       1       2       3       1     509       6       6      26     165      10      20            22.00000             3.40000             2.36777             0.23444             1.68747             0.38135           922.78997             3.37609             1.76777       3       3
   10000       2       1       2       3       1     509       6       6      27     137       9      28            21.33333             3.33333             2.34514             0.23932             1.65274             0.39492           941.58984             3.44865             1.85308       4       5
   10000       2       1       2       3       1     509       6       6      28     124       8      21            20.87500             3.25000             2.40983             0.25656             1.65219             0.39854           967.62591             3.37740             1.74784       2       1
   10000       2       1       2       3       1     509       6       6      29     105       7      18            21.14286             3.28571             2.43192             0.25676             1.65151             0.41819           956.01708             3.39148             1.85468       6       6
   10000       2       1       2       3       1     509       6       6      30      82       6      23            20.83333             3.16667             2.40461             0.26034             1.63131             0.41970           981.60596             3.34923             1.99712       5       3
