   10000       2       2       2       7       2     502       6       6       0     502      36       0            21.30556             2.97222             2.18550             0.22404             1.60095             0.31630           871.56841             3.81060             2.43201       0       0
   10000       2       2       2       7       2     502       6       6       1     483      35      26            21.25714             2.97143             2.19860             0.22656             1.61055             0.32275           872.16061             3.80630             2.44750       6       6
   10000       2       2       2       7       2     502       6       6       2     474      34      14            22.11765             3.05882             2.23982             0.22148             1.64503             0.33772           841.56268             3.81592             2.50536       6       2
   10000       2       2       2       7       2     502       6       6       3     462      33      21            22.30303             3.09091             2.26526             0.22053             1.65465             0.34513           832.51018             3.81818             2.50686       1       4
   10000       2       2       2       7       2     502       6       6       4     444      32      29            23.25000             3.09375             2.30372             0.21247             1.67172             0.36166           788.19097             3.83239             2.59979       2       5
   10000       2       2       2       7       2     502       6       6       5     435      31      25            23.22581             3.09677             2.27647             0.20992             1.67528             0.35870           790.18480             3.83346             2.54131       6       3
   10000       2       2       2       7       2     502       6       6       6     426      30      25            23.50000             3.23333             2.27604             0.20744             1.70394             0.36228           780.25935             3.81850             2.53858       5       1
   10000       2       2       2       7       2     502       6       6       7     411      29      18            24.31034             3.24138             2.32297             0.20379             1.73394             0.37992           761.74373             3.74961             2.60295       4       5
   10000       2       2       2       7       2     502       6       6       8     399      28      19            24.17857             3.14286             2.33314             0.20578             1.71480             0.38196           766.46250             3.74692             2.54638       6       5
   10000       2       2       2       7       2     502       6       6       9     392      27      22            24.25926             3.25926             2.34203             0.20697             1.73347             0.37704           755.50855             3.78279             2.47075       4       4
   10000       2       2       2       7       2     502       6       6      10     380      26      31            24.03846             3.23077             2.35755             0.21241             1.72902             0.38785           765.15526             3.81590             2.41559       3       6
   10000       2       2       2       7       2     502       6       6      11     370      25      18            24.16000             3.28000             2.33406             0.20866             1.73516             0.37551           768.47295             3.80552             2.38582       1       5
   10000       2       2       2       7       2     502       6       6      12     360      24      16            24.41667             3.29167             2.32916             0.20510             1.73722             0.37208           765.38418             3.76998             2.34929       5       2
   10000       2       2       2       7       2     502       6       6      13     336      23      33            24.43478             3.34783             2.38014             0.20967             1.75054             0.37753           757.21089             3.79637             2.40094       2       1
   10000       2       2       2       7       2     502       6       6      14     323      22      18            24.59091             3.31818             2.39575             0.20899             1.74804             0.38975           758.09627             3.76490             2.40747       6       4
   10000       2       2       2       7       2     502       6       6      15     313      21      15            24.85714             3.33333             2.39433             0.20476             1.76549             0.38246           749.79620             3.79278             2.36458       1       3
   10000       2       2       2       7       2     502       6       6      16     304      20      23            25.55000             3.25000             2.41412             0.20038             1.79387             0.38216           731.60603             3.79364             2.36917       3       2
   10000       2       2       2       7       2     502       6       6      17     288      19      30            25.00000             3.15789             2.39220             0.20259             1.79811             0.38453           746.06545             3.80738             2.35075       1       6
   10000       2       2       2       7       2     502       6       6      18     277      18      23            24.88889             3.16667             2.38794             0.20321             1.78257             0.38483           749.76448             3.85543             2.27069       3       1
   10000       2       2       2       7       2     502       6       6      19     268      17      25            26.00000             3.29412             2.41990             0.19729             1.77897             0.38373           711.50444             3.89129             2.25472       2       3
   10000       2       2       2       7       2     502       6       6      20     255      16      23            25.81250             3.25000             2.43276             0.20064             1.78464             0.37334           723.99341             3.94434             2.15546       4       1
   10000       2       2       2       7       2     502       6       6      21     237      15      19            26.20000             3.26667             2.45080             0.19853             1.79423             0.37124           698.00973             3.96454             2.22052       6       1
   10000       2       2       2       7       2     502       6       6      22     222      14      33            25.71429             3.21429             2.43660             0.20011             1.76940             0.37993           696.51054             3.99138             2.16882       2       4
   10000       2       2       2       7       2     502       6       6      23     211      13      25            26.00000             3.15385             2.47495             0.20112             1.73674             0.38833           694.24920             4.02149             2.09555       5       4
   10000       2       2       2       7       2     502       6       6      24     197      12      18            26.25000             3.16667             2.47885             0.20025             1.76139             0.40393           705.67309             3.94722             2.09011       3       5
   10000       2       2       2       7       2     502       6       6      25     189      11      25            25.90909             3.00000             2.46981             0.20234             1.76129             0.40217           718.91198             4.04775             1.92069       4       3
   10000       2       2       2       7       2     502       6       6      26     175      10      32            25.50000             3.00000             2.41455             0.20126             1.75653             0.37914           734.79058             4.10704             1.82323       2       2
   10000       2       2       2       7       2     502       6       6      27     156       9      23            25.66667             3.00000             2.41117             0.19993             1.72825             0.37354           698.53105             4.09963             1.83962       5       3
   10000       2       2       2       7       2     502       6       6      28     146       8      19            26.50000             3.00000             2.44299             0.19543             1.73550             0.36994           674.56639             4.08231             1.79666       4       2
   10000       2       2       2       7       2     502       6       6      29     120       7      29            26.00000             3.00000             2.47521             0.20161             1.72245             0.36302           684.39322             4.02803             1.83706       2       6
   10000       2       2       2       7       2     502       6       6      30     106       6      21            26.33333             3.00000             2.50517             0.20075             1.74000             0.38848           709.13150             3.89135             1.72593       4       6
