   10000       2       1       2       5       8     509       6       6       0     509      36       0            22.55556             2.97222             2.25679             0.22020             1.60747             0.37073           901.40119             3.36120             2.56709       0       0
   10000       2       1       2       5       8     509       6       6       1     496      35      27            22.34286             3.00000             2.23571             0.22065             1.61362             0.37335           912.60728             3.36555             2.49891       5       4
   10000       2       1       2       5       8     509       6       6       2     482      34      21            22.64706             2.94118             2.26345             0.21692             1.59767             0.36707           883.79567             3.34965             2.49284       3       4
   10000       2       1       2       5       8     509       6       6       3     465      33      35            22.30303             2.93939             2.23670             0.21591             1.59206             0.36507           889.01146             3.36901             2.41510       4       5
   10000       2       1       2       5       8     509       6       6       4     446      32      26            22.53125             2.87500             2.25063             0.21498             1.56976             0.37032           884.65049             3.35707             2.44920       5       3
   10000       2       1       2       5       8     509       6       6       5     433      31      18            22.67742             2.87097             2.25046             0.21295             1.57478             0.37123           870.31162             3.36664             2.45947       6       1
   10000       2       1       2       5       8     509       6       6       6     420      30      23            22.66667             2.86667             2.24206             0.21294             1.56471             0.38073           873.61559             3.37062             2.44401       3       5
   10000       2       1       2       5       8     509       6       6       7     412      29      17            22.96552             2.86207             2.25129             0.21047             1.57152             0.37924           846.87960             3.39242             2.45091       1       6
   10000       2       1       2       5       8     509       6       6       8     402      28      24            22.78571             2.82143             2.24457             0.21255             1.56749             0.36636           856.35884             3.37126             2.34725       2       1
   10000       2       1       2       5       8     509       6       6       9     391      27      18            22.77778             2.88889             2.24434             0.21418             1.59715             0.36640           867.71705             3.34673             2.29296       3       1
   10000       2       1       2       5       8     509       6       6      10     379      26      22            22.76923             2.92308             2.23651             0.21435             1.59308             0.36865           874.27920             3.34636             2.23144       2       2
   10000       2       1       2       5       8     509       6       6      11     365      25      26            22.72000             2.92000             2.20662             0.21035             1.61500             0.36460           891.13742             3.31054             2.18954       5       2
   10000       2       1       2       5       8     509       6       6      12     344      24      26            22.54167             3.00000             2.22226             0.21435             1.61083             0.36512           896.06637             3.34481             2.18661       1       5
   10000       2       1       2       5       8     509       6       6      13     340      23      12            23.30435             3.00000             2.29007             0.21252             1.59576             0.37646           857.81395             3.35414             2.15015       4       3
   10000       2       1       2       5       8     509       6       6      14     326      22      25            22.90909             3.00000             2.26254             0.21478             1.60787             0.37855           873.78584             3.36213             2.07700       4       6
   10000       2       1       2       5       8     509       6       6      15     313      21      21            22.76190             3.04762             2.26156             0.21644             1.63103             0.38808           881.46054             3.35192             2.05440       6       2
   10000       2       1       2       5       8     509       6       6      16     297      20      24            22.35000             3.10000             2.25476             0.22124             1.63539             0.40483           894.13701             3.34556             1.98831       3       3
   10000       2       1       2       5       8     509       6       6      17     286      19      21            22.05263             3.15789             2.20552             0.22079             1.65508             0.38866           911.09696             3.34147             1.91164       5       5
   10000       2       1       2       5       8     509       6       6      18     260      18      34            21.33333             3.16667             2.16141             0.22275             1.65674             0.38026           925.61947             3.36077             1.92021       5       1
   10000       2       1       2       5       8     509       6       6      19     249      17      14            21.58824             3.17647             2.20865             0.22303             1.64611             0.39511           914.53566             3.35731             1.89870       3       2
   10000       2       1       2       5       8     509       6       6      20     230      16      34            20.62500             3.18750             2.19903             0.23102             1.63259             0.39827           944.38336             3.38832             1.82100       2       6
   10000       2       1       2       5       8     509       6       6      21     223      15      17            21.00000             3.13333             2.22309             0.22932             1.63168             0.40554           935.67952             3.38848             1.77184       5       6
   10000       2       1       2       5       8     509       6       6      22     208      14      16            21.28571             3.14286             2.23094             0.22624             1.63290             0.41208           890.57584             3.42495             1.81556       4       4
   10000       2       1       2       5       8     509       6       6      23     192      13      33            20.38462             3.07692             2.20258             0.23233             1.62979             0.41307           916.01181             3.45170             1.69826       2       4
   10000       2       1       2       5       8     509       6       6      24     175      12      23            19.66667             3.08333             2.19312             0.24656             1.63773             0.41410           962.45908             3.43870             1.64849       4       2
   10000       2       1       2       5       8     509       6       6      25     157      11      19            19.72727             3.09091             2.18676             0.24611             1.65530             0.41134           953.23648             3.50613             1.69785       2       5
   10000       2       1       2       5       8     509       6       6      26     143      10      22            19.30000             3.10000             2.18461             0.25176             1.67943             0.40470           981.78080             3.47930             1.64290       6       3
   10000       2       1       2       5       8     509       6       6      27     130       9      17            19.44444             3.33333             2.22259             0.25363             1.74431             0.39339           910.70340             3.59142             1.62525       1       4
   10000       2       1       2       5       8     509       6       6      28     114       8      16            19.87500             3.25000             2.24346             0.25194             1.72901             0.39256           895.19261             3.59763             1.70340       3       6
   10000       2       1       2       5       8     509       6       6      29     103       7      11            21.14286             3.28571             2.29123             0.23338             1.76173             0.40579           809.35489             3.65025             1.80389       4       1
   10000       2       1       2       5       8     509       6       6      30      86       6      22            20.33333             3.16667             2.29887             0.24477             1.69508             0.36930           827.43738             3.77880             1.73020       2       3
