   10000       2       2       2      11       4     514       6       6       0     514      36       0            21.69444             3.13889             2.30008             0.22645             1.65036             0.33603           860.60531             3.60649             2.37765       0       0
   10000       2       2       2      11       4     514       6       6       1     506      35      18            22.02857             3.17143             2.32452             0.22556             1.65868             0.34388           843.71125             3.62656             2.36529       3       1
   10000       2       2       2      11       4     514       6       6       2     492      34      17            22.29412             3.11765             2.36242             0.22672             1.66212             0.35066           837.12323             3.62134             2.39111       5       4
   10000       2       2       2      11       4     514       6       6       3     481      33      15            22.78788             3.06061             2.37782             0.22253             1.68967             0.34754           822.10234             3.61712             2.44704       5       3
   10000       2       2       2      11       4     514       6       6       4     465      32      23            23.25000             3.09375             2.36169             0.21696             1.71404             0.33178           805.51548             3.64356             2.50058       2       2
   10000       2       2       2      11       4     514       6       6       5     449      31      22            23.19355             3.12903             2.34306             0.21561             1.69705             0.32976           798.14360             3.67471             2.48647       1       3
   10000       2       2       2      11       4     514       6       6       6     441      30      21            23.30000             3.10000             2.36909             0.21663             1.69542             0.33556           796.56282             3.68618             2.46654       1       2
   10000       2       2       2      11       4     514       6       6       7     429      29      27            23.03448             3.10345             2.35168             0.21778             1.69523             0.32850           803.80463             3.69618             2.42414       1       1
   10000       2       2       2      11       4     514       6       6       8     419      28      21            23.42857             3.10714             2.34428             0.21345             1.71017             0.34219           796.52037             3.71794             2.42074       2       6
   10000       2       2       2      11       4     514       6       6       9     408      27      21            23.29630             3.14815             2.34959             0.21553             1.71759             0.35427           805.25463             3.71749             2.38156       1       6
   10000       2       2       2      11       4     514       6       6      10     396      26      19            23.69231             3.19231             2.35798             0.21241             1.73641             0.35555           789.87170             3.72309             2.32340       5       5
   10000       2       2       2      11       4     514       6       6      11     377      25      22            23.92000             3.16000             2.36166             0.21165             1.72711             0.36104           787.17273             3.76035             2.35771       4       5
   10000       2       2       2      11       4     514       6       6      12     366      24      29            24.58333             3.25000             2.35282             0.20408             1.76208             0.35643           753.45988             3.79426             2.37452       5       1
   10000       2       2       2      11       4     514       6       6      13     350      23      25            24.82609             3.21739             2.37452             0.20318             1.76491             0.37040           746.03429             3.81311             2.35245       5       2
   10000       2       2       2      11       4     514       6       6      14     339      22      19            25.68182             3.18182             2.42856             0.20062             1.77983             0.37970           709.27789             3.81103             2.40360       3       6
   10000       2       2       2      11       4     514       6       6      15     326      21      27            25.95238             3.19048             2.43892             0.19956             1.77962             0.39018           704.84678             3.79129             2.33455       2       4
   10000       2       2       2      11       4     514       6       6      16     317      20      20            25.80000             3.15000             2.45933             0.20201             1.74666             0.38851           711.14542             3.81071             2.29185       6       1
   10000       2       2       2      11       4     514       6       6      17     305      19      28            25.94737             3.15789             2.43015             0.19918             1.75539             0.37725           700.42917             3.83806             2.23699       3       4
   10000       2       2       2      11       4     514       6       6      18     296      18      20            25.88889             3.16667             2.41172             0.19973             1.77679             0.36027           716.84893             3.85777             2.17912       1       5
   10000       2       2       2      11       4     514       6       6      19     284      17      20            26.47059             3.17647             2.42526             0.19560             1.77818             0.37182           696.76515             3.84207             2.14875       3       2
   10000       2       2       2      11       4     514       6       6      20     272      16      20            26.81250             3.18750             2.43266             0.19288             1.78406             0.36821           672.95136             3.85111             2.14149       1       4
   10000       2       2       2      11       4     514       6       6      21     262      15      30            27.00000             3.20000             2.44009             0.19256             1.80132             0.34988           674.61607             3.91898             2.07473       4       3
   10000       2       2       2      11       4     514       6       6      22     242      14      26            26.71429             3.21429             2.40038             0.19207             1.81341             0.32351           679.26897             3.93537             2.10800       6       4
   10000       2       2       2      11       4     514       6       6      23     233      13      23            26.46154             3.30769             2.34870             0.18972             1.85645             0.31841           695.51466             3.92023             1.97989       6       3
   10000       2       2       2      11       4     514       6       6      24     220      12      23            26.50000             3.33333             2.36462             0.18963             1.88445             0.32551           702.80610             3.90943             1.97266       2       5
   10000       2       2       2      11       4     514       6       6      25     205      11      20            26.72727             3.27273             2.42273             0.19488             1.86364             0.33800           718.71459             3.91859             1.91254       6       5
   10000       2       2       2      11       4     514       6       6      26     195      10      23            27.00000             3.30000             2.37673             0.18883             1.91705             0.33523           712.86484             3.81450             1.76404       4       4
   10000       2       2       2      11       4     514       6       6      27     182       9      32            26.66667             3.22222             2.37035             0.19142             1.87862             0.33183           730.84178             3.85387             1.66068       4       2
   10000       2       2       2      11       4     514       6       6      28     170       8      23            26.75000             3.25000             2.32771             0.18650             1.93838             0.32125           721.76162             3.93907             1.55303       5       6
   10000       2       2       2      11       4     514       6       6      29     149       7      29            26.28571             3.42857             2.28442             0.18838             1.94931             0.30286           749.18808             3.95495             1.49720       4       1
   10000       2       2       2      11       4     514       6       6      30     142       6      15            28.16667             3.33333             2.39274             0.18127             1.94086             0.32953           642.08149             3.86412             1.36271       6       6
