   10000       2       1       2       9       9     546       6       6       0     546      36       0            21.88889             3.11111             2.26232             0.22006             1.62450             0.32094           843.01106             3.63284             2.18994       0       0
   10000       2       1       2       9       9     546       6       6       1     528      35      23            21.68571             3.14286             2.25372             0.22121             1.62877             0.31646           853.46432             3.63695             2.15368       3       1
   10000       2       1       2       9       9     546       6       6       2     510      34      25            21.76471             3.11765             2.24894             0.22016             1.62115             0.31638           846.96568             3.65582             2.17020       6       3
   10000       2       1       2       9       9     546       6       6       3     499      33      16            22.03030             3.06061             2.26290             0.21835             1.61418             0.32051           834.69648             3.64452             2.18356       6       4
   10000       2       1       2       9       9     546       6       6       4     485      32      19            22.18750             3.09375             2.26966             0.21871             1.62602             0.32886           828.29063             3.64727             2.19598       6       1
   10000       2       1       2       9       9     546       6       6       5     468      31      23            22.09677             3.12903             2.26332             0.21836             1.64333             0.32554           825.74829             3.65950             2.18704       5       3
   10000       2       1       2       9       9     546       6       6       6     452      30      26            21.93333             3.10000             2.25294             0.21920             1.63458             0.32176           828.83706             3.66933             2.16059       2       6
   10000       2       1       2       9       9     546       6       6       7     438      29      16            22.06897             3.10345             2.28755             0.22038             1.65157             0.33264           812.85586             3.69837             2.18068       6       2
   10000       2       1       2       9       9     546       6       6       8     428      28      22            21.85714             3.14286             2.28444             0.22282             1.65581             0.33972           813.33239             3.70019             2.10719       1       3
   10000       2       1       2       9       9     546       6       6       9     413      27      24            22.03704             3.07407             2.25391             0.21707             1.65072             0.33614           805.17104             3.68582             2.13227       4       3
   10000       2       1       2       9       9     546       6       6      10     401      26      18            22.46154             3.03846             2.26302             0.21327             1.66766             0.34310           778.61682             3.70249             2.12557       3       4
   10000       2       1       2       9       9     546       6       6      11     390      25      20            22.84000             3.00000             2.30604             0.21429             1.65437             0.34434           767.70307             3.68177             2.09327       4       6
   10000       2       1       2       9       9     546       6       6      12     378      24      16            23.25000             2.95833             2.33584             0.21272             1.64516             0.34863           751.94724             3.69629             2.09444       2       1
   10000       2       1       2       9       9     546       6       6      13     364      23      24            23.21739             3.00000             2.31278             0.21154             1.64689             0.34443           756.93552             3.69030             2.06414       5       2
   10000       2       1       2       9       9     546       6       6      14     338      22      26            23.09091             2.95455             2.33582             0.21510             1.60189             0.32874           750.15798             3.71537             2.06588       2       4
   10000       2       1       2       9       9     546       6       6      15     318      21      25            23.00000             3.09524             2.36111             0.21812             1.62443             0.32746           750.39874             3.73211             2.10256       1       6
   10000       2       1       2       9       9     546       6       6      16     299      20      27            22.80000             3.05000             2.31365             0.21512             1.62651             0.32420           751.09953             3.75721             2.09069       2       5
   10000       2       1       2       9       9     546       6       6      17     287      19      20            22.52632             3.05263             2.31772             0.22036             1.62880             0.33048           772.12619             3.76848             2.03330       4       1
   10000       2       1       2       9       9     546       6       6      18     273      18      21            22.16667             3.05556             2.29509             0.22197             1.64061             0.32970           781.81703             3.78987             2.01632       1       5
   10000       2       1       2       9       9     546       6       6      19     260      17      23            21.76471             3.11765             2.29845             0.22677             1.65832             0.31176           809.57635             3.78785             1.94034       1       2
   10000       2       1       2       9       9     546       6       6      20     249      16      15            21.93750             3.12500             2.31571             0.22558             1.64301             0.32025           801.58104             3.76968             1.92381       4       2
   10000       2       1       2       9       9     546       6       6      21     231      15      24            21.86667             3.06667             2.28916             0.22392             1.64384             0.30649           798.58398             3.87257             1.89842       3       2
   10000       2       1       2       9       9     546       6       6      22     217      14      23            21.42857             3.00000             2.22340             0.22220             1.61890             0.31058           814.32096             3.93808             1.75178       4       5
   10000       2       1       2       9       9     546       6       6      23     198      13      26            20.61538             3.15385             2.18197             0.23109             1.62658             0.30016           869.49691             3.99974             1.68351       5       4
   10000       2       1       2       9       9     546       6       6      24     191      12      17            20.91667             3.08333             2.17731             0.23054             1.60793             0.31244           903.32737             3.98156             1.55917       5       6
   10000       2       1       2       9       9     546       6       6      25     173      11      32            19.27273             3.09091             2.12877             0.24402             1.64005             0.32524          1007.10177             3.87288             1.38735       6       5
   10000       2       1       2       9       9     546       6       6      26     158      10      23            18.30000             3.20000             2.12236             0.25723             1.66926             0.30593          1084.94092             3.88170             1.27668       3       5
   10000       2       1       2       9       9     546       6       6      27     148       9      24            17.00000             3.33333             2.06885             0.26808             1.68185             0.30311          1163.07863             3.95634             1.07286       2       3
   10000       2       1       2       9       9     546       6       6      28     134       8      14            17.37500             3.25000             2.10836             0.26824             1.67093             0.32176          1138.85085             3.99043             1.08197       3       6
   10000       2       1       2       9       9     546       6       6      29     115       7      18            17.14286             3.14286             2.04588             0.26606             1.64598             0.33622          1178.68502             4.04635             1.09368       5       1
   10000       2       1       2       9       9     546       6       6      30      98       6      17            17.16667             3.16667             2.02411             0.26506             1.64948             0.35059          1199.58534             4.16534             1.10929       1       4
