   10000       2       2       2       6       1     496       6       6       0     496      36       0            21.13889             3.02778             2.22575             0.23036             1.59494             0.35659           936.79100             3.61014             2.41911       0       0
   10000       2       2       2       6       1     496       6       6       1     478      35      18            21.88571             3.17143             2.26346             0.22523             1.63387             0.36384           889.97975             3.65294             2.53496       5       3
   10000       2       2       2       6       1     496       6       6       2     465      34      21            21.97059             3.11765             2.28337             0.22719             1.63949             0.37830           884.05794             3.66450             2.54019       5       6
   10000       2       2       2       6       1     496       6       6       3     452      33      19            22.15152             3.12121             2.30794             0.22687             1.65536             0.38004           865.53399             3.68446             2.53402       1       4
   10000       2       2       2       6       1     496       6       6       4     433      32      27            21.93750             3.12500             2.26066             0.22580             1.65718             0.37324           873.87820             3.71795             2.58032       1       5
   10000       2       2       2       6       1     496       6       6       5     422      31      24            22.25806             3.12903             2.27372             0.22467             1.65679             0.36964           863.42041             3.72124             2.59878       5       5
   10000       2       2       2       6       1     496       6       6       6     409      30      28            22.76667             3.20000             2.26508             0.22089             1.68939             0.38321           842.82336             3.71978             2.63152       3       6
   10000       2       2       2       6       1     496       6       6       7     402      29      18            23.10345             3.13793             2.30036             0.22146             1.69084             0.39303           841.69911             3.71811             2.65184       4       3
   10000       2       2       2       6       1     496       6       6       8     393      28      22            23.67857             3.25000             2.32953             0.21845             1.73258             0.39070           811.56212             3.70461             2.62709       3       4
   10000       2       2       2       6       1     496       6       6       9     375      27      30            24.22222             3.18519             2.39186             0.21803             1.75721             0.40552           758.08322             3.70043             2.67127       2       2
   10000       2       2       2       6       1     496       6       6      10     361      26      25            24.19231             3.15385             2.35428             0.21583             1.77082             0.39651           772.35976             3.71235             2.63953       2       4
   10000       2       2       2       6       1     496       6       6      11     352      25      29            24.36000             3.16000             2.34634             0.21466             1.78972             0.40142           763.61963             3.73486             2.63489       5       4
   10000       2       2       2       6       1     496       6       6      12     344      24      22            24.87500             3.16667             2.39027             0.21351             1.78687             0.40983           741.16837             3.75285             2.58119       4       1
   10000       2       2       2       6       1     496       6       6      13     333      23      13            25.13043             3.21739             2.38419             0.20891             1.81541             0.38956           746.36887             3.68991             2.48138       6       3
   10000       2       2       2       6       1     496       6       6      14     324      22      22            25.31818             3.18182             2.39690             0.20846             1.83099             0.39179           747.65508             3.70059             2.45139       6       4
   10000       2       2       2       6       1     496       6       6      15     323      21       7            26.33333             3.19048             2.44864             0.19900             1.83768             0.39170           709.23875             3.61278             2.37525       1       6
   10000       2       2       2       6       1     496       6       6      16     309      20      29            26.50000             3.15000             2.44108             0.19574             1.82936             0.39646           696.22813             3.64402             2.32707       1       1
   10000       2       2       2       6       1     496       6       6      17     296      19      23            26.36842             3.21053             2.45698             0.19856             1.85323             0.40967           689.22708             3.72161             2.27833       1       3
   10000       2       2       2       6       1     496       6       6      18     289      18      22            26.44444             3.22222             2.43701             0.19610             1.86214             0.40505           687.12503             3.74036             2.24834       6       6
   10000       2       2       2       6       1     496       6       6      19     282      17      20            27.05882             3.23529             2.46933             0.19347             1.87125             0.39942           665.63911             3.78076             2.22089       2       1
   10000       2       2       2       6       1     496       6       6      20     269      16      22            27.31250             3.18750             2.46627             0.19133             1.85625             0.39928           648.10477             3.80592             2.23915       1       2
   10000       2       2       2       6       1     496       6       6      21     255      15      23            27.60000             3.33333             2.40289             0.18436             1.91496             0.38950           637.61431             3.81099             2.22555       2       3
   10000       2       2       2       6       1     496       6       6      22     248      14      25            28.50000             3.35714             2.46102             0.18249             1.93654             0.41602           602.85379             3.87736             2.18538       5       1
   10000       2       2       2       6       1     496       6       6      23     228      13      38            28.15385             3.38462             2.45878             0.18371             1.93276             0.41551           603.96204             3.92155             2.15226       4       2
   10000       2       2       2       6       1     496       6       6      24     217      12      29            27.83333             3.33333             2.48363             0.18758             1.94484             0.41712           608.08216             3.96724             2.00360       3       5
   10000       2       2       2       6       1     496       6       6      25     204      11      25            27.27273             3.45455             2.48526             0.19176             1.99304             0.43099           648.36692             3.83739             1.94900       2       5
   10000       2       2       2       6       1     496       6       6      26     194      10      25            27.10000             3.60000             2.42660             0.18870             2.01466             0.40519           657.79093             3.83614             1.77965       5       2
   10000       2       2       2       6       1     496       6       6      27     175       9      29            26.33333             3.66667             2.39593             0.19189             2.05683             0.41346           687.38631             3.89718             1.72028       6       1
   10000       2       2       2       6       1     496       6       6      28     155       8      29            26.00000             3.75000             2.36191             0.19191             2.08626             0.39784           686.42525             3.92439             1.69101       6       5
   10000       2       2       2       6       1     496       6       6      29     131       7      29            25.57143             3.71429             2.32987             0.19293             2.10369             0.39345           690.10078             3.88770             1.70670       2       6
   10000       2       2       2       6       1     496       6       6      30     111       6      24            25.83333             3.66667             2.36401             0.19429             2.11372             0.40105           671.55268             3.89670             1.72271       6       2
