   10000       2       2       2       3       6     525       6       6       0     525      36       0            21.69444             2.91667             2.24134             0.22026             1.60306             0.30909           825.34604             4.00950             2.38234       0       0
   10000       2       2       2       3       6     525       6       6       1     510      35      26            21.94286             2.97143             2.26587             0.22000             1.61908             0.32605           809.71290             4.03204             2.40323       5       3
   10000       2       2       2       3       6     525       6       6       2     500      34      21            22.44118             3.02941             2.25665             0.21484             1.63240             0.31801           797.99707             4.01693             2.39972       2       4
   10000       2       2       2       3       6     525       6       6       3     484      33      30            22.45455             3.00000             2.25314             0.21337             1.63810             0.32022           781.38038             4.02703             2.36931       6       4
   10000       2       2       2       3       6     525       6       6       4     477      32      12            22.81250             3.03125             2.28174             0.21211             1.65466             0.32663           764.31084             4.01866             2.33862       6       6
   10000       2       2       2       3       6     525       6       6       5     467      31      22            23.19355             3.06452             2.30532             0.21107             1.66514             0.32964           755.49231             4.00958             2.34939       5       4
   10000       2       2       2       3       6     525       6       6       6     447      30      24            23.53333             3.03333             2.32838             0.20937             1.66142             0.35138           739.05214             4.04924             2.39645       2       1
   10000       2       2       2       3       6     525       6       6       7     430      29      20            23.44828             3.03448             2.36141             0.21330             1.65990             0.35071           742.21568             4.03372             2.37056       2       5
   10000       2       2       2       3       6     525       6       6       8     415      28      22            23.53571             3.03571             2.33875             0.21046             1.65931             0.34314           738.51456             4.02172             2.37467       5       6
   10000       2       2       2       3       6     525       6       6       9     406      27      24            24.33333             3.03704             2.40785             0.20890             1.66652             0.35769           712.38332             4.04571             2.39189       4       4
   10000       2       2       2       3       6     525       6       6      10     395      26      26            24.69231             3.00000             2.38324             0.20436             1.68245             0.35152           693.13477             4.11351             2.37448       4       2
   10000       2       2       2       3       6     525       6       6      11     386      25      24            25.00000             3.00000             2.39402             0.20295             1.72361             0.35147           695.93203             4.06972             2.32313       3       5
   10000       2       2       2       3       6     525       6       6      12     377      24      28            25.66667             2.95833             2.43961             0.20159             1.71741             0.36286           675.52594             4.10121             2.30283       5       2
   10000       2       2       2       3       6     525       6       6      13     362      23      30            25.73913             2.95652             2.43081             0.20042             1.69820             0.38280           672.39184             4.13259             2.29201       3       6
   10000       2       2       2       3       6     525       6       6      14     351      22      20            25.77273             2.90909             2.42453             0.20092             1.67539             0.39120           672.68903             4.14279             2.20635       3       1
   10000       2       2       2       3       6     525       6       6      15     336      21      29            25.76190             2.95238             2.45334             0.20350             1.69923             0.39129           679.96607             4.15196             2.16083       2       2
   10000       2       2       2       3       6     525       6       6      16     316      20      23            25.10000             2.85000             2.41624             0.20591             1.68793             0.40359           698.83920             4.16201             2.13580       6       5
   10000       2       2       2       3       6     525       6       6      17     303      19      36            24.47368             2.94737             2.39844             0.20974             1.69651             0.40145           711.14309             4.21019             2.04971       5       1
   10000       2       2       2       3       6     525       6       6      18     292      18      27            24.33333             2.94444             2.41087             0.21243             1.68655             0.39575           724.92769             4.23058             2.02104       6       2
   10000       2       2       2       3       6     525       6       6      19     282      17      22            24.17647             3.00000             2.43622             0.21577             1.67872             0.39113           723.86068             4.25003             1.92941       4       6
   10000       2       2       2       3       6     525       6       6      20     263      16      27            23.81250             2.93750             2.44684             0.21768             1.62621             0.38963           739.33871             4.24591             1.86884       2       3
   10000       2       2       2       3       6     525       6       6      21     247      15      30            23.33333             3.13333             2.41115             0.22003             1.73036             0.39983           750.33096             4.34944             1.81510       3       3
   10000       2       2       2       3       6     525       6       6      22     225      14      28            22.85714             3.14286             2.31760             0.21632             1.74811             0.38623           763.91602             4.37640             1.81928       6       1
   10000       2       2       2       3       6     525       6       6      23     215      13      21            23.00000             3.07692             2.31071             0.21424             1.72172             0.36834           766.47504             4.34860             1.75010       4       3
   10000       2       2       2       3       6     525       6       6      24     198      12      19            23.33333             3.08333             2.31029             0.21066             1.74483             0.38052           772.12842             4.32135             1.79458       4       1
   10000       2       2       2       3       6     525       6       6      25     179      11      20            23.63636             3.00000             2.34304             0.21115             1.73120             0.39119           769.47835             4.30156             1.85878       6       3
   10000       2       2       2       3       6     525       6       6      26     174      10      18            24.20000             2.90000             2.36623             0.20742             1.68079             0.38325           779.21056             4.25855             1.77561       3       2
   10000       2       2       2       3       6     525       6       6      27     159       9      24            24.00000             3.00000             2.39767             0.21288             1.72027             0.38950           795.14828             4.19420             1.72726       4       5
   10000       2       2       2       3       6     525       6       6      28     140       8      21            24.37500             2.87500             2.38329             0.20818             1.67905             0.39013           772.78462             4.14077             1.79689       5       5
   10000       2       2       2       3       6     525       6       6      29     125       7      19            24.42857             2.85714             2.37454             0.20743             1.68764             0.39272           795.75241             4.07725             1.76126       2       6
   10000       2       2       2       3       6     525       6       6      30     101       6      29            23.66667             2.66667             2.41938             0.21690             1.57010             0.41056           818.19155             3.90217             1.80824       3       4
