   10000       2       2       2       6       9     508       6       6       0     508      36       0            20.91667             3.02778             2.17896             0.23201             1.65907             0.34872           966.72845             3.87881             2.34215       0       0
   10000       2       2       2       6       9     508       6       6       1     496      35      21            21.34286             3.08571             2.19098             0.22568             1.69440             0.35883           880.12676             3.92768             2.38215       1       4
   10000       2       2       2       6       9     508       6       6       2     479      34      29            21.11765             3.08824             2.17242             0.22622             1.72364             0.35955           889.34366             3.93792             2.34781       6       2
   10000       2       2       2       6       9     508       6       6       3     473      33      14            21.63636             3.18182             2.20990             0.22432             1.74010             0.35174           864.07234             3.96678             2.33182       2       3
   10000       2       2       2       6       9     508       6       6       4     459      32       9            22.28125             3.15625             2.25168             0.21934             1.74179             0.35790           838.94109             3.87890             2.38826       4       1
   10000       2       2       2       6       9     508       6       6       5     437      31      22            22.54839             3.12903             2.29651             0.22095             1.75028             0.36599           799.78475             3.85401             2.45330       2       4
   10000       2       2       2       6       9     508       6       6       6     420      30      27            22.60000             3.26667             2.29153             0.21972             1.78639             0.37421           785.79763             3.80388             2.44992       2       1
   10000       2       2       2       6       9     508       6       6       7     407      29      20            22.75862             3.34483             2.28332             0.21769             1.82473             0.37046           783.51274             3.79429             2.45415       6       6
   10000       2       2       2       6       9     508       6       6       8     397      28      15            22.78571             3.39286             2.29749             0.21790             1.82894             0.38125           789.45909             3.76119             2.44549       6       1
   10000       2       2       2       6       9     508       6       6       9     383      27      27            22.55556             3.40741             2.32014             0.22256             1.83386             0.37941           804.74534             3.75872             2.45493       5       1
   10000       2       2       2       6       9     508       6       6      10     374      26      21            23.19231             3.46154             2.31530             0.21799             1.85426             0.39772           781.89520             3.78143             2.47931       6       4
   10000       2       2       2       6       9     508       6       6      11     365      25      14            23.48000             3.44000             2.31001             0.21259             1.84468             0.40005           775.86853             3.78044             2.45452       1       6
   10000       2       2       2       6       9     508       6       6      12     347      24      31            24.20833             3.33333             2.34624             0.20891             1.84539             0.41216           748.56491             3.82412             2.54198       5       5
   10000       2       2       2       6       9     508       6       6      13     338      23      17            24.69565             3.34783             2.34344             0.20475             1.86492             0.40923           725.67708             3.84632             2.46795       3       4
   10000       2       2       2       6       9     508       6       6      14     329      22      21            25.31818             3.45455             2.36534             0.20186             1.89158             0.40872           710.00070             3.85129             2.47465       2       6
   10000       2       2       2       6       9     508       6       6      15     318      21      25            25.09524             3.47619             2.33996             0.20191             1.90748             0.41100           712.97365             3.86533             2.43028       5       6
   10000       2       2       2       6       9     508       6       6      16     309      20      19            25.20000             3.45000             2.38537             0.20748             1.88410             0.41347           715.50317             3.89883             2.33487       2       2
   10000       2       2       2       6       9     508       6       6      17     296      19      36            25.05263             3.42105             2.39071             0.20902             1.89241             0.40305           693.20730             3.95755             2.30354       5       3
   10000       2       2       2       6       9     508       6       6      18     277      18      24            24.94444             3.38889             2.38712             0.20621             1.90545             0.39239           668.10987             3.99081             2.21639       4       2
   10000       2       2       2       6       9     508       6       6      19     250      17      27            24.29412             3.29412             2.37757             0.21188             1.86481             0.39915           680.08682             4.12028             2.29225       3       5
   10000       2       2       2       6       9     508       6       6      20     231      16      27            23.31250             3.25000             2.29919             0.21841             1.83275             0.39520           737.64452             4.12191             2.24613       1       5
   10000       2       2       2       6       9     508       6       6      21     219      15      30            23.33333             3.20000             2.30983             0.21974             1.81122             0.40278           739.09232             4.13578             2.20781       5       4
   10000       2       2       2       6       9     508       6       6      22     201      14      21            23.50000             3.14286             2.31420             0.21932             1.78878             0.41617           728.39026             4.18856             2.27612       6       5
   10000       2       2       2       6       9     508       6       6      23     178      13      28            23.07692             3.15385             2.25160             0.21884             1.77369             0.40586           732.02686             4.25805             2.30800       6       3
   10000       2       2       2       6       9     508       6       6      24     174      12      12            24.00000             3.25000             2.28813             0.20957             1.80233             0.39370           675.97492             4.24031             2.25466       2       5
   10000       2       2       2       6       9     508       6       6      25     157      11      27            23.54545             3.18182             2.30695             0.21596             1.78917             0.40656           693.67700             4.32088             2.23119       3       6
   10000       2       2       2       6       9     508       6       6      26     143      10      22            23.20000             3.10000             2.29410             0.21834             1.74025             0.37800           713.85755             4.39948             2.20023       1       3
   10000       2       2       2       6       9     508       6       6      27     134       9      22            23.22222             3.00000             2.30104             0.22019             1.76298             0.39122           687.53266             4.50536             2.13825       1       2
   10000       2       2       2       6       9     508       6       6      28     110       8      29            22.37500             2.87500             2.26387             0.22523             1.70868             0.39277           708.42531             4.60670             2.17298       1       1
   10000       2       2       2       6       9     508       6       6      29      93       7      23            21.14286             3.00000             2.22799             0.23364             1.74038             0.39858           745.22777             4.71216             2.08653       4       3
   10000       2       2       2       6       9     508       6       6      30      86       6      13            22.50000             3.16667             2.28944             0.22200             1.78904             0.43724           695.54559             4.49975             2.00039       5       2
