   10000       2       1       2      10       6     502       6       6       0     502      36       0            21.30556             2.97222             2.18550             0.22404             1.60095             0.31630           871.56841             3.81060             2.43201       0       0
   10000       2       1       2      10       6     502       6       6       1     492      35      21            21.40000             2.91429             2.19430             0.22413             1.59129             0.31983           869.61597             3.80316             2.41099       6       5
   10000       2       1       2      10       6     502       6       6       2     477      34      25            21.58824             2.91176             2.23308             0.22543             1.58695             0.33174           851.10233             3.82653             2.40139       5       3
   10000       2       1       2      10       6     502       6       6       3     461      33      24            21.30303             2.93939             2.19113             0.22587             1.57618             0.31534           878.73761             3.80232             2.37560       6       3
   10000       2       1       2      10       6     502       6       6       4     442      32      22            21.28125             2.87500             2.20499             0.22825             1.57495             0.32548           884.64624             3.79941             2.39443       1       6
   10000       2       1       2      10       6     502       6       6       5     433      31      19            21.61290             2.90323             2.20891             0.22500             1.57460             0.32335           881.02780             3.76185             2.37958       4       6
   10000       2       1       2      10       6     502       6       6       6     423      30      19            21.96667             2.93333             2.21872             0.22150             1.59241             0.33431           860.96509             3.74519             2.35408       5       1
   10000       2       1       2      10       6     502       6       6       7     405      29      24            22.00000             2.96552             2.22149             0.22273             1.60088             0.32669           868.43207             3.74002             2.36802       1       2
   10000       2       1       2      10       6     502       6       6       8     394      28      18            22.03571             2.92857             2.22415             0.22298             1.59996             0.32356           867.61077             3.76098             2.31692       4       3
   10000       2       1       2      10       6     502       6       6       9     373      27      26            21.74074             3.00000             2.19098             0.22353             1.61102             0.31745           883.26220             3.76745             2.33642       6       6
   10000       2       1       2      10       6     502       6       6      10     361      26      28            21.50000             3.00000             2.17149             0.22492             1.62120             0.31762           892.01732             3.79980             2.27150       5       5
   10000       2       1       2      10       6     502       6       6      11     353      25      19            21.88000             3.00000             2.18191             0.22358             1.61416             0.31402           878.93591             3.82307             2.21093       3       2
   10000       2       1       2      10       6     502       6       6      12     345      24      20            22.00000             3.08333             2.21002             0.22629             1.64061             0.33064           869.86348             3.81853             2.13357       4       4
   10000       2       1       2      10       6     502       6       6      13     329      23      30            22.17391             3.08696             2.21177             0.22364             1.63622             0.33320           861.34862             3.81857             2.09440       2       5
   10000       2       1       2      10       6     502       6       6      14     313      22      24            21.77273             3.13636             2.19346             0.22670             1.64563             0.32115           879.79747             3.84889             2.04960       4       1
   10000       2       1       2      10       6     502       6       6      15     290      21      41            20.57143             3.14286             2.16294             0.23306             1.66396             0.31500           916.58851             3.88453             1.97993       2       1
   10000       2       1       2      10       6     502       6       6      16     282      20      23            20.30000             3.15000             2.15934             0.23879             1.67823             0.33135           940.74134             3.78630             1.88422       3       5
   10000       2       1       2      10       6     502       6       6      17     267      19      16            20.52632             3.15789             2.15377             0.23552             1.69221             0.32489           908.69528             3.82115             1.92514       5       6
   10000       2       1       2      10       6     502       6       6      18     258      18      17            20.72222             3.16667             2.13880             0.23162             1.68813             0.32111           923.40525             3.82091             1.87005       3       4
   10000       2       1       2      10       6     502       6       6      19     244      17      24            20.35294             3.05882             2.12720             0.24097             1.63463             0.29814           985.32862             3.81916             1.70549       1       4
   10000       2       1       2      10       6     502       6       6      20     237      16      42            18.93750             3.06250             2.06576             0.24881             1.62465             0.28769          1029.69162             3.86375             1.51661       2       3
   10000       2       1       2      10       6     502       6       6      21     224      15      15            18.66667             2.93333             2.06927             0.25694             1.59491             0.28060          1058.22543             3.90732             1.48065       6       1
   10000       2       1       2      10       6     502       6       6      22     209      14      21            18.14286             2.85714             2.04491             0.26324             1.56262             0.29098          1112.08137             3.88346             1.42948       6       4
   10000       2       1       2      10       6     502       6       6      23     192      13      19            18.07692             2.76923             2.05571             0.26830             1.53325             0.29627          1113.30017             3.94135             1.44585       3       1
   10000       2       1       2      10       6     502       6       6      24     175      12      16            18.16667             2.83333             2.03532             0.26626             1.56481             0.28397          1168.94510             3.75120             1.48301       4       5
   10000       2       1       2      10       6     502       6       6      25     160      11      26            17.09091             2.90909             1.96518             0.27291             1.58402             0.28592          1225.78013             3.76120             1.42119       3       6
   10000       2       1       2      10       6     502       6       6      26     144      10      19            16.80000             2.80000             1.99405             0.28392             1.56722             0.29367          1220.36952             3.80216             1.40152       3       3
   10000       2       1       2      10       6     502       6       6      27     131       9      19            16.11111             2.77778             1.93532             0.29056             1.55200             0.28772          1284.38019             3.75069             1.25832       4       2
   10000       2       1       2      10       6     502       6       6      28     116       8      17            15.37500             2.75000             1.87821             0.33638             1.51944             0.30285          1701.98992             3.74789             1.12655       5       2
   10000       2       1       2      10       6     502       6       6      29     112       7       4            17.00000             3.00000             2.00367             0.28919             1.59364             0.29850          1272.14033             3.47570             1.14463       6       2
   10000       2       1       2      10       6     502       6       6      30      99       6      12            17.66667             3.00000             2.01856             0.28215             1.60708             0.30568          1247.26891             3.40746             1.16946       5       4
