   10000       2       2       2       1       9     509       6       6       0     509      36       0            22.55556             2.97222             2.25679             0.22020             1.60747             0.37073           901.40119             3.36120             2.56709       0       0
   10000       2       2       2       1       9     509       6       6       1     495      35      22            22.85714             2.94286             2.29407             0.22180             1.62130             0.38296           899.13012             3.35664             2.60423       6       5
   10000       2       2       2       1       9     509       6       6       2     480      34       7            23.41176             2.97059             2.34581             0.21593             1.63472             0.40514           856.44125             3.35893             2.73353       4       3
   10000       2       2       2       1       9     509       6       6       3     464      33      24            23.87879             3.06061             2.35324             0.21210             1.65403             0.39361           833.16241             3.36182             2.75383       3       5
   10000       2       2       2       1       9     509       6       6       4     445      32      22            24.09375             3.09375             2.33301             0.20837             1.65497             0.38561           819.52666             3.38683             2.69974       4       2
   10000       2       2       2       1       9     509       6       6       5     425      31      18            24.00000             3.09677             2.34891             0.20968             1.65408             0.38954           815.50053             3.39821             2.71331       6       1
   10000       2       2       2       1       9     509       6       6       6     418      30      21            24.16667             3.10000             2.34117             0.20766             1.66973             0.38341           812.27228             3.37607             2.64972       3       1
   10000       2       2       2       1       9     509       6       6       7     407      29      23            24.17241             3.10345             2.33801             0.20764             1.66409             0.38890           811.30381             3.37737             2.62404       6       6
   10000       2       2       2       1       9     509       6       6       8     396      28      22            24.21429             3.10714             2.35712             0.20973             1.70321             0.38000           818.11902             3.36750             2.58786       5       6
   10000       2       2       2       1       9     509       6       6       9     383      27      27            24.88889             3.14815             2.35113             0.20488             1.69113             0.39322           802.55134             3.36763             2.62912       5       3
   10000       2       2       2       1       9     509       6       6      10     371      26      22            25.46154             3.19231             2.38170             0.20270             1.68173             0.39953           775.78162             3.36057             2.62901       3       3
   10000       2       2       2       1       9     509       6       6      11     360      25      24            25.08000             3.28000             2.35109             0.20530             1.72527             0.40209           794.47225             3.37799             2.56274       6       2
   10000       2       2       2       1       9     509       6       6      12     350      24      17            25.50000             3.20833             2.37382             0.20304             1.71436             0.40234           792.37697             3.36405             2.57111       5       2
   10000       2       2       2       1       9     509       6       6      13     341      23      24            25.69565             3.13043             2.40590             0.20425             1.71614             0.42750           792.49844             3.37218             2.54454       3       6
   10000       2       2       2       1       9     509       6       6      14     334      22      23            25.77273             3.09091             2.37001             0.20070             1.73377             0.41721           775.60101             3.39809             2.49442       4       4
   10000       2       2       2       1       9     509       6       6      15     328      21      18            26.85714             3.19048             2.41745             0.19524             1.76331             0.40770           715.77090             3.42206             2.52667       1       4
   10000       2       2       2       1       9     509       6       6      16     306      20      36            25.95000             3.15000             2.39412             0.20045             1.75549             0.40131           740.81757             3.41431             2.45897       6       4
   10000       2       2       2       1       9     509       6       6      17     291      19      38            25.94737             3.15789             2.42698             0.20244             1.77092             0.39957           724.31455             3.45030             2.43560       2       6
   10000       2       2       2       1       9     509       6       6      18     276      18      24            25.66667             3.11111             2.40632             0.20311             1.77474             0.40428           728.68370             3.47567             2.40901       1       6
   10000       2       2       2       1       9     509       6       6      19     261      17      31            25.35294             3.17647             2.37624             0.20312             1.78250             0.39545           736.51103             3.49792             2.37327       5       4
   10000       2       2       2       1       9     509       6       6      20     251      16      25            25.25000             3.12500             2.37582             0.20506             1.75700             0.39093           741.96347             3.51515             2.30250       5       5
   10000       2       2       2       1       9     509       6       6      21     239      15      26            24.93333             3.20000             2.37805             0.20802             1.79024             0.40452           747.29277             3.57714             2.22349       2       5
   10000       2       2       2       1       9     509       6       6      22     228      14      23            24.92857             3.14286             2.36426             0.20724             1.78721             0.40870           760.05952             3.56919             2.22234       4       1
   10000       2       2       2       1       9     509       6       6      23     212      13      30            24.76923             3.07692             2.39296             0.21043             1.76506             0.42843           754.62123             3.63996             2.20836       2       4
   10000       2       2       2       1       9     509       6       6      24     191      12      33            23.66667             3.08333             2.38621             0.22037             1.74315             0.43573           787.39544             3.69719             2.19112       4       6
   10000       2       2       2       1       9     509       6       6      25     185      11      15            24.45455             3.09091             2.39679             0.21238             1.75516             0.44832           781.46350             3.64434             2.09164       3       2
   10000       2       2       2       1       9     509       6       6      26     167      10      30            23.90000             3.10000             2.38313             0.21614             1.72569             0.44833           798.77435             3.68122             2.03938       3       4
   10000       2       2       2       1       9     509       6       6      27     154       9      18            24.55556             3.11111             2.41130             0.21215             1.74921             0.45239           774.61966             3.68807             2.07367       6       3
   10000       2       2       2       1       9     509       6       6      28     127       8      32            23.62500             3.12500             2.38777             0.21765             1.71997             0.44442           773.63724             3.68435             2.15752       5       1
   10000       2       2       2       1       9     509       6       6      29     102       7      30            22.71429             3.14286             2.37703             0.22452             1.68709             0.43895           765.49054             3.82272             2.23451       1       5
   10000       2       2       2       1       9     509       6       6      30      83       6      19            23.33333             3.16667             2.34598             0.21468             1.66941             0.43803           728.17708             3.84596             2.44026       4       5
