   10000       2       2       1       1       3     487       6       6       0     487      36       0            20.66667             3.16667             2.25710             0.23799             1.67006             0.35268           950.26692             3.56068             2.38376       0       0
   10000       2       2       1       1       3     487       6       6       1     468      35      26            21.17143             3.28571             2.28141             0.23213             1.70325             0.34413           906.04382             3.56918             2.47050       5       5
   10000       2       2       1       1       3     487       6       6       2     449      34      21            21.08824             3.17647             2.31517             0.23761             1.69721             0.36273           908.73883             3.63094             2.51092       1       3
   10000       2       2       1       1       3     487       6       6       3     435      33      19            21.60606             3.18182             2.30702             0.23138             1.70932             0.36426           885.39161             3.64001             2.58671       6       2
   10000       2       2       1       1       3     487       6       6       4     427      32      22            21.78125             3.28125             2.32387             0.23047             1.72287             0.35553           857.16997             3.65769             2.56508       5       4
   10000       2       2       1       1       3     487       6       6       5     417      31      10            22.16129             3.25806             2.35324             0.22974             1.72950             0.37065           847.87050             3.63855             2.56915       6       6
   10000       2       2       1       1       3     487       6       6       6     404      30      19            22.63333             3.33333             2.34354             0.22458             1.74575             0.37069           840.86408             3.59614             2.62691       2       2
   10000       2       2       1       1       3     487       6       6       7     397      29      22            22.79310             3.37931             2.31851             0.22078             1.75434             0.37445           834.35611             3.59978             2.56613       1       1
   10000       2       2       1       1       3     487       6       6       8     377      28      29            22.60714             3.42857             2.31303             0.22244             1.80680             0.38099           839.21333             3.60204             2.58277       1       5
   10000       2       2       1       1       3     487       6       6       9     369      27      17            22.74074             3.44444             2.30683             0.22035             1.81043             0.36831           843.57859             3.56741             2.55074       1       2
   10000       2       2       1       1       3     487       6       6      10     360      26      26            23.07692             3.34615             2.34758             0.22021             1.82479             0.38050           819.36998             3.56530             2.51876       5       2
   10000       2       2       1       1       3     487       6       6      11     346      25      25            23.52000             3.40000             2.34793             0.21484             1.87503             0.38556           794.21267             3.55404             2.53276       3       6
   10000       2       2       1       1       3     487       6       6      12     329      24      23            23.87500             3.45833             2.34948             0.21158             1.88890             0.38895           784.20786             3.55979             2.56554       4       3
   10000       2       2       1       1       3     487       6       6      13     317      23      20            24.04348             3.47826             2.32889             0.20877             1.88178             0.39850           793.68836             3.47798             2.60347       1       4
   10000       2       2       1       1       3     487       6       6      14     306      22      30            23.95455             3.59091             2.34158             0.21107             1.90938             0.40444           782.39497             3.50628             2.51390       4       4
   10000       2       2       1       1       3     487       6       6      15     298      21      21            24.09524             3.57143             2.35520             0.21112             1.91465             0.39769           783.25149             3.52283             2.48998       6       1
   10000       2       2       1       1       3     487       6       6      16     288      20      28            23.90000             3.55000             2.35848             0.21289             1.92627             0.40933           779.90806             3.54996             2.46021       6       4
   10000       2       2       1       1       3     487       6       6      17     276      19      28            23.42105             3.57895             2.34458             0.21631             1.94691             0.39743           791.77035             3.58624             2.37301       6       3
   10000       2       2       1       1       3     487       6       6      18     269      18      16            23.55556             3.55556             2.34472             0.21445             1.92687             0.38898           794.83256             3.58335             2.26992       5       6
   10000       2       2       1       1       3     487       6       6      19     259      17      18            23.82353             3.52941             2.37530             0.21464             1.94413             0.38413           761.08761             3.62009             2.20882       2       4
   10000       2       2       1       1       3     487       6       6      20     245      16      20            23.87500             3.50000             2.32807             0.21140             1.90164             0.37280           754.48784             3.66857             2.16066       2       5
   10000       2       2       1       1       3     487       6       6      21     235      15      22            23.66667             3.53333             2.33671             0.21419             1.90960             0.36516           755.86495             3.66650             2.00925       3       3
   10000       2       2       1       1       3     487       6       6      22     224      14      17            23.64286             3.64286             2.32482             0.21509             1.95270             0.37529           767.83609             3.62252             1.98130       1       6
   10000       2       2       1       1       3     487       6       6      23     209      13      28            23.30769             3.69231             2.29736             0.21620             1.94529             0.36357           773.30430             3.66088             1.86852       4       2
   10000       2       2       1       1       3     487       6       6      24     201      12      19            23.91667             3.66667             2.32841             0.21383             1.94360             0.37076           766.49017             3.70404             1.79446       4       6
   10000       2       2       1       1       3     487       6       6      25     180      11      25            23.72727             3.63636             2.30775             0.21476             1.92911             0.36442           776.19446             3.70266             1.81340       6       5
   10000       2       2       1       1       3     487       6       6      26     168      10      19            23.70000             3.70000             2.35608             0.22385             1.98656             0.39536           783.22378             3.74965             1.72488       5       1
   10000       2       2       1       1       3     487       6       6      27     157       9      34            22.55556             3.77778             2.31812             0.22952             2.01560             0.37864           810.63646             3.78926             1.54212       3       5
   10000       2       2       1       1       3     487       6       6      28     150       8      16            23.87500             3.75000             2.35033             0.21978             2.00782             0.37652           791.33320             3.82765             1.45985       4       1
   10000       2       2       1       1       3     487       6       6      29     131       7      26            23.57143             3.85714             2.30684             0.22068             1.99751             0.37317           804.37133             3.84474             1.42385       4       5
   10000       2       2       1       1       3     487       6       6      30     107       6      29            21.16667             3.83333             2.24341             0.23724             2.00317             0.35642           853.61808             3.84459             1.29390       3       2
   10000       2       2       1       1       3     487       6       6      31      92       5      22            19.40000             4.00000             2.13923             0.24255             2.06492             0.32794           943.48275             3.89368             1.10452       3       1
   10000       2       2       1       1       3     487       6       6      32      75       4      15            20.00000             4.00000             2.12800             0.23043             2.09969             0.31858           957.83131             3.79014             1.13271       2       6
   10000       2       2       1       1       3     487       6       6      33      51       3      27            17.66667             4.00000             2.05338             0.24619             2.12010             0.29657           997.95786             3.83157             1.07843       2       1
   10000       2       2       1       1       3     487       6       6      34      35       2      18            17.50000             4.00000             2.08007             0.25163             2.18015             0.32721          1068.74104             3.68731             1.00000       3       4
   10000       2       2       1       1       3     487       6       6      35      18       1      17            18.00000             4.00000             2.27778             0.26797             2.23529             0.52941          1094.26569             4.12989             1.00000       5       3
   10000       2       2       1       1       3     487       6       6      36       0       0      18             0.00000             0.00000             0.00000             0.00000             0.00000             0.00000             0.00000             0.00000             0.00000       2       3
