   10000       2       1       2       3       5     525       6       6       0     525      36       0            21.69444             2.91667             2.24134             0.22026             1.60306             0.30909           825.34604             4.00950             2.38234       0       0
   10000       2       1       2       3       5     525       6       6       1     511      35      20            21.85714             2.91429             2.25160             0.22016             1.61453             0.31250           824.44890             3.98813             2.37442       2       6
   10000       2       1       2       3       5     525       6       6       2     501      34      25            21.79412             2.94118             2.26343             0.22192             1.61955             0.31395           824.81999             3.98524             2.30555       3       4
   10000       2       1       2       3       5     525       6       6       3     484      33      24            22.15152             2.90909             2.28177             0.22015             1.60923             0.31528           808.21996             3.98048             2.32823       2       1
   10000       2       1       2       3       5     525       6       6       4     470      32      25            22.31250             2.87500             2.30913             0.22046             1.60855             0.32780           796.60997             3.98663             2.31360       4       2
   10000       2       1       2       3       5     525       6       6       5     457      31      22            22.29032             2.83871             2.29600             0.21959             1.59689             0.32648           797.48474             3.98141             2.27774       6       3
   10000       2       1       2       3       5     525       6       6       6     449      30      10            22.46667             2.93333             2.34730             0.22215             1.62920             0.33167           772.14021             3.98210             2.22891       6       6
   10000       2       1       2       3       5     525       6       6       7     436      29      21            22.44828             2.93103             2.33566             0.22212             1.62248             0.32795           782.73721             3.96197             2.17766       3       2
   10000       2       1       2       3       5     525       6       6       8     425      28      23            22.71429             2.92857             2.35187             0.22148             1.61996             0.32918           765.44961             3.97956             2.12697       5       5
   10000       2       1       2       3       5     525       6       6       9     411      27      20            22.59259             2.92593             2.36190             0.22399             1.60536             0.33413           768.63767             3.99102             2.05899       4       4
   10000       2       1       2       3       5     525       6       6      10     402      26      20            22.73077             2.88462             2.35176             0.22134             1.58547             0.32932           767.69665             3.94346             1.99824       2       5
   10000       2       1       2       3       5     525       6       6      11     385      25      19            23.04000             2.88000             2.39527             0.22282             1.59482             0.34572           764.21724             3.91095             2.02492       2       4
   10000       2       1       2       3       5     525       6       6      12     374      24      25            23.08333             2.83333             2.39156             0.22265             1.58824             0.34617           761.78489             3.93345             1.98294       4       6
   10000       2       1       2       3       5     525       6       6      13     360      23      28            22.65217             2.82609             2.40514             0.22939             1.58967             0.35321           792.94734             3.88250             1.93939       3       5
   10000       2       1       2       3       5     525       6       6      14     338      22      23            22.27273             2.95455             2.36300             0.23047             1.61200             0.32784           801.50940             3.89313             1.91073       3       3
   10000       2       1       2       3       5     525       6       6      15     326      21      18            22.52381             2.95238             2.36156             0.22587             1.61198             0.32053           790.71989             3.88421             1.89045       5       4
   10000       2       1       2       3       5     525       6       6      16     309      20      17            22.75000             2.95000             2.37378             0.22479             1.60492             0.32203           783.64877             3.88345             1.92387       5       6
   10000       2       1       2       3       5     525       6       6      17     297      19      18            22.84211             2.84211             2.38931             0.22514             1.60446             0.33147           783.22846             3.91472             1.90229       4       3
   10000       2       1       2       3       5     525       6       6      18     282      18      25            22.72222             2.77778             2.34448             0.22304             1.60192             0.32436           798.84305             3.92086             1.85378       6       2
   10000       2       1       2       3       5     525       6       6      19     270      17      22            22.41176             2.76471             2.34915             0.22648             1.58244             0.33011           815.50744             3.91141             1.81041       6       5
   10000       2       1       2       3       5     525       6       6      20     259      16      14            22.93750             2.75000             2.34948             0.21860             1.58182             0.32526           789.24320             3.84358             1.83677       4       5
   10000       2       1       2       3       5     525       6       6      21     237      15      23            22.93333             2.73333             2.35539             0.21947             1.56606             0.32573           799.41325             3.80286             1.88560       6       4
   10000       2       1       2       3       5     525       6       6      22     225      14      17            23.21429             2.71429             2.38188             0.21872             1.54006             0.33940           790.84159             3.82427             1.86994       3       1
   10000       2       1       2       3       5     525       6       6      23     207      13      20            22.92308             2.76923             2.35303             0.21750             1.56824             0.33498           810.01744             3.78853             1.85728       4       1
   10000       2       1       2       3       5     525       6       6      24     196      12      20            23.00000             2.83333             2.37644             0.21933             1.54213             0.31852           809.05848             3.81123             1.79542       5       2
   10000       2       1       2       3       5     525       6       6      25     180      11      23            22.63636             2.90909             2.31835             0.21777             1.58088             0.31830           829.33562             3.83514             1.77466       6       1
   10000       2       1       2       3       5     525       6       6      26     164      10      16            23.30000             2.70000             2.35598             0.21420             1.55564             0.32680           792.60268             3.85176             1.85213       5       3
   10000       2       1       2       3       5     525       6       6      27     151       9      23            22.77778             2.66667             2.36295             0.21967             1.51297             0.33362           820.07326             3.83270             1.69517       2       3
   10000       2       1       2       3       5     525       6       6      28     132       8      23            22.37500             2.62500             2.35376             0.22401             1.49863             0.31955           858.25268             3.70772             1.69656       2       2
   10000       2       1       2       3       5     525       6       6      29     114       7      18            23.00000             2.57143             2.41337             0.22359             1.45221             0.33158           831.72343             3.73872             1.79606       5       1
   10000       2       1       2       3       5     525       6       6      30      95       6      19            23.66667             2.66667             2.48073             0.22350             1.47202             0.33129           810.15990             3.57461             1.92874       3       6
