   10000       2       2       2      10      11     502       6       6       0     502      36       0            21.30556             2.97222             2.18550             0.22404             1.60095             0.31630           871.56841             3.81060             2.43201       0       0
   10000       2       2       2      10      11     502       6       6       1     477      35      31            21.40000             3.11429             2.22785             0.22664             1.62582             0.31478           858.38236             3.82624             2.49995       2       1
   10000       2       2       2      10      11     502       6       6       2     455      34      29            21.64706             3.11765             2.23641             0.22230             1.64143             0.32191           835.13761             3.87268             2.55282       2       5
   10000       2       2       2      10      11     502       6       6       3     438      33      28            21.03030             3.00000             2.20705             0.22677             1.62482             0.31386           859.08811             3.90982             2.47760       1       2
   10000       2       2       2      10      11     502       6       6       4     427      32      27            21.37500             3.06250             2.21800             0.22418             1.63075             0.31259           847.37860             3.92654             2.48408       3       6
   10000       2       2       2      10      11     502       6       6       5     407      31      27            20.87097             2.96774             2.19817             0.22638             1.62302             0.31555           863.05508             3.93330             2.48916       1       6
   10000       2       2       2      10      11     502       6       6       6     396      30      26            21.50000             3.00000             2.22417             0.22229             1.63939             0.34610           828.20066             3.95088             2.52732       2       3
   10000       2       2       2      10      11     502       6       6       7     386      29      30            21.93103             3.03448             2.23020             0.21866             1.64222             0.35140           803.11863             4.00117             2.54462       3       3
   10000       2       2       2      10      11     502       6       6       8     374      28      32            21.82143             2.96429             2.25788             0.22222             1.64197             0.36503           801.03704             4.03079             2.47917       3       2
   10000       2       2       2      10      11     502       6       6       9     365      27      27            22.11111             2.96296             2.28952             0.22249             1.64950             0.36197           794.50647             3.99104             2.48159       3       4
   10000       2       2       2      10      11     502       6       6      10     348      26      26            22.11538             2.88462             2.27822             0.22221             1.66217             0.35846           790.36616             4.01328             2.50657       6       6
   10000       2       2       2      10      11     502       6       6      11     335      25      27            22.48000             3.04000             2.30247             0.22046             1.70966             0.37102           780.58420             4.03257             2.51811       5       5
   10000       2       2       2      10      11     502       6       6      12     316      24      28            22.58333             3.08333             2.29746             0.21887             1.70194             0.36490           767.17130             4.04468             2.53827       5       3
   10000       2       2       2      10      11     502       6       6      13     302      23      26            22.91304             3.17391             2.34211             0.21922             1.74779             0.37638           740.21919             4.07154             2.56016       5       2
   10000       2       2       2      10      11     502       6       6      14     290      22      28            22.54545             3.13636             2.31941             0.22119             1.73881             0.37171           748.54479             4.10416             2.44674       4       1
   10000       2       2       2      10      11     502       6       6      15     281      21      26            22.76190             3.09524             2.37142             0.22406             1.75300             0.39866           740.10627             4.13654             2.38765       6       4
   10000       2       2       2      10      11     502       6       6      16     275      20      26            22.60000             3.25000             2.35639             0.22429             1.79482             0.38726           740.18391             4.17839             2.27238       4       4
   10000       2       2       2      10      11     502       6       6      17     269      19      25            22.63158             3.21053             2.33336             0.22271             1.82673             0.39255           753.53159             4.14765             2.17006       4       5
   10000       2       2       2      10      11     502       6       6      18     253      18      27            21.94444             3.27778             2.30432             0.22711             1.85562             0.38153           757.42252             4.18771             2.13609       5       6
   10000       2       2       2      10      11     502       6       6      19     240      17      26            21.41176             3.29412             2.32731             0.23584             1.85596             0.38824           765.76130             4.23427             2.05276       6       1
   10000       2       2       2      10      11     502       6       6      20     231      16      25            20.75000             3.50000             2.28099             0.23993             1.89679             0.38036           793.63134             4.25010             1.88462       1       4
   10000       2       2       2      10      11     502       6       6      21     221      15      25            20.53333             3.53333             2.26283             0.24149             1.91704             0.38822           806.97733             4.24596             1.78076       6       3
   10000       2       2       2      10      11     502       6       6      22     210      14      24            20.07143             3.50000             2.22813             0.24435             1.94514             0.39043           817.19607             4.26629             1.66752       4       3
   10000       2       2       2      10      11     502       6       6      23     200      13      22            19.92308             3.46154             2.21463             0.24558             1.92627             0.39849           816.35724             4.26064             1.60330       3       1
   10000       2       2       2      10      11     502       6       6      24     189      12      20            19.91667             3.50000             2.21169             0.24631             1.94206             0.39661           818.67630             4.22131             1.53500       4       2
   10000       2       2       2      10      11     502       6       6      25     177      11      20            19.90909             3.45455             2.19911             0.24621             1.93679             0.41352           836.19100             4.14639             1.48423       4       6
   10000       2       2       2      10      11     502       6       6      26     164      10      19            20.00000             3.40000             2.19797             0.24627             1.93602             0.41599           830.60726             4.18812             1.43934       5       4
   10000       2       2       2      10      11     502       6       6      27     153       9      17            20.33333             3.33333             2.23957             0.24831             1.90808             0.42748           845.38974             4.09330             1.39688       3       5
   10000       2       2       2      10      11     502       6       6      28     138       8      17            20.75000             3.37500             2.23276             0.24350             1.92003             0.41061           840.15817             4.08671             1.41420       5       1
   10000       2       2       2      10      11     502       6       6      29     123       7      17            21.28571             3.28571             2.25760             0.24152             1.88182             0.44248           827.86946             4.03229             1.43646       6       5
   10000       2       2       2      10      11     502       6       6      30     107       6      16            22.16667             3.33333             2.26929             0.23316             1.87323             0.41623           847.64605             3.91075             1.50921       6       2
