   10000       2       1       2      12       6     496       6       6       0     496      36       0            21.13889             3.02778             2.22707             0.23049             1.59494             0.35798           936.79084             3.61014             2.41911       0       0
   10000       2       1       2      12       6     496       6       6       1     482      35      21            21.05714             3.08571             2.21934             0.23105             1.60599             0.35674           943.82693             3.60188             2.36279       3       4
   10000       2       1       2      12       6     496       6       6       2     461      34      27            20.88235             3.05882             2.18693             0.23182             1.60612             0.35321           969.35497             3.61386             2.36734       1       1
   10000       2       1       2      12       6     496       6       6       3     447      33      20            20.72727             3.06061             2.18286             0.23483             1.62734             0.35088           989.96519             3.59103             2.33410       6       4
   10000       2       1       2      12       6     496       6       6       4     443      32      10            21.09375             3.06250             2.20107             0.23069             1.62267             0.35505           976.89959             3.55419             2.30749       1       6
   10000       2       1       2      12       6     496       6       6       5     432      31      18            21.25806             2.93548             2.22891             0.23172             1.59557             0.36392           978.75586             3.51742             2.29931       4       3
   10000       2       1       2      12       6     496       6       6       6     419      30      24            21.16667             2.93333             2.22499             0.23268             1.59614             0.35413           982.85230             3.52406             2.26721       6       5
   10000       2       1       2      12       6     496       6       6       7     406      29      18            21.31034             3.03448             2.24785             0.23503             1.62016             0.34296           966.55050             3.48273             2.21913       5       2
   10000       2       1       2      12       6     496       6       6       8     393      28      25            21.50000             3.00000             2.23765             0.22960             1.61480             0.34041           933.37327             3.49533             2.21373       4       1
   10000       2       1       2      12       6     496       6       6       9     378      27      29            21.40741             2.96296             2.23968             0.23221             1.60902             0.33973           936.01228             3.51414             2.19101       3       6
   10000       2       1       2      12       6     496       6       6      10     357      26      30            21.03846             2.96154             2.23118             0.23562             1.60087             0.32277           947.56761             3.53840             2.13902       2       2
   10000       2       1       2      12       6     496       6       6      11     340      25      26            20.92000             2.92000             2.25779             0.24080             1.59989             0.33742           969.41654             3.45582             2.11068       2       5
   10000       2       1       2      12       6     496       6       6      12     322      24      16            20.87500             2.83333             2.28534             0.25059             1.57481             0.33900           997.06163             3.46319             2.15459       5       3
   10000       2       1       2      12       6     496       6       6      13     302      23      20            20.39130             2.82609             2.23775             0.25232             1.57691             0.33367          1023.80627             3.46863             2.16952       6       6
   10000       2       1       2      12       6     496       6       6      14     292      22      20            20.59091             2.86364             2.22663             0.25140             1.59715             0.33962          1012.85389             3.48606             2.12464       5       4
   10000       2       1       2      12       6     496       6       6      15     284      21      12            20.95238             3.04762             2.25743             0.24967             1.65827             0.34768           966.16902             3.52072             2.09232       2       1
   10000       2       1       2      12       6     496       6       6      16     271      20      20            20.80000             3.00000             2.27082             0.25289             1.65544             0.34508           969.68051             3.54118             2.06342       5       6
   10000       2       1       2      12       6     496       6       6      17     258      19      16            20.94737             3.05263             2.25924             0.25026             1.66333             0.34885           956.48439             3.54061             2.07292       3       5
   10000       2       1       2      12       6     496       6       6      18     246      18      18            20.94444             3.05556             2.25414             0.25028             1.68602             0.35822           959.91033             3.52400             2.05625       1       5
   10000       2       1       2      12       6     496       6       6      19     235      17      26            20.76471             3.05882             2.24234             0.24862             1.69629             0.36454           957.05392             3.57710             1.98509       1       3
   10000       2       1       2      12       6     496       6       6      20     221      16      17            20.50000             3.12500             2.22802             0.25386             1.69775             0.35661           965.23750             3.59990             1.95133       1       4
   10000       2       1       2      12       6     496       6       6      21     216      15      12            20.80000             3.06667             2.28514             0.25612             1.68037             0.34360           971.05213             3.61752             1.83706       3       3
   10000       2       1       2      12       6     496       6       6      22     196      14      30            19.78571             3.00000             2.23195             0.26221             1.64487             0.32158          1011.52363             3.66053             1.78329       4       2
   10000       2       1       2      12       6     496       6       6      23     178      13      26            18.84615             3.07692             2.20811             0.27036             1.65336             0.30931          1051.85130             3.64786             1.72851       4       4
   10000       2       1       2      12       6     496       6       6      24     159      12      24            18.16667             3.08333             2.15026             0.27474             1.67956             0.30267          1080.06863             3.72308             1.71538       4       6
   10000       2       1       2      12       6     496       6       6      25     157      11       7            19.45455             3.18182             2.19766             0.24501             1.73915             0.31116          1021.55168             3.67048             1.59613       6       3
   10000       2       1       2      12       6     496       6       6      26     142      10      22            18.70000             3.10000             2.16945             0.25097             1.71204             0.32837          1073.44032             3.70028             1.54068       3       1
   10000       2       1       2      12       6     496       6       6      27     128       9      14            19.11111             3.11111             2.23804             0.25451             1.71411             0.32928          1014.56929             3.79084             1.59071       1       2
   10000       2       1       2      12       6     496       6       6      28     110       8      18            19.25000             3.12500             2.22226             0.25115             1.74397             0.33831           997.04693             3.74782             1.66455       2       6
   10000       2       1       2      12       6     496       6       6      29      99       7      22            17.57143             3.14286             2.15760             0.26780             1.79119             0.33093          1115.47930             3.76919             1.42039       6       1
   10000       2       1       2      12       6     496       6       6      30      79       6      23            16.66667             3.16667             2.12066             0.27663             1.78670             0.32547          1140.15849             3.87870             1.42927       6       2
