   10000       2       2       2       2       9     503       6       6       0     503      36       0            22.55556             3.00000             2.29326             0.21934             1.68768             0.35119           834.45777             3.74064             2.54979       0       0
   10000       2       2       2       2       9     503       6       6       1     495      35      25            22.85714             3.02857             2.31661             0.21853             1.69153             0.34987           816.05791             3.74348             2.55140       1       5
   10000       2       2       2       2       9     503       6       6       2     483      34      26            23.47059             3.00000             2.34495             0.21570             1.70006             0.35259           783.68031             3.77498             2.60573       5       2
   10000       2       2       2       2       9     503       6       6       3     463      33      22            23.39394             3.00000             2.35402             0.21682             1.71169             0.35617           784.01273             3.77914             2.60698       6       6
   10000       2       2       2       2       9     503       6       6       4     453      32      26            23.31250             3.03125             2.34759             0.21705             1.73030             0.36477           782.90091             3.78768             2.56856       5       1
   10000       2       2       2       2       9     503       6       6       5     443      31      25            23.90323             3.06452             2.37123             0.21307             1.76022             0.36402           752.77179             3.72857             2.59848       2       1
   10000       2       2       2       2       9     503       6       6       6     418      30      23            23.66667             3.13333             2.38449             0.21745             1.76996             0.38367           752.33258             3.81044             2.75469       2       3
   10000       2       2       2       2       9     503       6       6       7     407      29      26            23.51724             3.10345             2.37509             0.21895             1.77578             0.38927           758.56910             3.80369             2.73389       6       2
   10000       2       2       2       2       9     503       6       6       8     397      28      20            23.50000             3.10714             2.38905             0.22046             1.78114             0.37009           751.12390             3.83446             2.70540       1       3
   10000       2       2       2       2       9     503       6       6       9     384      27      21            24.00000             3.14815             2.38179             0.21661             1.78810             0.36457           738.82477             3.84068             2.73392       5       6
   10000       2       2       2       2       9     503       6       6      10     378      26      11            24.26923             3.19231             2.40550             0.21321             1.81401             0.37724           741.94335             3.76640             2.67638       1       1
   10000       2       2       2       2       9     503       6       6      11     360      25      28            24.80000             3.16000             2.40622             0.20972             1.80495             0.38702           724.08905             3.79146             2.82809       5       4
   10000       2       2       2       2       9     503       6       6      12     341      24      29            24.62500             3.20833             2.38391             0.20909             1.82369             0.37862           728.06408             3.81689             2.83066       6       5
   10000       2       2       2       2       9     503       6       6      13     328      23      28            24.47826             3.13043             2.38376             0.21013             1.81868             0.38050           734.37714             3.85100             2.79207       4       1
   10000       2       2       2       2       9     503       6       6      14     316      22      30            24.50000             3.31818             2.36590             0.20815             1.84922             0.38389           729.74364             3.88196             2.77253       3       6
   10000       2       2       2       2       9     503       6       6      15     307      21      36            24.80952             3.28571             2.39506             0.20838             1.84710             0.38661           719.93560             3.91034             2.72860       5       3
   10000       2       2       2       2       9     503       6       6      16     297      20      24            24.85000             3.25000             2.41414             0.20944             1.83387             0.38040           721.84902             3.94958             2.63437       2       6
   10000       2       2       2       2       9     503       6       6      17     287      19      23            25.00000             3.31579             2.40843             0.21011             1.83423             0.36509           710.87031             3.96807             2.49929       1       4
   10000       2       2       2       2       9     503       6       6      18     278      18      16            25.44444             3.38889             2.43544             0.20830             1.84158             0.38613           699.04446             3.92818             2.45047       1       2
   10000       2       2       2       2       9     503       6       6      19     257      17      38            23.94118             3.41176             2.38589             0.21661             1.83339             0.37426           727.48505             4.01996             2.37180       6       3
   10000       2       2       2       2       9     503       6       6      20     249      16      25            25.06250             3.37500             2.39557             0.20663             1.81285             0.40639           699.81394             3.99040             2.38869       3       5
   10000       2       2       2       2       9     503       6       6      21     234      15      23            25.40000             3.40000             2.39197             0.20434             1.83450             0.40844           690.21918             4.03413             2.39872       4       6
   10000       2       2       2       2       9     503       6       6      22     219      14      21            25.64286             3.50000             2.41134             0.20431             1.85174             0.42284           686.74360             4.07867             2.41022       6       1
   10000       2       2       2       2       9     503       6       6      23     208      13      28            24.92308             3.46154             2.37354             0.21271             1.88404             0.42724           715.50541             4.07449             2.26200       2       5
   10000       2       2       2       2       9     503       6       6      24     203      12      14            25.58333             3.50000             2.39389             0.20699             1.92311             0.38549           693.52385             3.96583             2.20687       2       2
   10000       2       2       2       2       9     503       6       6      25     179      11      30            24.36364             3.45455             2.33936             0.21288             1.90651             0.38979           719.96135             4.11177             2.20563       4       5
   10000       2       2       2       2       9     503       6       6      26     161      10      26            24.40000             3.50000             2.31043             0.21209             1.87116             0.37341           716.26039             4.15605             2.20231       5       5
   10000       2       2       2       2       9     503       6       6      27     158       9      10            25.77778             3.55556             2.40120             0.19643             1.86469             0.38970           681.74116             3.96249             2.03558       2       4
   10000       2       2       2       2       9     503       6       6      28     138       8      30            25.25000             3.50000             2.40523             0.20226             1.81543             0.37335           705.31374             3.97868             2.02086       3       1
   10000       2       2       2       2       9     503       6       6      29     117       7      21            25.57143             3.42857             2.38929             0.19837             1.79985             0.38545           690.87215             4.02723             2.13181       1       6
   10000       2       2       2       2       9     503       6       6      30      99       6      22            26.16667             3.50000             2.41597             0.19653             1.79421             0.37826           661.99171             4.16193             2.22014       6       4
