   10000       2       2       2       3       1     546       6       6       0     546      36       0            21.88889             3.11111             2.26232             0.22006             1.62450             0.32094           843.01106             3.63284             2.18994       0       0
   10000       2       2       2       3       1     546       6       6       1     525      35      19            22.42857             3.08571             2.26609             0.21515             1.63426             0.33077           823.44657             3.65418             2.30189       4       5
   10000       2       2       2       3       1     546       6       6       2     510      34      20            22.91176             3.05882             2.29435             0.21282             1.63725             0.33208           792.15274             3.69028             2.32576       3       4
   10000       2       2       2       3       1     546       6       6       3     495      33      25            23.33333             3.09091             2.31365             0.21098             1.65332             0.33610           771.17127             3.72416             2.35889       6       3
   10000       2       2       2       3       1     546       6       6       4     472      32      23            23.62500             3.09375             2.33815             0.21109             1.68702             0.35667           762.55566             3.74393             2.39250       5       2
   10000       2       2       2       3       1     546       6       6       5     448      31      28            24.00000             3.19355             2.34613             0.20882             1.71683             0.36488           748.36281             3.77845             2.44503       2       5
   10000       2       2       2       3       1     546       6       6       6     428      30      33            23.96667             3.20000             2.33031             0.20736             1.70451             0.35426           739.97670             3.80694             2.45109       5       4
   10000       2       2       2       3       1     546       6       6       7     414      29      21            23.82759             3.20690             2.32616             0.20769             1.71167             0.35129           739.21557             3.83414             2.43743       5       3
   10000       2       2       2       3       1     546       6       6       8     389      28      23            23.67857             3.17857             2.30663             0.20654             1.72259             0.35946           744.30327             3.86539             2.43896       3       1
   10000       2       2       2       3       1     546       6       6       9     380      27      25            23.85185             3.18519             2.32098             0.20618             1.73103             0.36100           733.84985             3.90911             2.41784       2       4
   10000       2       2       2       3       1     546       6       6      10     370      26      23            23.73077             3.15385             2.32972             0.20896             1.72879             0.35642           742.23361             3.90987             2.36511       4       1
   10000       2       2       2       3       1     546       6       6      11     362      25      20            23.96000             3.16000             2.32347             0.20653             1.71951             0.35186           736.50550             3.90313             2.31428       4       6
   10000       2       2       2       3       1     546       6       6      12     348      24      23            24.20833             3.16667             2.36520             0.20773             1.75183             0.35970           720.69736             3.91380             2.30218       6       6
   10000       2       2       2       3       1     546       6       6      13     341      23      23            24.08696             3.17391             2.34867             0.20728             1.75805             0.35649           735.20626             3.89590             2.23370       5       6
   10000       2       2       2       3       1     546       6       6      14     333      22      19            24.13636             3.22727             2.35769             0.20667             1.77654             0.35204           736.72362             3.81833             2.19239       6       4
   10000       2       2       2       3       1     546       6       6      15     321      21      20            24.28571             3.14286             2.40273             0.20853             1.73939             0.37020           731.36005             3.84886             2.17571       4       2
   10000       2       2       2       3       1     546       6       6      16     305      20      17            24.75000             3.20000             2.45676             0.20909             1.76031             0.37447           718.16952             3.82047             2.20295       2       1
   10000       2       2       2       3       1     546       6       6      17     290      19      24            24.31579             3.21053             2.44208             0.21318             1.76211             0.38170           751.72383             3.79287             2.18064       6       5
   10000       2       2       2       3       1     546       6       6      18     280      18      22            24.16667             3.27778             2.41280             0.21215             1.80536             0.38090           767.89304             3.77045             2.10090       3       5
   10000       2       2       2       3       1     546       6       6      19     266      17      18            24.35294             3.17647             2.47847             0.21577             1.76273             0.38456           757.18821             3.77538             2.10539       3       6
   10000       2       2       2       3       1     546       6       6      20     251      16      21            24.43750             3.31250             2.45143             0.21166             1.78985             0.38287           756.79278             3.78528             2.11860       5       1
   10000       2       2       2       3       1     546       6       6      21     235      15      27            24.86667             3.40000             2.43197             0.20651             1.81045             0.37988           741.41505             3.77445             2.10264       3       3
   10000       2       2       2       3       1     546       6       6      22     231      14      24            25.64286             3.42857             2.45803             0.20259             1.83082             0.37975           719.75150             3.78322             2.01214       2       3
   10000       2       2       2       3       1     546       6       6      23     220      13      27            25.61538             3.46154             2.46927             0.20433             1.85311             0.38424           724.69551             3.77503             1.94441       2       2
   10000       2       2       2       3       1     546       6       6      24     204      12      15            26.41667             3.41667             2.50050             0.19792             1.83491             0.38001           689.49764             3.76093             2.02871       5       5
   10000       2       2       2       3       1     546       6       6      25     194      11      27            26.81818             3.36364             2.53342             0.19801             1.83035             0.38963           676.79994             3.79376             1.95486       2       6
   10000       2       2       2       3       1     546       6       6      26     182      10      25            26.80000             3.50000             2.50935             0.19589             1.87598             0.40035           670.00005             3.86550             1.92966       6       2
   10000       2       2       2       3       1     546       6       6      27     167       9      30            26.44444             3.55556             2.51013             0.19846             1.88135             0.39059           671.26309             3.87528             1.79130       3       2
   10000       2       2       2       3       1     546       6       6      28     152       8      25            26.12500             3.75000             2.51721             0.20145             1.88881             0.39936           674.95156             3.89338             1.73164       4       4
   10000       2       2       2       3       1     546       6       6      29     127       7      26            26.14286             3.85714             2.43805             0.19519             1.94743             0.37136           649.80492             3.89827             1.82495       6       1
   10000       2       2       2       3       1     546       6       6      30     105       6      27            26.00000             3.83333             2.42402             0.19534             1.93816             0.38197           680.26173             3.84721             1.86705       4       3
