   10000       2       1       2       8       3     502       6       6       0     502      36       0            21.30556             2.97222             2.18550             0.22404             1.60095             0.31630           871.56841             3.81060             2.43201       0       0
   10000       2       1       2       8       3     502       6       6       1     494      35      18            21.57143             2.97143             2.18405             0.22162             1.61486             0.32600           854.74552             3.84092             2.39653       4       4
   10000       2       1       2       8       3     502       6       6       2     485      34      19            21.82353             2.97059             2.21595             0.22352             1.61517             0.31911           858.90663             3.81304             2.36672       4       6
   10000       2       1       2       8       3     502       6       6       3     471      33      21            21.81818             2.96970             2.22975             0.22482             1.60949             0.32004           867.88630             3.79489             2.31617       1       4
   10000       2       1       2       8       3     502       6       6       4     452      32      24            21.50000             3.00000             2.23753             0.22939             1.60963             0.31732           880.00328             3.81547             2.27591       3       1
   10000       2       1       2       8       3     502       6       6       5     441      31      17            21.70968             2.90323             2.24463             0.22809             1.59128             0.32764           870.81117             3.80994             2.25868       4       3
   10000       2       1       2       8       3     502       6       6       6     429      30      19            21.96667             2.93333             2.29215             0.22943             1.60379             0.33508           847.22890             3.82966             2.27521       5       6
   10000       2       1       2       8       3     502       6       6       7     415      29      23            22.13793             2.93103             2.28795             0.22784             1.59760             0.33095           848.37876             3.78990             2.24044       5       2
   10000       2       1       2       8       3     502       6       6       8     404      28      27            21.89286             2.92857             2.27545             0.22920             1.59524             0.32720           862.02060             3.78354             2.19451       6       5
   10000       2       1       2       8       3     502       6       6       9     388      27      27            22.03704             2.96296             2.25563             0.22420             1.59267             0.31910           847.52526             3.77456             2.21270       2       6
   10000       2       1       2       8       3     502       6       6      10     378      26      22            21.88462             2.96154             2.25446             0.22632             1.60024             0.31340           843.31673             3.80196             2.12104       3       3
   10000       2       1       2       8       3     502       6       6      11     361      25      30            21.48000             2.96000             2.22712             0.23118             1.58987             0.30311           879.97193             3.79035             2.04166       6       3
   10000       2       1       2       8       3     502       6       6      12     349      24      21            21.50000             3.00000             2.22074             0.23083             1.61783             0.29103           876.84811             3.81050             2.00524       4       1
   10000       2       1       2       8       3     502       6       6      13     325      23      31            21.17391             2.95652             2.23965             0.23529             1.61639             0.28280           886.48451             3.82534             2.02965       2       1
   10000       2       1       2       8       3     502       6       6      14     313      22      20            20.90909             3.04545             2.19681             0.24183             1.63741             0.28175           976.35287             3.88253             1.94542       6       1
   10000       2       1       2       8       3     502       6       6      15     297      21      19            21.09524             3.04762             2.19455             0.23994             1.64152             0.28447           971.95165             3.90243             1.99490       3       6
   10000       2       1       2       8       3     502       6       6      16     290      20      27            20.65000             3.05000             2.18364             0.24399             1.63771             0.28042           994.70343             3.94118             1.90613       5       4
   10000       2       1       2       8       3     502       6       6      17     276      19      25            20.63158             3.00000             2.17923             0.24237             1.62784             0.28046           989.43627             3.97349             1.85012       2       2
   10000       2       1       2       8       3     502       6       6      18     265      18      17            20.72222             3.00000             2.15132             0.23856             1.62634             0.27650          1008.99899             3.95321             1.79493       3       4
   10000       2       1       2       8       3     502       6       6      19     250      17      18            20.64706             3.00000             2.14370             0.24300             1.61123             0.28158          1040.48777             3.95779             1.79137       1       6
   10000       2       1       2       8       3     502       6       6      20     244      16      10            21.18750             3.06250             2.16527             0.23572             1.63730             0.28832          1012.52772             3.98230             1.71491       1       5
   10000       2       1       2       8       3     502       6       6      21     230      15      27            20.33333             3.06667             2.11420             0.24239             1.60879             0.26709          1066.61780             4.01319             1.60560       1       2
   10000       2       1       2       8       3     502       6       6      22     211      14      23            19.78571             3.14286             2.07065             0.24399             1.64322             0.27438          1089.36496             4.02114             1.57943       5       5
   10000       2       1       2       8       3     502       6       6      23     199      13      21            18.92308             3.23077             2.08824             0.25845             1.67128             0.28914          1160.98796             3.92034             1.43210       3       5
   10000       2       1       2       8       3     502       6       6      24     188      12      11            19.58333             3.08333             2.09085             0.24903             1.61888             0.27805          1131.35295             3.93958             1.46811       5       1
   10000       2       1       2       8       3     502       6       6      25     169      11      26            18.72727             3.00000             2.07117             0.25736             1.57698             0.27805          1168.71181             3.97919             1.39451       2       5
   10000       2       1       2       8       3     502       6       6      26     160      10      13            18.80000             2.90000             2.07182             0.25676             1.55718             0.26504          1184.07307             4.04713             1.29754       1       3
   10000       2       1       2       8       3     502       6       6      27     148       9      19            18.22222             3.00000             2.01574             0.26157             1.59545             0.25498          1256.78037             4.02776             1.18986       4       2
   10000       2       1       2       8       3     502       6       6      28     137       8      16            17.75000             3.00000             2.01597             0.26969             1.60002             0.26316          1307.04319             4.14208             1.06214       2       3
   10000       2       1       2       8       3     502       6       6      29     123       7      19            17.57143             2.85714             2.01073             0.27563             1.52701             0.28488          1386.53398             4.12234             1.00000       6       4
   10000       2       1       2       8       3     502       6       6      30     118       6       5            19.66667             3.16667             2.17918             0.23824             1.61484             0.29069          1009.71943             3.87748             1.00000       6       2
