   10000       2       2       2       2      11     509       6       6       0     509      36       0            22.55556             2.97222             2.25679             0.22020             1.60747             0.37073           901.40119             3.36120             2.56709       0       0
   10000       2       2       2       2      11     509       6       6       1     487      35      37            22.51429             3.00000             2.27514             0.22063             1.62126             0.38072           887.82613             3.39068             2.57728       5       1
   10000       2       2       2       2      11     509       6       6       2     472      34      33            22.79412             3.02941             2.33415             0.22317             1.64097             0.38576           869.16534             3.40872             2.59171       2       6
   10000       2       2       2       2      11     509       6       6       3     459      33      37            22.81818             3.12121             2.30040             0.21953             1.66390             0.38032           856.16844             3.43770             2.58424       1       5
   10000       2       2       2       2      11     509       6       6       4     452      32      32            23.09375             3.09375             2.31690             0.21888             1.67066             0.39164           843.31596             3.45543             2.59242       2       5
   10000       2       2       2       2      11     509       6       6       5     426      31      34            22.93548             3.16129             2.27595             0.21471             1.68829             0.38811           831.25195             3.46617             2.61620       3       5
   10000       2       2       2       2      11     509       6       6       6     411      30      31            23.13333             3.16667             2.29722             0.21451             1.67964             0.38603           817.32339             3.47045             2.56899       2       4
   10000       2       2       2       2      11     509       6       6       7     398      29      30            22.96552             3.20690             2.27652             0.21417             1.71901             0.37749           816.49749             3.48773             2.52746       4       6
   10000       2       2       2       2      11     509       6       6       8     385      28      30            22.96429             3.21429             2.24187             0.20902             1.71117             0.37294           801.03930             3.49337             2.56376       2       3
   10000       2       2       2       2      11     509       6       6       9     369      27      28            23.25926             3.22222             2.27996             0.20892             1.72038             0.39821           787.05141             3.48437             2.54376       5       4
   10000       2       2       2       2      11     509       6       6      10     352      26      29            23.73077             3.34615             2.27147             0.20391             1.77231             0.39052           762.51429             3.50457             2.64780       5       3
   10000       2       2       2       2      11     509       6       6      11     337      25      31            23.56000             3.32000             2.24209             0.20303             1.76566             0.38940           766.65729             3.50654             2.58027       6       4
   10000       2       2       2       2      11     509       6       6      12     323      24      28            23.29167             3.37500             2.23263             0.20395             1.77327             0.39427           776.45974             3.49482             2.55208       6       3
   10000       2       2       2       2      11     509       6       6      13     315      23      28            23.52174             3.26087             2.24379             0.20284             1.77045             0.38925           765.38024             3.51198             2.53773       5       5
   10000       2       2       2       2      11     509       6       6      14     307      22      27            23.00000             3.27273             2.22264             0.20540             1.74872             0.39465           782.71127             3.53452             2.44085       4       5
   10000       2       2       2       2      11     509       6       6      15     296      21      27            22.95238             3.28571             2.22253             0.20596             1.76519             0.39645           779.29052             3.55036             2.43047       6       6
   10000       2       2       2       2      11     509       6       6      16     281      20      25            22.85000             3.30000             2.18993             0.20407             1.75866             0.39118           785.37664             3.56376             2.44474       6       5
   10000       2       2       2       2      11     509       6       6      17     265      19      25            22.57895             3.31579             2.22688             0.21194             1.77962             0.41775           795.94185             3.58498             2.43597       6       2
   10000       2       2       2       2      11     509       6       6      18     253      18      24            22.61111             3.27778             2.22600             0.21216             1.82587             0.41775           792.37025             3.62009             2.26412       2       2
   10000       2       2       2       2      11     509       6       6      19     237      17      26            22.29412             3.23529             2.20530             0.21335             1.82214             0.39795           800.32947             3.57740             2.22591       2       1
   10000       2       2       2       2      11     509       6       6      20     229      16      25            22.31250             3.31250             2.18675             0.21175             1.83744             0.39852           797.46694             3.59859             2.16559       1       3
   10000       2       2       2       2      11     509       6       6      21     219      15      25            22.13333             3.26667             2.16755             0.21216             1.84129             0.38897           791.24042             3.64222             2.08574       1       4
   10000       2       2       2       2      11     509       6       6      22     198      14      24            22.00000             3.21429             2.15273             0.21256             1.82995             0.38260           788.15323             3.70745             2.13191       1       6
   10000       2       2       2       2      11     509       6       6      23     180      13      23            21.76923             3.23077             2.13953             0.21410             1.81529             0.37580           806.06068             3.71470             2.14395       5       6
   10000       2       2       2       2      11     509       6       6      24     165      12      22            21.75000             3.16667             2.18599             0.21949             1.79593             0.39471           806.43190             3.73525             2.18372       3       6
   10000       2       2       2       2      11     509       6       6      25     154      11      21            22.00000             3.27273             2.21238             0.22117             1.80985             0.42555           804.72895             3.77096             2.10933       3       1
   10000       2       2       2       2      11     509       6       6      26     144      10      20            22.40000             3.10000             2.18933             0.21499             1.81823             0.43760           794.95813             3.71428             2.08077       4       1
   10000       2       2       2       2      11     509       6       6      27     130       9      20            22.55556             3.22222             2.17570             0.21319             1.80176             0.43675           774.19003             3.72793             2.11793       6       1
   10000       2       2       2       2      11     509       6       6      28     124       8      19            22.75000             3.25000             2.14010             0.20880             1.84801             0.44177           813.34175             3.61701             2.01681       1       1
   10000       2       2       2       2      11     509       6       6      29     112       7      18            23.42857             3.14286             2.16805             0.20595             1.82123             0.43586           805.44844             3.51025             2.06687       1       2
   10000       2       2       2       2      11     509       6       6      30     100       6      16            25.66667             3.16667             2.19917             0.18154             1.85375             0.37314           746.44144             3.43474             2.19457       5       2
