   10000       2       1       2       1       7     487       6       6       0     487      36       0            20.66667             3.16667             2.25710             0.23799             1.67006             0.35268           950.26701             3.56068             2.38376       0       0
   10000       2       1       2       1       7     487       6       6       1     472      35      20            20.71429             3.14286             2.28653             0.24051             1.67555             0.36117           952.47489             3.53955             2.39712       1       4
   10000       2       1       2       1       7     487       6       6       2     455      34      24            20.61765             3.14706             2.28187             0.24128             1.68291             0.36310           955.09011             3.53776             2.36827       3       6
   10000       2       1       2       1       7     487       6       6       3     441      33      22            20.39394             3.09091             2.27604             0.24538             1.67633             0.36676           976.22592             3.52661             2.33399       1       6
   10000       2       1       2       1       7     487       6       6       4     421      32      24            20.50000             3.09375             2.26944             0.24296             1.68261             0.36005           970.33667             3.53620             2.37378       4       2
   10000       2       1       2       1       7     487       6       6       5     403      31      20            20.83871             3.06452             2.27248             0.24021             1.69013             0.36661           961.92837             3.51829             2.42217       3       4
   10000       2       1       2       1       7     487       6       6       6     383      30      27            20.76667             3.06667             2.26091             0.24105             1.69602             0.37630           961.02992             3.54740             2.43911       6       3
   10000       2       1       2       1       7     487       6       6       7     373      29      20            20.96552             3.00000             2.27658             0.24116             1.68735             0.37132           953.99782             3.55648             2.42565       6       2
   10000       2       1       2       1       7     487       6       6       8     361      28      26            20.71429             3.00000             2.24427             0.24040             1.68493             0.36369           961.44141             3.56877             2.38270       5       2
   10000       2       1       2       1       7     487       6       6       9     345      27      29            20.22222             3.03704             2.22178             0.24579             1.67931             0.36636           981.54973             3.55793             2.31549       3       2
   10000       2       1       2       1       7     487       6       6      10     335      26      14            20.23077             3.03846             2.22891             0.24543             1.67526             0.36633           983.69179             3.53471             2.30873       2       6
   10000       2       1       2       1       7     487       6       6      11     318      25      20            20.00000             3.04000             2.21264             0.24575             1.70761             0.37728           997.30000             3.54244             2.33273       1       5
   10000       2       1       2       1       7     487       6       6      12     306      24      17            20.37500             3.00000             2.20365             0.23954             1.70419             0.37955           985.92606             3.50069             2.35002       3       1
   10000       2       1       2       1       7     487       6       6      13     296      23      19            20.65217             2.95652             2.19320             0.23370             1.68382             0.36108           980.08224             3.50624             2.32409       5       6
   10000       2       1       2       1       7     487       6       6      14     287      22      23            20.86364             2.95455             2.19768             0.23421             1.68012             0.36807           975.99486             3.51710             2.28124       4       5
   10000       2       1       2       1       7     487       6       6      15     278      21      25            20.57143             2.95238             2.21651             0.24171             1.67171             0.36757          1007.09801             3.52376             2.16690       4       3
   10000       2       1       2       1       7     487       6       6      16     266      20      19            20.55000             3.00000             2.22848             0.24374             1.68589             0.37527           990.48425             3.58444             2.11461       2       4
   10000       2       1       2       1       7     487       6       6      17     248      19      25            20.26316             3.00000             2.25738             0.24659             1.68315             0.36491           979.44894             3.58110             2.08966       5       5
   10000       2       1       2       1       7     487       6       6      18     233      18      22            20.00000             3.00000             2.25116             0.25058             1.67676             0.37407          1000.30266             3.59996             2.08959       3       5
   10000       2       1       2       1       7     487       6       6      19     227      17      27            19.00000             3.05882             2.20504             0.26178             1.70814             0.37779          1073.54034             3.65187             1.88751       5       4
   10000       2       1       2       1       7     487       6       6      20     218      16      21            18.50000             3.06250             2.16804             0.26564             1.71833             0.36651          1113.66088             3.68731             1.78479       5       1
   10000       2       1       2       1       7     487       6       6      21     208      15      15            19.00000             3.06667             2.16365             0.25079             1.71815             0.33919          1004.18950             3.73613             1.77446       6       4
   10000       2       1       2       1       7     487       6       6      22     194      14      11            19.07143             3.07143             2.19737             0.25266             1.71524             0.36208           990.23617             3.73993             1.81201       4       1
   10000       2       1       2       1       7     487       6       6      23     180      13      14            19.38462             3.00000             2.18186             0.24684             1.69896             0.36178           961.95031             3.71205             1.87150       2       5
   10000       2       1       2       1       7     487       6       6      24     164      12      17            19.58333             3.00000             2.16270             0.24229             1.69991             0.35547           935.61267             3.73428             1.93296       4       4
   10000       2       1       2       1       7     487       6       6      25     145      11      21            18.81818             2.90909             2.13686             0.29407             1.67112             0.39384          1181.28206             3.84361             1.89505       6       5
   10000       2       1       2       1       7     487       6       6      26     141      10       4            20.30000             3.00000             2.23031             0.24061             1.70490             0.37156           930.70470             3.71077             1.98456       6       6
   10000       2       1       2       1       7     487       6       6      27     126       9      15            20.88889             3.00000             2.27072             0.23772             1.69592             0.36522           897.99505             3.77884             2.09395       5       3
   10000       2       1       2       1       7     487       6       6      28     109       8      17            21.37500             3.00000             2.31429             0.23770             1.70478             0.38230           877.28293             3.81917             2.23069       6       1
   10000       2       1       2       1       7     487       6       6      29      97       7      15            21.42857             2.85714             2.31401             0.23606             1.70555             0.36494           870.65196             3.87612             2.20180       3       3
   10000       2       1       2       1       7     487       6       6      30      81       6      16            22.33333             2.66667             2.33509             0.22679             1.65647             0.39242           849.12219             3.86835             2.40210       4       6
