   10000       2       1       2      12       3     508       6       6       0     508      36       0            20.91667             3.02778             2.17896             0.23201             1.65907             0.34872           966.72843             3.87881             2.34215       0       0
   10000       2       1       2      12       3     508       6       6       1     492      35      28            20.62857             3.05714             2.16696             0.23447             1.66218             0.34689           983.06200             3.92054             2.28729       6       3
   10000       2       1       2      12       3     508       6       6       2     477      34      18            20.79412             3.02941             2.17678             0.23358             1.65414             0.33856           964.05170             3.94411             2.28199       4       6
   10000       2       1       2      12       3     508       6       6       3     461      33      23            20.78788             3.06061             2.16426             0.23130             1.65051             0.33895           951.03468             3.94203             2.28222       1       1
   10000       2       1       2      12       3     508       6       6       4     444      32      27            20.65625             3.03125             2.16892             0.23205             1.66093             0.34998           959.88443             3.90007             2.27312       5       2
   10000       2       1       2      12       3     508       6       6       5     429      31      29            20.90323             3.03226             2.14166             0.22698             1.65411             0.35159           947.27847             3.90486             2.29042       5       5
   10000       2       1       2      12       3     508       6       6       6     413      30      26            20.73333             2.93333             2.17010             0.23223             1.62692             0.35443           961.71813             3.92588             2.26018       5       4
   10000       2       1       2      12       3     508       6       6       7     404      29      18            20.79310             2.89655             2.17192             0.22992             1.62805             0.34741           963.06074             3.91165             2.22370       6       1
   10000       2       1       2      12       3     508       6       6       8     391      28      19            20.75000             2.96429             2.18036             0.23091             1.62911             0.34554           949.77679             3.85188             2.19782       4       2
   10000       2       1       2      12       3     508       6       6       9     374      27      21            20.51852             3.00000             2.16731             0.23531             1.64543             0.35242           967.05136             3.83566             2.19836       5       1
   10000       2       1       2      12       3     508       6       6      10     359      26      20            20.53846             3.00000             2.16284             0.23338             1.65768             0.33617           935.37124             3.86425             2.19434       1       2
   10000       2       1       2      12       3     508       6       6      11     346      25      28            20.12000             2.92000             2.12481             0.23450             1.63826             0.33540           950.87685             3.89424             2.15665       6       5
   10000       2       1       2      12       3     508       6       6      12     340      24       8            20.62500             2.87500             2.14151             0.22778             1.65069             0.34595           848.76340             3.91622             2.10464       2       5
   10000       2       1       2      12       3     508       6       6      13     321      23      27            20.26087             2.82609             2.16111             0.23498             1.64342             0.34771           867.87415             3.89249             2.07567       1       5
   10000       2       1       2      12       3     508       6       6      14     305      22      20            20.31818             2.90909             2.14772             0.23142             1.67668             0.35261           859.81143             3.89719             2.06650       3       6
   10000       2       1       2      12       3     508       6       6      15     291      21      22            20.23810             3.00000             2.11416             0.22939             1.71638             0.34914           851.06194             3.95417             2.02054       1       4
   10000       2       1       2      12       3     508       6       6      16     283      20       9            20.65000             3.00000             2.13290             0.22321             1.72134             0.33859           852.31453             3.78787             2.03761       4       1
   10000       2       1       2      12       3     508       6       6      17     268      19      22            20.15789             3.05263             2.14378             0.23000             1.73732             0.32264           891.16279             3.72469             1.97539       4       5
   10000       2       1       2      12       3     508       6       6      18     249      18      22            19.50000             3.05556             2.11415             0.24172             1.73367             0.33720           976.66677             3.74589             1.93298       2       1
   10000       2       1       2      12       3     508       6       6      19     231      17      21            19.35294             3.11765             2.14891             0.24703             1.74106             0.34595           940.44115             3.73615             1.90184       2       2
   10000       2       1       2      12       3     508       6       6      20     212      16      30            18.50000             3.18750             2.06281             0.25029             1.73239             0.32880           988.05321             3.73342             1.79454       4       3
   10000       2       1       2      12       3     508       6       6      21     203      15      16            18.66667             3.26667             2.04946             0.24558             1.74725             0.32751           984.14945             3.70806             1.74063       2       4
   10000       2       1       2      12       3     508       6       6      22     192      14      19            18.42857             3.14286             2.04871             0.25111             1.72462             0.33194          1000.86192             3.68515             1.70022       2       6
   10000       2       1       2      12       3     508       6       6      23     179      13      13            18.84615             3.15385             2.04027             0.24275             1.71595             0.32849           998.75000             3.65008             1.75408       1       6
   10000       2       1       2      12       3     508       6       6      24     159      12      22            18.16667             3.00000             2.04681             0.25168             1.68671             0.36086          1010.80205             3.67556             1.73872       3       5
   10000       2       1       2      12       3     508       6       6      25     154      11      15            19.09091             3.09091             2.08320             0.24507             1.67728             0.34509           970.71823             3.65715             1.71684       2       3
   10000       2       1       2      12       3     508       6       6      26     143      10      20            18.70000             3.20000             2.12743             0.25615             1.73674             0.36098          1013.13534             3.64037             1.67319       6       6
   10000       2       1       2      12       3     508       6       6      27     122       9      22            18.33333             3.22222             2.09771             0.25941             1.70220             0.34355          1034.50075             3.62735             1.73344       6       2
   10000       2       1       2      12       3     508       6       6      28     101       8      21            18.00000             3.25000             2.09802             0.26564             1.69622             0.36149          1045.86583             3.62462             1.82512       5       6
   10000       2       1       2      12       3     508       6       6      29      94       7      15            17.85714             3.42857             2.10934             0.26761             1.71793             0.35464          1031.49955             3.65012             1.67401       4       4
   10000       2       1       2      12       3     508       6       6      30      78       6      17            18.00000             3.50000             2.09646             0.26754             1.78979             0.36331           981.11911             3.79277             1.76204       6       4
