   10000       2       2       2      12       4     496       6       6       0     496      36       0            21.13889             3.02778             2.22707             0.23049             1.59494             0.35798           936.79084             3.61014             2.41911       0       0
   10000       2       2       2      12       4     496       6       6       1     482      35      20            21.48571             3.11429             2.26240             0.23107             1.64115             0.35665           931.29756             3.59352             2.44887       6       4
   10000       2       2       2      12       4     496       6       6       2     469      34      23            21.67647             3.14706             2.24554             0.23236             1.67120             0.35917           943.13521             3.60806             2.46668       2       6
   10000       2       2       2      12       4     496       6       6       3     453      33      27            21.75758             3.12121             2.25028             0.23187             1.66531             0.35396           936.78297             3.62262             2.49753       6       5
   10000       2       2       2      12       4     496       6       6       4     432      32      20            22.09375             3.21875             2.27268             0.23038             1.69478             0.36653           909.47085             3.66341             2.57684       5       3
   10000       2       2       2      12       4     496       6       6       5     415      31      27            22.09677             3.16129             2.26635             0.23013             1.71910             0.37044           886.97637             3.68579             2.57487       1       1
   10000       2       2       2      12       4     496       6       6       6     402      30      22            22.66667             3.23333             2.29349             0.22659             1.75030             0.36165           868.53866             3.69158             2.64299       3       4
   10000       2       2       2      12       4     496       6       6       7     393      29      17            23.13793             3.17241             2.32412             0.22525             1.76956             0.36941           859.83033             3.68919             2.63639       5       2
   10000       2       2       2      12       4     496       6       6       8     380      28      18            23.60714             3.10714             2.34924             0.22345             1.77217             0.38759           846.48419             3.69411             2.67099       4       3
   10000       2       2       2      12       4     496       6       6       9     371      27       7            24.22222             3.22222             2.36632             0.21087             1.79478             0.36876           798.37406             3.67948             2.70160       1       6
   10000       2       2       2      12       4     496       6       6      10     359      26      17            24.26923             3.19231             2.39358             0.21340             1.78342             0.37107           786.24152             3.71298             2.67444       1       2
   10000       2       2       2      12       4     496       6       6      11     348      25      23            24.40000             3.12000             2.41617             0.21379             1.77623             0.39465           780.53284             3.71912             2.66095       4       5
   10000       2       2       2      12       4     496       6       6      12     338      24      21            25.45833             3.08333             2.45490             0.20805             1.78074             0.39799           733.87774             3.74003             2.69619       3       2
   10000       2       2       2      12       4     496       6       6      13     327      23      20            25.65217             3.17391             2.48667             0.21001             1.80988             0.39413           725.24270             3.75958             2.66219       1       4
   10000       2       2       2      12       4     496       6       6      14     320      22      24            26.00000             3.36364             2.45016             0.20449             1.85333             0.38275           711.05834             3.79871             2.60302       5       5
   10000       2       2       2      12       4     496       6       6      15     310      21      23            25.85714             3.28571             2.46271             0.20706             1.86175             0.39471           720.15873             3.78445             2.52009       4       4
   10000       2       2       2      12       4     496       6       6      16     295      20      24            25.90000             3.35000             2.44089             0.20552             1.86443             0.39939           723.59082             3.80312             2.50156       6       1
   10000       2       2       2      12       4     496       6       6      17     281      19      29            25.57895             3.36842             2.44907             0.20907             1.88352             0.40230           725.72652             3.86591             2.42857       3       6
   10000       2       2       2      12       4     496       6       6      18     270      18      34            24.55556             3.38889             2.44826             0.21701             1.88152             0.39949           751.52759             3.91400             2.27428       4       1
   10000       2       2       2      12       4     496       6       6      19     266      17      20            24.82353             3.35294             2.44301             0.21438             1.91052             0.39415           741.70315             3.97133             2.21373       2       1
   10000       2       2       2      12       4     496       6       6      20     255      16      25            24.87500             3.37500             2.43635             0.21432             1.90753             0.38422           731.91393             3.98596             2.14645       5       4
   10000       2       2       2      12       4     496       6       6      21     240      15      35            24.20000             3.33333             2.41331             0.21765             1.89744             0.37638           747.91395             4.00012             2.05558       4       2
   10000       2       2       2      12       4     496       6       6      22     233      14      23            24.35714             3.35714             2.40296             0.21625             1.90015             0.37567           738.83913             4.04139             2.00545       5       6
   10000       2       2       2      12       4     496       6       6      23     219      13      23            25.00000             3.23077             2.47926             0.21668             1.88499             0.39653           721.56625             3.98747             1.95660       2       4
   10000       2       2       2      12       4     496       6       6      24     203      12      35            23.33333             3.25000             2.41872             0.22708             1.92138             0.38068           779.24119             4.20610             1.84758       2       3
   10000       2       2       2      12       4     496       6       6      25     183      11      29            22.36364             3.45455             2.35024             0.23535             1.98820             0.36329           816.22474             4.33281             1.78700       6       2
   10000       2       2       2      12       4     496       6       6      26     177      10      11            23.50000             3.40000             2.40039             0.22329             1.95702             0.36962           795.77105             4.25418             1.78876       6       3
   10000       2       2       2      12       4     496       6       6      27     158       9      22            23.66667             3.33333             2.38932             0.22164             1.94166             0.36836           768.43241             4.37434             1.83918       5       1
   10000       2       2       2      12       4     496       6       6      28     150       8      21            24.12500             3.37500             2.46883             0.22474             1.96484             0.38589           751.67503             4.38555             1.68061       3       5
   10000       2       2       2      12       4     496       6       6      29     128       7      28            23.28571             3.28571             2.46325             0.23366             1.94341             0.38509           774.81062             4.44415             1.64776       4       6
   10000       2       2       2      12       4     496       6       6      30     109       6      31            22.00000             3.16667             2.42755             0.24285             1.89508             0.37705           792.87476             4.46081             1.47631       2       2
