   10000       2       2       2       2       5     503       6       6       0     503      36       0            22.55556             3.00000             2.29326             0.21934             1.68768             0.35119           834.45777             3.74064             2.54979       0       0
   10000       2       2       2       2       5     503       6       6       1     491      35      23            22.82857             3.11429             2.32546             0.21817             1.71303             0.35671           806.05458             3.72148             2.55935       1       2
   10000       2       2       2       2       5     503       6       6       2     476      34      27            22.61765             3.11765             2.31799             0.22037             1.71720             0.35074           811.22739             3.72977             2.52831       3       6
   10000       2       2       2       2       5     503       6       6       3     455      33      26            22.54545             3.12121             2.33281             0.22169             1.73042             0.35749           809.28341             3.74328             2.59915       4       6
   10000       2       2       2       2       5     503       6       6       4     445      32      22            22.87500             3.12500             2.30573             0.21521             1.75685             0.36219           797.99430             3.74886             2.58680       3       1
   10000       2       2       2       2       5     503       6       6       5     426      31      29            23.12903             3.12903             2.31090             0.21414             1.77578             0.36305           791.50729             3.76394             2.61466       6       5
   10000       2       2       2       2       5     503       6       6       6     414      30      28            23.16667             3.13333             2.31688             0.21384             1.76680             0.37791           791.82034             3.77392             2.58997       5       6
   10000       2       2       2       2       5     503       6       6       7     401      29      26            24.00000             3.06897             2.35167             0.21005             1.76692             0.38552           751.61067             3.80459             2.66410       5       2
   10000       2       2       2       2       5     503       6       6       8     391      28      22            24.10714             3.00000             2.34975             0.20951             1.75668             0.38977           745.45118             3.83904             2.63007       6       4
   10000       2       2       2       2       5     503       6       6       9     381      27      21            24.22222             2.92593             2.35211             0.20824             1.74576             0.38434           733.59146             3.86357             2.58495       1       3
   10000       2       2       2       2       5     503       6       6      10     368      26      24            24.15385             2.92308             2.32921             0.20698             1.73588             0.38544           734.59665             3.88223             2.59694       6       6
   10000       2       2       2       2       5     503       6       6      11     359      25      20            24.40000             3.04000             2.40334             0.21502             1.77017             0.41694           708.14852             3.90168             2.55461       1       4
   10000       2       2       2       2       5     503       6       6      12     342      24      25            24.29167             3.08333             2.40278             0.21707             1.77463             0.39568           713.02802             3.96380             2.56528       2       3
   10000       2       2       2       2       5     503       6       6      13     329      23      24            24.30435             3.00000             2.39351             0.21643             1.77635             0.41273           710.33041             3.99357             2.53188       4       1
   10000       2       2       2       2       5     503       6       6      14     318      22      21            24.27273             3.04545             2.40494             0.21758             1.78557             0.41081           706.80147             4.02411             2.49990       1       6
   10000       2       2       2       2       5     503       6       6      15     290      21      39            23.76190             3.19048             2.39890             0.22088             1.80987             0.40306           713.89132             4.07999             2.50381       5       3
   10000       2       2       2       2       5     503       6       6      16     284      20      14            24.75000             3.15000             2.45265             0.21432             1.81193             0.43180           700.19629             3.86769             2.51132       2       4
   10000       2       2       2       2       5     503       6       6      17     260      19      36            24.47368             3.10526             2.42355             0.21459             1.79866             0.41730           706.67170             3.85955             2.55928       5       4
   10000       2       2       2       2       5     503       6       6      18     255      18      11            25.11111             3.11111             2.46602             0.20790             1.81032             0.42652           695.54833             3.77842             2.52141       1       1
   10000       2       2       2       2       5     503       6       6      19     238      17      19            24.70588             3.11765             2.45677             0.21437             1.81273             0.42059           755.22441             3.74670             2.51901       2       1
   10000       2       2       2       2       5     503       6       6      20     231      16      24            24.81250             3.12500             2.47406             0.21567             1.81235             0.41922           753.08154             3.78585             2.43173       6       2
   10000       2       2       2       2       5     503       6       6      21     223      15      23            25.00000             3.20000             2.47070             0.21421             1.80133             0.40696           754.90368             3.81216             2.37045       2       6
   10000       2       2       2       2       5     503       6       6      22     204      14      27            24.71429             3.14286             2.43789             0.21456             1.76842             0.39826           757.11303             3.86403             2.38243       6       3
   10000       2       2       2       2       5     503       6       6      23     194      13      22            25.38462             3.07692             2.46674             0.21235             1.74329             0.41941           737.75269             3.93502             2.36706       5       5
   10000       2       2       2       2       5     503       6       6      24     185      12      25            25.66667             3.08333             2.47948             0.21194             1.75520             0.42723           727.17720             3.98589             2.31972       2       5
   10000       2       2       2       2       5     503       6       6      25     167      11      24            25.81818             3.09091             2.45994             0.20976             1.75814             0.43413           726.95701             3.89235             2.34897       1       5
   10000       2       2       2       2       5     503       6       6      26     157      10      26            25.50000             3.00000             2.49782             0.21621             1.75650             0.43423           740.91966             3.92952             2.30338       5       1
   10000       2       2       2       2       5     503       6       6      27     153       9      10            27.44444             3.11111             2.60238             0.20085             1.76471             0.42257           632.02019             3.75777             2.25170       2       2
   10000       2       2       2       2       5     503       6       6      28     141       8      28            27.12500             3.25000             2.55892             0.20181             1.80870             0.38536           631.63856             3.80993             2.11541       4       5
   10000       2       2       2       2       5     503       6       6      29     121       7      25            27.28571             3.28571             2.54840             0.20064             1.82124             0.37826           638.17479             3.82279             2.20049       6       1
   10000       2       2       2       2       5     503       6       6      30     107       6      28            28.00000             3.33333             2.47136             0.19173             1.81452             0.38467           638.70519             3.80297             2.18282       3       5
