   10000       2       2       2       6       8     478       6       6       0     478      36       0            20.97222             2.94444             2.17468             0.22490             1.64555             0.34265           881.77585             3.80360             2.53724       0       0
   10000       2       2       2       6       8     478       6       6       1     464      35      22            21.02857             2.94286             2.19867             0.22672             1.64160             0.35129           874.50104             3.80755             2.56888       5       6
   10000       2       2       2       6       8     478       6       6       2     450      34      24            21.02941             2.91176             2.19182             0.22621             1.63829             0.35519           874.91970             3.81498             2.56485       6       6
   10000       2       2       2       6       8     478       6       6       3     428      33      29            21.03030             3.00000             2.19692             0.22600             1.65072             0.35225           868.60345             3.84206             2.60346       6       4
   10000       2       2       2       6       8     478       6       6       4     410      32      25            21.43750             3.06250             2.20629             0.22258             1.65457             0.34077           844.03777             3.83591             2.68016       2       2
   10000       2       2       2       6       8     478       6       6       5     400      31      20            21.74194             3.00000             2.17707             0.21254             1.65368             0.33117           823.07690             3.92008             2.67685       2       6
   10000       2       2       2       6       8     478       6       6       6     384      30      25            22.50000             2.93333             2.26851             0.21810             1.65791             0.36845           789.82998             3.95487             2.75172       4       3
   10000       2       2       2       6       8     478       6       6       7     372      29      27            22.58621             2.96552             2.26021             0.21146             1.65087             0.36924           781.12285             3.97923             2.73601       4       2
   10000       2       2       2       6       8     478       6       6       8     358      28      26            22.89286             3.00000             2.29135             0.22190             1.67571             0.37916           776.02206             4.00291             2.74463       6       2
   10000       2       2       2       6       8     478       6       6       9     327      27      23            22.33333             2.96296             2.29704             0.22470             1.67283             0.38003           770.56288             4.07372             2.78215       2       4
   10000       2       2       2       6       8     478       6       6      10     319      26      29            22.07692             2.96154             2.28624             0.22640             1.67904             0.36219           778.05170             4.08972             2.69351       5       3
   10000       2       2       2       6       8     478       6       6      11     302      25      23            22.28000             2.96000             2.29820             0.22547             1.68603             0.36849           767.23872             4.09122             2.74528       1       1
   10000       2       2       2       6       8     478       6       6      12     299      24      17            22.54167             2.95833             2.30086             0.22291             1.69042             0.36554           770.72783             4.06932             2.69197       6       3
   10000       2       2       2       6       8     478       6       6      13     291      23      20            22.69565             2.95652             2.33179             0.22488             1.68239             0.37968           753.42608             4.08348             2.60664       2       5
   10000       2       2       2       6       8     478       6       6      14     286      22      19            22.81818             3.00000             2.32696             0.22358             1.70432             0.38467           758.97927             4.08037             2.52996       2       1
   10000       2       2       2       6       8     478       6       6      15     271      21      33            22.80952             3.00000             2.30864             0.22266             1.69992             0.37356           760.54055             4.07682             2.53320       5       2
   10000       2       2       2       6       8     478       6       6      16     270      20      12            23.60000             3.05000             2.31658             0.21252             1.71595             0.37296           752.79770             4.04886             2.46024       1       4
   10000       2       2       2       6       8     478       6       6      17     252      19      35            22.63158             3.05263             2.30715             0.21958             1.68830             0.36929           775.50230             4.11140             2.41089       5       1
   10000       2       2       2       6       8     478       6       6      18     239      18      27            22.16667             3.05556             2.28767             0.22272             1.68949             0.36287           789.87186             4.10549             2.39294       1       5
   10000       2       2       2       6       8     478       6       6      19     223      17      24            22.76471             3.35294             2.25267             0.21305             1.78247             0.36271           765.49157             4.12299             2.45703       5       4
   10000       2       2       2       6       8     478       6       6      20     216      16      18            23.43750             3.50000             2.25509             0.20571             1.80205             0.34534           726.80121             4.21848             2.45773       3       5
   10000       2       2       2       6       8     478       6       6      21     205      15      26            23.00000             3.33333             2.30049             0.21381             1.79729             0.37496           737.22704             4.29998             2.37977       1       3
   10000       2       2       2       6       8     478       6       6      22     190      14      18            22.57143             3.35714             2.28364             0.21643             1.79208             0.39064           756.86643             4.27090             2.39158       4       1
   10000       2       2       2       6       8     478       6       6      23     184      13      19            22.76923             3.23077             2.32705             0.21926             1.77380             0.38562           738.08304             4.29188             2.29743       6       5
   10000       2       2       2       6       8     478       6       6      24     178      12      22            23.08333             3.16667             2.31081             0.21565             1.78358             0.41160           737.75849             4.31979             2.19376       5       5
   10000       2       2       2       6       8     478       6       6      25     171      11      15            23.72727             3.27273             2.32308             0.20976             1.82486             0.41409           740.99380             4.23916             2.07210       3       6
   10000       2       2       2       6       8     478       6       6      26     159      10      21            23.90000             3.10000             2.31010             0.20728             1.81303             0.42632           724.49112             4.22181             2.02221       1       2
   10000       2       2       2       6       8     478       6       6      27     146       9      24            23.77778             3.11111             2.37239             0.21486             1.79778             0.42938           730.71005             4.26619             1.96171       2       3
   10000       2       2       2       6       8     478       6       6      28     130       8      19            24.37500             3.12500             2.39745             0.21190             1.81154             0.44139           712.39924             4.20120             2.00559       1       6
   10000       2       2       2       6       8     478       6       6      29     111       7      24            24.42857             3.14286             2.39471             0.21215             1.82809             0.44855           724.98106             4.14657             2.08956       6       1
   10000       2       2       2       6       8     478       6       6      30     102       6      21            26.16667             3.33333             2.52118             0.21340             1.83690             0.43385           700.97686             4.20215             1.96677       3       4
