   10000       2       1       2       2       6     546       6       6       0     546      36       0            21.88889             3.11111             2.26232             0.22006             1.62450             0.32094           843.01106             3.63284             2.18994       0       0
   10000       2       1       2       2       6     546       6       6       1     534      35      20            22.05714             3.08571             2.29023             0.22133             1.62157             0.32731           840.60742             3.64442             2.16209       2       1
   10000       2       1       2       2       6     546       6       6       2     521      34      17            22.29412             3.14706             2.27262             0.21845             1.63720             0.32267           827.71781             3.65718             2.17231       6       1
   10000       2       1       2       2       6     546       6       6       3     502      33      24            22.09091             3.15152             2.27063             0.21990             1.63638             0.32639           835.25016             3.60912             2.18233       1       1
   10000       2       1       2       2       6     546       6       6       4     485      32      22            22.09375             3.12500             2.28736             0.22206             1.64440             0.32848           837.74159             3.62823             2.17502       3       6
   10000       2       1       2       2       6     546       6       6       5     469      31      24            21.87097             3.16129             2.29335             0.22575             1.63370             0.33168           849.09075             3.63901             2.15049       1       6
   10000       2       1       2       2       6     546       6       6       6     448      30      22            21.73333             3.16667             2.26526             0.22429             1.63400             0.32540           847.85906             3.65061             2.18008       2       6
   10000       2       1       2       2       6     546       6       6       7     428      29      25            21.65517             3.13793             2.26121             0.22415             1.62683             0.32525           844.81120             3.66151             2.19485       5       3
   10000       2       1       2       2       6     546       6       6       8     409      28      24            22.14286             3.14286             2.29024             0.22143             1.63432             0.32172           815.19050             3.66663             2.23365       2       4
   10000       2       1       2       2       6     546       6       6       9     402      27      16            22.14815             3.11111             2.25280             0.21798             1.63711             0.31470           818.43933             3.65360             2.16862       4       6
   10000       2       1       2       2       6     546       6       6      10     387      26      19            22.11538             3.23077             2.22680             0.21470             1.64730             0.31695           819.46501             3.66197             2.15424       5       1
   10000       2       1       2       2       6     546       6       6      11     369      25      27            21.96000             3.24000             2.21609             0.21464             1.65764             0.32183           835.33359             3.59333             2.12974       6       5
   10000       2       1       2       2       6     546       6       6      12     353      24      20            22.25000             3.33333             2.20953             0.21150             1.66011             0.33678           823.03114             3.61131             2.14387       4       5
   10000       2       1       2       2       6     546       6       6      13     337      23      21            22.13043             3.39130             2.20974             0.21401             1.67155             0.32236           822.74520             3.59978             2.14252       6       6
   10000       2       1       2       2       6     546       6       6      14     322      22      22            22.13636             3.22727             2.26294             0.22003             1.66879             0.32405           830.34787             3.57760             2.12826       3       5
   10000       2       1       2       2       6     546       6       6      15     310      21      25            21.57143             3.38095             2.26245             0.22607             1.69939             0.32137           851.05129             3.60240             2.06503       1       5
   10000       2       1       2       2       6     546       6       6      16     299      20      18            21.75000             3.45000             2.25562             0.22357             1.71339             0.33481           844.54441             3.61904             2.06246       1       4
   10000       2       1       2       2       6     546       6       6      17     286      19      20            21.52632             3.52632             2.26265             0.22716             1.74284             0.32957           847.77100             3.66751             2.00628       6       2
   10000       2       1       2       2       6     546       6       6      18     261      18      28            20.88889             3.38889             2.25119             0.23455             1.73306             0.31171           875.56441             3.73611             1.94963       5       4
   10000       2       1       2       2       6     546       6       6      19     254      17      15            21.05882             3.47059             2.22416             0.23133             1.75751             0.31859           870.12814             3.73411             1.91306       5       5
   10000       2       1       2       2       6     546       6       6      20     243      16      20            21.06250             3.62500             2.23852             0.23394             1.80246             0.29569           892.43863             3.73105             1.83354       1       2
   10000       2       1       2       2       6     546       6       6      21     232      15      17            21.06667             3.53333             2.25133             0.23502             1.81132             0.29144           892.73336             3.67407             1.73876       2       2
   10000       2       1       2       2       6     546       6       6      22     220      14      24            20.92857             3.64286             2.22870             0.23318             1.84707             0.28656           893.54587             3.72367             1.74412       2       3
   10000       2       1       2       2       6     546       6       6      23     206      13      22            20.92308             3.69231             2.19932             0.23265             1.83568             0.27969           904.91574             3.71752             1.67659       3       1
   10000       2       1       2       2       6     546       6       6      24     191      12      16            20.66667             3.50000             2.23682             0.23911             1.81323             0.29080           919.19321             3.67307             1.63893       5       2
   10000       2       1       2       2       6     546       6       6      25     172      11      20            20.72727             3.54545             2.23319             0.23922             1.81447             0.28899           899.81872             3.64664             1.68930       1       3
   10000       2       1       2       2       6     546       6       6      26     163      10      18            20.70000             3.60000             2.24647             0.24151             1.84028             0.29376           913.64609             3.58950             1.63558       6       4
   10000       2       1       2       2       6     546       6       6      27     141       9      22            20.55556             3.55556             2.26796             0.24654             1.81862             0.29949           906.82178             3.54419             1.70620       6       3
   10000       2       1       2       2       6     546       6       6      28     128       8      12            21.50000             3.75000             2.27982             0.23136             1.88072             0.32160           894.27399             3.40414             1.79797       5       6
   10000       2       1       2       2       6     546       6       6      29     108       7      21            21.57143             3.42857             2.25648             0.22930             1.85287             0.34578           898.89778             3.34473             1.89530       2       5
   10000       2       1       2       2       6     546       6       6      30      91       6      19            21.66667             4.00000             2.37837             0.24278             1.97189             0.39296           932.58695             3.34195             1.99256       4       1
