   10000       2       1       2      10       4     525       6       6       0     525      36       0            21.69444             2.91667             2.24134             0.22026             1.60306             0.30909           825.34604             4.00950             2.38234       0       0
   10000       2       1       2      10       4     525       6       6       1     510      35      24            21.62857             2.91429             2.23034             0.22277             1.59043             0.30899           852.26993             4.00708             2.35685       5       6
   10000       2       1       2      10       4     525       6       6       2     498      34      17            21.82353             2.88235             2.24904             0.22231             1.58961             0.31854           845.90277             4.04079             2.34891       4       3
   10000       2       1       2      10       4     525       6       6       3     480      33      21            21.90909             2.87879             2.22801             0.21988             1.58431             0.32525           844.59120             4.03725             2.37407       1       6
   10000       2       1       2      10       4     525       6       6       4     464      32      22            21.78125             2.90625             2.21721             0.22023             1.60250             0.32243           850.25517             4.05723             2.37358       6       1
   10000       2       1       2      10       4     525       6       6       5     451      31      24            21.74194             2.90323             2.25395             0.22347             1.62603             0.32964           854.83786             4.00895             2.31240       3       5
   10000       2       1       2      10       4     525       6       6       6     436      30      23            21.76667             2.96667             2.25790             0.22379             1.63292             0.32080           859.84377             3.97141             2.27694       2       5
   10000       2       1       2      10       4     525       6       6       7     426      29      20            21.93103             2.93103             2.26707             0.22426             1.62521             0.32089           868.24418             3.92101             2.19784       3       2
   10000       2       1       2      10       4     525       6       6       8     411      28      25            21.82143             2.92857             2.26071             0.22550             1.62999             0.32057           877.43514             3.93416             2.17695       1       4
   10000       2       1       2      10       4     525       6       6       9     396      27      22            21.70370             2.88889             2.25416             0.22540             1.62392             0.32630           877.17054             3.95112             2.14247       4       2
   10000       2       1       2      10       4     525       6       6      10     382      26      20            21.92308             2.92308             2.26825             0.22458             1.63873             0.33028           865.94993             3.95491             2.12465       4       4
   10000       2       1       2      10       4     525       6       6      11     364      25      24            21.76000             3.04000             2.23183             0.22306             1.65108             0.32552           875.88355             3.99216             2.10692       5       1
   10000       2       1       2      10       4     525       6       6      12     354      24      14            22.12500             2.95833             2.24910             0.22098             1.63588             0.32444           854.31812             3.99282             2.10099       5       2
   10000       2       1       2      10       4     525       6       6      13     344      23      22            22.04348             2.95652             2.25979             0.22419             1.63709             0.33077           872.90105             3.96799             2.03824       4       5
   10000       2       1       2      10       4     525       6       6      14     327      22      23            21.68182             3.04545             2.23362             0.22612             1.63610             0.33333           888.10242             3.99474             1.99721       5       3
   10000       2       1       2      10       4     525       6       6      15     314      21      24            21.52381             3.04762             2.22187             0.22797             1.63806             0.32771           896.61930             3.96241             1.95033       3       4
   10000       2       1       2      10       4     525       6       6      16     299      20      28            21.10000             3.05000             2.19856             0.23517             1.62682             0.33729           975.94887             3.98630             1.81798       6       5
   10000       2       1       2      10       4     525       6       6      17     289      19      30            20.57895             2.94737             2.20406             0.24144             1.58209             0.33412          1001.23987             3.98866             1.66447       2       3
   10000       2       1       2      10       4     525       6       6      18     277      18      14            20.77778             2.94444             2.21149             0.24103             1.56614             0.33099           980.95206             4.01530             1.65367       5       5
   10000       2       1       2      10       4     525       6       6      19     255      17      31            19.94118             2.94118             2.18537             0.24718             1.54127             0.30467          1024.03551             4.01555             1.58552       6       4
   10000       2       1       2      10       4     525       6       6      20     240      16      28            18.81250             3.00000             2.11228             0.25402             1.53108             0.29376          1093.80519             4.01769             1.46996       3       6
   10000       2       1       2      10       4     525       6       6      21     231      15      19            18.60000             3.06667             2.09739             0.25888             1.56406             0.29975          1134.23241             4.01965             1.32552       1       2
   10000       2       1       2      10       4     525       6       6      22     211      14      18            18.35714             3.14286             2.09662             0.26302             1.57781             0.28087          1141.39246             4.03560             1.33674       3       3
   10000       2       1       2      10       4     525       6       6      23     200      13      20            17.84615             3.07692             2.03173             0.26414             1.56069             0.29290          1198.91298             4.03118             1.25212       6       2
   10000       2       1       2      10       4     525       6       6      24     186      12      14            18.16667             3.08333             2.05505             0.26332             1.55613             0.28525          1204.56447             4.03880             1.27312       5       4
   10000       2       1       2      10       4     525       6       6      25     170      11      16            18.36364             3.00000             2.07711             0.26529             1.54608             0.29906          1217.21398             4.02860             1.29795       6       3
   10000       2       1       2      10       4     525       6       6      26     159      10      21            17.70000             3.00000             2.00833             0.26717             1.54473             0.30065          1263.32454             4.04473             1.17434       3       1
   10000       2       1       2      10       4     525       6       6      27     152       9       5            18.88889             3.22222             2.13145             0.24569             1.60393             0.29607           985.63032             3.90897             1.19606       6       6
   10000       2       1       2      10       4     525       6       6      28     134       8      18            19.00000             3.12500             2.10066             0.24159             1.60589             0.29632          1009.86594             3.87810             1.22057       4       1
   10000       2       1       2      10       4     525       6       6      29     120       7      14            19.71429             3.14286             2.15585             0.23843             1.61553             0.30568           932.43334             3.97542             1.25207       4       6
   10000       2       1       2      10       4     525       6       6      30     105       6      28            17.83333             3.16667             2.13738             0.25661             1.57685             0.30959           998.78960             4.10181             1.03661       2       1
