   10000       2       1       2       5       2     465       6       6       0     465      36       0            20.86111             3.02778             2.26933             0.23432             1.65535             0.34821           866.06190             3.76657             2.53990       0       0
   10000       2       1       2       5       2     465       6       6       1     451      35      23            20.88571             3.02857             2.27835             0.23575             1.65409             0.35331           869.42022             3.75660             2.52830       4       3
   10000       2       1       2       5       2     465       6       6       2     435      34      27            20.73529             3.05882             2.26129             0.23689             1.66091             0.34948           878.01416             3.75263             2.49986       5       5
   10000       2       1       2       5       2     465       6       6       3     424      33      19            21.09091             3.15152             2.26849             0.23283             1.68467             0.34774           854.66868             3.74897             2.50575       3       4
   10000       2       1       2       5       2     465       6       6       4     417      32      18            21.25000             3.09375             2.29456             0.23407             1.68159             0.36478           840.36755             3.76797             2.47756       5       6
   10000       2       1       2       5       2     465       6       6       5     408      31      18            21.48387             3.09677             2.29638             0.23078             1.66730             0.35505           832.43442             3.76993             2.44989       5       4
   10000       2       1       2       5       2     465       6       6       6     395      30      20            21.33333             3.10000             2.29255             0.23227             1.67449             0.36263           832.52660             3.78826             2.41198       5       3
   10000       2       1       2       5       2     465       6       6       7     387      29      20            21.17241             3.10345             2.27786             0.23366             1.67690             0.36556           844.91228             3.79410             2.33009       1       5
   10000       2       1       2       5       2     465       6       6       8     380      28      16            21.28571             3.07143             2.28683             0.23351             1.66070             0.36848           838.47978             3.80612             2.30310       6       3
   10000       2       1       2       5       2     465       6       6       9     368      27      22            21.18519             3.00000             2.27376             0.23365             1.65132             0.36559           842.24532             3.80466             2.24742       3       1
   10000       2       1       2       5       2     465       6       6      10     358      26      19            21.07692             3.03846             2.29316             0.23709             1.66344             0.35801           851.55650             3.74824             2.18852       4       5
   10000       2       1       2       5       2     465       6       6      11     346      25      22            21.24000             3.20000             2.28865             0.23505             1.69777             0.35451           846.41442             3.71705             2.15424       2       4
   10000       2       1       2       5       2     465       6       6      12     332      24      23            20.91667             3.20833             2.26647             0.23681             1.70753             0.35689           863.61610             3.72129             2.10681       3       5
   10000       2       1       2       5       2     465       6       6      13     323      23      12            21.21739             3.30435             2.27229             0.23077             1.73441             0.33088           836.20584             3.73488             2.10157       1       6
   10000       2       1       2       5       2     465       6       6      14     307      22      27            20.77273             3.22727             2.26812             0.23632             1.72264             0.33389           858.45821             3.75860             2.06788       2       6
   10000       2       1       2       5       2     465       6       6      15     296      21      22            20.57143             3.19048             2.27104             0.23939             1.70429             0.32151           876.58407             3.72095             1.99698       6       1
   10000       2       1       2       5       2     465       6       6      16     283      20      29            19.90000             3.25000             2.24547             0.24431             1.71741             0.30916           912.06726             3.72376             1.85565       5       2
   10000       2       1       2       5       2     465       6       6      17     272      19      21            19.68421             3.31579             2.22064             0.24443             1.73091             0.30218           916.89668             3.67550             1.83939       3       6
   10000       2       1       2       5       2     465       6       6      18     264      18      19            19.88889             3.27778             2.25548             0.24759             1.70209             0.31990           908.12816             3.67739             1.78982       2       1
   10000       2       1       2       5       2     465       6       6      19     248      17      23            19.58824             3.29412             2.21731             0.24761             1.72171             0.31821           921.25156             3.68991             1.76844       1       4
   10000       2       1       2       5       2     465       6       6      20     229      16      20            19.50000             3.31250             2.21108             0.24931             1.73864             0.32305           929.60949             3.68141             1.80671       4       4
   10000       2       1       2       5       2     465       6       6      21     221      15      16            19.60000             3.20000             2.22407             0.24825             1.72608             0.33156           923.99742             3.66533             1.68843       2       2
   10000       2       1       2       5       2     465       6       6      22     207      14      25            19.35714             3.28571             2.20665             0.24960             1.74297             0.32994           928.19538             3.69393             1.61726       2       3
   10000       2       1       2       5       2     465       6       6      23     200      13      12            19.76923             3.30769             2.28149             0.25300             1.75067             0.33505           905.67617             3.69742             1.50528       4       2
   10000       2       1       2       5       2     465       6       6      24     186      12      13            20.25000             3.41667             2.29117             0.24604             1.78462             0.34771           850.07941             3.71395             1.54878       2       5
   10000       2       1       2       5       2     465       6       6      25     163      11      23            19.90909             3.36364             2.31042             0.25339             1.76779             0.35139           886.45116             3.67243             1.59354       4       6
   10000       2       1       2       5       2     465       6       6      26     142      10      25            18.80000             3.40000             2.20981             0.26110             1.75897             0.33659           963.85527             3.58386             1.56190       5       1
   10000       2       1       2       5       2     465       6       6      27     130       9      13            19.44444             3.33333             2.22708             0.25404             1.75706             0.33959           911.92806             3.58260             1.60891       6       2
   10000       2       1       2       5       2     465       6       6      28     117       8      21            19.00000             3.37500             2.21976             0.25893             1.78536             0.33863           942.49931             3.53870             1.56618       3       2
   10000       2       1       2       5       2     465       6       6      29      96       7      23            18.42857             3.28571             2.18502             0.26432             1.77693             0.34495           977.53533             3.53975             1.62217       3       3
   10000       2       1       2       5       2     465       6       6      30      83       6      13            19.33333             3.16667             2.26656             0.25856             1.73022             0.36872           932.68615             3.51432             1.72586       4       1
