   10000       2       1       2       8       7     467       6       6       0     467      36       0            20.41667             3.19444             2.11294             0.23015             1.72272             0.31714           954.81477             3.61434             2.49732       0       0
   10000       2       1       2       8       7     467       6       6       1     458      35      15            20.85714             3.11429             2.13862             0.22690             1.69263             0.32568           927.47299             3.60392             2.52562       3       4
   10000       2       1       2       8       7     467       6       6       2     444      34      27            20.73529             3.08824             2.12744             0.22474             1.68993             0.31864           923.28801             3.59513             2.48584       1       4
   10000       2       1       2       8       7     467       6       6       3     425      33      21            20.78788             3.06061             2.13655             0.22644             1.66921             0.32184           923.54931             3.59709             2.50086       3       6
   10000       2       1       2       8       7     467       6       6       4     410      32      29            20.56250             3.06250             2.13797             0.22884             1.66975             0.31906           935.10741             3.59715             2.46455       5       1
   10000       2       1       2       8       7     467       6       6       5     397      31      26            20.54839             3.12903             2.14234             0.22685             1.66154             0.31886           906.13484             3.65883             2.40016       2       5
   10000       2       1       2       8       7     467       6       6       6     387      30      24            20.30000             3.10000             2.12739             0.22862             1.66512             0.31845           921.62262             3.65021             2.32249       1       2
   10000       2       1       2       8       7     467       6       6       7     366      29      24            19.82759             3.10345             2.08443             0.23350             1.66426             0.31766           979.17414             3.67315             2.34013       1       5
   10000       2       1       2       8       7     467       6       6       8     360      28      16            19.85714             3.03571             2.10959             0.23602             1.65977             0.32653           971.10742             3.69635             2.28656       4       6
   10000       2       1       2       8       7     467       6       6       9     350      27      24            19.62963             3.00000             2.09749             0.23825             1.64339             0.33459           982.11309             3.72351             2.20183       2       1
   10000       2       1       2       8       7     467       6       6      10     348      26      19            19.38462             3.11538             2.12372             0.24576             1.67805             0.34022          1014.28382             3.63268             2.03298       2       3
   10000       2       1       2       8       7     467       6       6      11     331      25      23            19.20000             3.16000             2.13266             0.24916             1.69730             0.34055          1014.61850             3.65969             2.04469       3       5
   10000       2       1       2       8       7     467       6       6      12     317      24      30            18.70833             3.08333             2.09645             0.25120             1.68105             0.34248          1040.36749             3.66575             1.97554       6       2
   10000       2       1       2       8       7     467       6       6      13     303      23      20            18.73913             3.17391             2.12639             0.25441             1.70062             0.33277          1040.89793             3.70663             1.96252       6       3
   10000       2       1       2       8       7     467       6       6      14     292      22      20            18.72727             3.18182             2.13991             0.25633             1.71868             0.33226          1044.49897             3.70480             1.91312       4       4
   10000       2       1       2       8       7     467       6       6      15     279      21      14            18.95238             3.23810             2.13796             0.25277             1.74168             0.33407          1027.67679             3.70971             1.95077       6       1
   10000       2       1       2       8       7     467       6       6      16     265      20      24            18.40000             3.15000             2.10397             0.25703             1.69815             0.32646          1068.27361             3.73658             1.81650       4       2
   10000       2       1       2       8       7     467       6       6      17     251      19      22            18.00000             3.10526             2.07381             0.26121             1.69096             0.33143          1102.09108             3.72625             1.75871       3       1
   10000       2       1       2       8       7     467       6       6      18     235      18      32            17.72222             3.11111             2.04851             0.26037             1.68596             0.33796          1105.13526             3.71347             1.71453       5       5
   10000       2       1       2       8       7     467       6       6      19     218      17      16            17.58824             3.11765             2.08539             0.26534             1.67858             0.35536          1125.73304             3.67180             1.74375       1       3
   10000       2       1       2       8       7     467       6       6      20     203      16      22            17.25000             3.12500             2.05670             0.26694             1.67961             0.35322          1142.20672             3.70374             1.67849       5       4
   10000       2       1       2       8       7     467       6       6      21     183      15      19            16.60000             3.00000             1.97233             0.30856             1.64862             0.32507          2274.02084             3.74984             1.64251       2       6
   10000       2       1       2       8       7     467       6       6      22     172      14      16            16.42857             3.07143             1.97371             0.31633             1.67916             0.33563          2370.72202             3.80119             1.61398       5       6
   10000       2       1       2       8       7     467       6       6      23     165      13      20            15.61538             3.07692             1.93562             0.33004             1.69831             0.33542          2541.83288             3.75125             1.43189       6       5
   10000       2       1       2       8       7     467       6       6      24     156      12      10            16.08333             3.08333             1.96375             0.32892             1.71484             0.32634          2603.07539             3.74918             1.45465       4       1
   10000       2       1       2       8       7     467       6       6      25     139      11      21            15.45455             3.09091             1.96511             0.34548             1.68978             0.32880          2788.77416             3.77991             1.41266       5       2
   10000       2       1       2       8       7     467       6       6      26     137      10       2            16.80000             3.30000             2.09597             0.27829             1.73620             0.35580          1142.00428             3.80918             1.45393       1       6
   10000       2       1       2       8       7     467       6       6      27     123       9      24            16.11111             3.55556             2.08080             0.28455             1.77285             0.33373          1168.41818             3.81390             1.28843       3       3
   10000       2       1       2       8       7     467       6       6      28     111       8      20            15.12500             3.50000             2.09085             0.30082             1.75696             0.34600          1200.79883             3.89701             1.17210       2       2
   10000       2       1       2       8       7     467       6       6      29      94       7      17            14.85714             3.57143             2.07357             0.30481             1.79379             0.36865          1255.54977             3.83071             1.19668       6       4
   10000       2       1       2       8       7     467       6       6      30      87       6      15            14.50000             3.66667             2.08127             0.31516             1.73464             0.37820          1330.66667             3.91576             1.00000       4       3
