   10000       2       1       2      10      11     523       6       6       0     523      36       0            22.19444             3.02778             2.32437             0.22473             1.62973             0.34372           814.90618             3.76329             2.41033       0       0
   10000       2       1       2      10      11     523       6       6       1     507      35      31            22.11429             3.00000             2.31405             0.22461             1.63510             0.34525           816.20258             3.76526             2.38373       2       5
   10000       2       1       2      10      11     523       6       6       2     492      34      30            21.94118             2.91176             2.32710             0.22652             1.61304             0.35738           817.50864             3.76551             2.31930       5       1
   10000       2       1       2      10      11     523       6       6       3     476      33      28            21.84848             2.96970             2.29302             0.22398             1.61743             0.35779           818.73623             3.77511             2.29443       3       4
   10000       2       1       2      10      11     523       6       6       4     456      32      28            21.87500             2.96875             2.31312             0.22573             1.62560             0.35106           815.78920             3.78409             2.27772       2       3
   10000       2       1       2      10      11     523       6       6       5     442      31      30            21.51613             3.00000             2.29881             0.22764             1.64094             0.34203           831.26978             3.78710             2.23986       1       4
   10000       2       1       2      10      11     523       6       6       6     425      30      28            21.50000             2.96667             2.26203             0.22429             1.64132             0.34727           827.36358             3.79782             2.23167       5       4
   10000       2       1       2      10      11     523       6       6       7     413      29      27            21.20690             3.00000             2.26922             0.22841             1.64605             0.34429           834.14524             3.79379             2.14782       5       5
   10000       2       1       2      10      11     523       6       6       8     401      28      26            21.46429             3.00000             2.24919             0.22473             1.64317             0.33642           825.37347             3.78074             2.12444       4       3
   10000       2       1       2      10      11     523       6       6       9     367      27      27            21.18519             2.96296             2.27371             0.22903             1.62801             0.33300           834.33660             3.78654             2.17709       6       3
   10000       2       1       2      10      11     523       6       6      10     355      26      28            20.69231             2.96154             2.27930             0.23468             1.64703             0.33113           858.44182             3.75714             2.08906       5       2
   10000       2       1       2      10      11     523       6       6      11     339      25      26            20.76000             3.00000             2.23784             0.23043             1.64280             0.31716           858.32203             3.77731             2.06705       2       1
   10000       2       1       2      10      11     523       6       6      12     329      24      27            20.37500             2.95833             2.24897             0.23592             1.63742             0.30426           876.12491             3.80340             1.99560       1       2
   10000       2       1       2      10      11     523       6       6      13     319      23      30            19.52174             2.86957             2.24224             0.24778             1.63247             0.31634           922.90574             3.83983             1.82212       3       2
   10000       2       1       2      10      11     523       6       6      14     305      22      26            18.81818             2.90909             2.22251             0.25406             1.61412             0.29685           961.50374             3.82539             1.74782       1       6
   10000       2       1       2      10      11     523       6       6      15     290      21      24            18.23810             2.90476             2.19527             0.26008             1.59307             0.30095          1002.97319             3.88842             1.63940       3       6
   10000       2       1       2      10      11     523       6       6      16     286      20      24            17.75000             3.00000             2.15946             0.26247             1.64405             0.29334          1040.52786             3.82713             1.47223       4       5
   10000       2       1       2      10      11     523       6       6      17     274      19      22            17.21053             3.05263             2.15005             0.27271             1.63636             0.27602          1093.52312             3.80987             1.37072       4       1
   10000       2       1       2      10      11     523       6       6      18     260      18      21            16.94444             3.05556             2.09449             0.27244             1.66097             0.27533          1114.14248             3.83639             1.30201       6       6
   10000       2       1       2      10      11     523       6       6      19     244      17      24            16.23529             3.05882             2.09111             0.28408             1.65962             0.27217          1165.27990             3.87036             1.24040       6       4
   10000       2       1       2      10      11     523       6       6      20     233      16      20            15.81250             3.06250             2.06630             0.28773             1.66800             0.26071          1203.36430             3.80973             1.16018       4       6
   10000       2       1       2      10      11     523       6       6      21     220      15      20            15.20000             3.06667             2.03109             0.29488             1.65633             0.24854          1252.53754             3.82618             1.08169       6       1
   10000       2       1       2      10      11     523       6       6      22     202      14      19            14.92857             3.07143             2.01452             0.29798             1.64765             0.24249          1277.53314             3.84576             1.07807       5       3
   10000       2       1       2      10      11     523       6       6      23     186      13      17            14.76923             3.07692             2.00658             0.30054             1.66382             0.24672          1298.89555             3.75666             1.07285       4       4
   10000       2       1       2      10      11     523       6       6      24     173      12      14            14.83333             3.08333             2.01904             0.30177             1.64221             0.24164          1314.71756             3.67800             1.06494       5       6
   10000       2       1       2      10      11     523       6       6      25     160      11      14            14.90909             3.00000             2.01427             0.30023             1.61668             0.25661          1342.90317             3.62903             1.05375       4       2
   10000       2       1       2      10      11     523       6       6      26     147      10      13            15.10000             3.00000             2.03109             0.29949             1.62834             0.26561          1327.97721             3.66596             1.05912       3       3
   10000       2       1       2      10      11     523       6       6      27     133       9      13            15.22222             3.00000             2.06626             0.30636             1.62872             0.26271          1354.90056             3.45795             1.06569       3       5
   10000       2       1       2      10      11     523       6       6      28     120       8      13            15.50000             3.12500             2.07454             0.30299             1.66564             0.27471          1343.58476             3.43084             1.07390       6       2
   10000       2       1       2      10      11     523       6       6      29     108       7      12            16.00000             3.14286             2.08519             0.29433             1.65683             0.28799          1314.93676             3.49684             1.08446       6       5
   10000       2       1       2      10      11     523       6       6      30      99       6       9            17.16667             3.16667             2.13643             0.26931             1.70381             0.27348          1204.25945             3.50407             1.09854       3       1
