   10000       2       2       2      12       8     503       6       6       0     503      36       0            22.55556             3.00000             2.29326             0.21934             1.68768             0.35119           834.45788             3.74064             2.54979       0       0
   10000       2       2       2      12       8     503       6       6       1     494      35      22            22.82857             3.02857             2.31598             0.21782             1.71451             0.35164           823.41204             3.74989             2.51875       3       1
   10000       2       2       2      12       8     503       6       6       2     475      34      27            23.05882             3.08824             2.34002             0.21887             1.72184             0.36526           819.06824             3.74775             2.55182       5       6
   10000       2       2       2      12       8     503       6       6       3     459      33      10            23.54545             3.18182             2.33886             0.21191             1.72141             0.35586           794.18114             3.82131             2.73034       2       4
   10000       2       2       2      12       8     503       6       6       4     442      32      19            23.62500             3.12500             2.34347             0.21138             1.72073             0.35936           789.36428             3.84441             2.76756       6       6
   10000       2       2       2      12       8     503       6       6       5     430      31      30            24.00000             3.09677             2.37471             0.21167             1.71204             0.36527           777.45888             3.84507             2.79465       6       3
   10000       2       2       2      12       8     503       6       6       6     413      30      24            24.46667             3.20000             2.34890             0.20439             1.75344             0.34648           756.46243             3.81324             2.78929       3       3
   10000       2       2       2      12       8     503       6       6       7     400      29      27            24.34483             3.10345             2.34042             0.20552             1.74329             0.34669           762.60498             3.83946             2.78729       6       5
   10000       2       2       2      12       8     503       6       6       8     380      28      28            23.92857             3.17857             2.33642             0.20909             1.75595             0.35888           772.95052             3.89384             2.83104       4       6
   10000       2       2       2      12       8     503       6       6       9     362      27      29            24.14815             3.22222             2.36229             0.21062             1.76470             0.36775           770.01713             3.91941             2.87786       5       5
   10000       2       2       2      12       8     503       6       6      10     347      26      20            24.38462             3.23077             2.34922             0.20724             1.77333             0.36543           760.84619             3.93310             2.96242       3       4
   10000       2       2       2      12       8     503       6       6      11     336      25      18            24.52000             3.24000             2.37713             0.20873             1.76319             0.37290           759.84419             3.94944             2.89175       2       6
   10000       2       2       2      12       8     503       6       6      12     325      24      28            24.79167             3.25000             2.36229             0.20611             1.78029             0.38304           749.62560             3.96193             2.82950       4       2
   10000       2       2       2      12       8     503       6       6      13     306      23      25            24.47826             3.21739             2.36042             0.20838             1.75685             0.37544           755.21273             4.04152             2.87346       4       4
   10000       2       2       2      12       8     503       6       6      14     296      22      25            24.63636             3.31818             2.38094             0.20980             1.77624             0.39771           736.42055             4.02699             2.83315       1       2
   10000       2       2       2      12       8     503       6       6      15     283      21      23            24.19048             3.28571             2.34067             0.21219             1.78529             0.39211           751.22295             4.06612             2.68501       2       3
   10000       2       2       2      12       8     503       6       6      16     274      20      39            24.20000             3.35000             2.32337             0.20987             1.80572             0.38594           741.26600             4.10128             2.60768       5       3
   10000       2       2       2      12       8     503       6       6      17     259      19      21            23.94737             3.31579             2.34595             0.21739             1.80480             0.39026           778.04312             4.07359             2.58582       2       1
   10000       2       2       2      12       8     503       6       6      18     254      18      21            24.11111             3.33333             2.34516             0.21618             1.81416             0.38456           776.24918             4.08790             2.49240       4       3
   10000       2       2       2      12       8     503       6       6      19     246      17      29            24.05882             3.41176             2.33780             0.21611             1.86569             0.37477           766.89276             4.11103             2.34407       1       5
   10000       2       2       2      12       8     503       6       6      20     234      16      29            23.62500             3.37500             2.30585             0.21717             1.88096             0.38669           778.59894             4.19191             2.29966       5       1
   10000       2       2       2      12       8     503       6       6      21     223      15      20            23.66667             3.60000             2.27137             0.21751             1.97025             0.37624           809.66560             4.24744             2.25188       3       2
   10000       2       2       2      12       8     503       6       6      22     212      14      27            23.42857             3.64286             2.24589             0.21762             1.99012             0.37493           811.23121             4.26707             2.15934       4       5
   10000       2       2       2      12       8     503       6       6      23     198      13      25            22.69231             3.61538             2.21202             0.22194             2.00674             0.36719           831.84966             4.33432             2.09497       6       4
   10000       2       2       2      12       8     503       6       6      24     182      12      35            21.50000             3.50000             2.17551             0.22925             1.99381             0.38211           877.67129             4.39384             1.95991       3       5
   10000       2       2       2      12       8     503       6       6      25     172      11      21            21.36364             3.54545             2.16356             0.23117             2.00802             0.37580           884.41039             4.44183             1.86113       1       3
   10000       2       2       2      12       8     503       6       6      26     162      10      17            21.80000             3.60000             2.18862             0.23010             2.03481             0.39124           874.25974             4.40884             1.76587       1       6
   10000       2       2       2      12       8     503       6       6      27     153       9      11            23.00000             3.55556             2.22978             0.21527             2.04979             0.40138           869.75768             4.23304             1.75546       1       1
   10000       2       2       2      12       8     503       6       6      28     139       8      28            22.25000             3.50000             2.20440             0.22036             2.06160             0.40508           870.71103             4.33930             1.58480       5       2
   10000       2       2       2      12       8     503       6       6      29     124       7      28            21.42857             3.71429             2.16864             0.22546             2.11828             0.39047           894.16667             4.28596             1.42907       2       5
   10000       2       2       2      12       8     503       6       6      30     108       6      25            19.66667             3.66667             2.16865             0.25042             2.08223             0.36901           992.85675             4.52505             1.26863       6       2
