   10000       2       2       1       1      11     508       6       6       0     508      36       0            20.91667             3.02778             2.17896             0.23201             1.65907             0.34872           966.72843             3.87881             2.34215       0       0
   10000       2       2       1       1      11     508       6       6       1     493      35      29            20.80000             3.02857             2.17965             0.23364             1.66877             0.35009           970.86212             3.89820             2.31768       6       2
   10000       2       2       1       1      11     508       6       6       2     482      34      30            21.02941             3.02941             2.19334             0.23192             1.68856             0.35303           963.53217             3.86503             2.31624       5       2
   10000       2       2       1       1      11     508       6       6       3     462      33      32            20.84848             3.12121             2.26803             0.24139             1.70854             0.35823           958.32912             3.85060             2.39418       5       1
   10000       2       2       1       1      11     508       6       6       4     450      32      28            21.46875             3.15625             2.27466             0.23203             1.73394             0.36233           917.94052             3.82182             2.39678       3       2
   10000       2       2       1       1      11     508       6       6       5     434      31      30            21.45161             3.19355             2.23983             0.22721             1.76204             0.35343           881.84153             3.80810             2.32105       4       3
   10000       2       2       1       1      11     508       6       6       6     425      30      30            21.76667             3.13333             2.26562             0.22685             1.74839             0.35504           877.20434             3.78500             2.31224       2       1
   10000       2       2       1       1      11     508       6       6       7     410      29      30            21.41379             3.13793             2.22113             0.22618             1.74932             0.35222           891.91917             3.79454             2.26913       1       1
   10000       2       2       1       1      11     508       6       6       8     395      28      28            21.35714             3.14286             2.23548             0.22845             1.74865             0.34609           889.81277             3.84574             2.28749       6       3
   10000       2       2       1       1      11     508       6       6       9     384      27      28            22.07407             3.11111             2.26759             0.22049             1.76653             0.36517           801.40193             3.82537             2.31215       1       5
   10000       2       2       1       1      11     508       6       6      10     369      26      31            22.26923             3.15385             2.23633             0.21555             1.80162             0.35869           784.10690             3.88024             2.34385       1       4
   10000       2       2       1       1      11     508       6       6      11     357      25      29            22.76000             3.12000             2.29155             0.21680             1.78053             0.37638           763.59123             3.89865             2.32598       3       4
   10000       2       2       1       1      11     508       6       6      12     337      24      31            23.12500             3.29167             2.27348             0.21246             1.83514             0.37514           744.30373             3.92437             2.41773       5       4
   10000       2       2       1       1      11     508       6       6      13     322      23      30            23.13043             3.34783             2.28926             0.21343             1.84219             0.35682           739.59054             3.94869             2.37519       4       5
   10000       2       2       1       1      11     508       6       6      14     307      22      31            23.13636             3.45455             2.29011             0.21501             1.85325             0.36462           742.86401             4.00197             2.37407       6       5
   10000       2       2       1       1      11     508       6       6      15     293      21      38            23.00000             3.42857             2.30538             0.21617             1.88288             0.38932           735.56813             4.03331             2.36959       5       6
   10000       2       2       1       1      11     508       6       6      16     282      20      30            22.85000             3.40000             2.30297             0.21733             1.88015             0.39733           730.37808             4.02718             2.32874       4       6
   10000       2       2       1       1      11     508       6       6      17     265      19      29            22.21053             3.42105             2.28516             0.22140             1.88088             0.38754           739.70501             4.05410             2.24687       6       4
   10000       2       2       1       1      11     508       6       6      18     255      18      27            22.16667             3.44444             2.30594             0.22273             1.89676             0.38648           746.57461             4.07223             2.17771       1       3
   10000       2       2       1       1      11     508       6       6      19     240      17      28            21.70588             3.47059             2.24634             0.22169             1.92585             0.38119           764.16417             4.12097             2.12550       2       2
   10000       2       2       1       1      11     508       6       6      20     232      16      26            21.56250             3.50000             2.25525             0.22410             1.95811             0.39165           768.15416             4.17111             2.05910       2       3
   10000       2       2       1       1      11     508       6       6      21     221      15      27            21.73333             3.53333             2.24814             0.22340             1.96455             0.40775           769.05091             4.18026             2.01937       2       4
   10000       2       2       1       1      11     508       6       6      22     214      14      30            21.71429             3.64286             2.20601             0.21893             2.00934             0.39682           766.38349             4.19047             1.88000       2       5
   10000       2       2       1       1      11     508       6       6      23     201      13      29            21.00000             3.61538             2.22617             0.22863             2.02030             0.36165           772.60957             4.25914             1.77372       3       5
   10000       2       2       1       1      11     508       6       6      24     190      12      26            21.08333             3.58333             2.23373             0.22725             2.02915             0.39795           761.24808             4.32813             1.73057       2       6
   10000       2       2       1       1      11     508       6       6      25     170      11      26            20.63636             3.54545             2.22409             0.23095             1.99907             0.37959           774.28505             4.39014             1.69027       5       3
   10000       2       2       1       1      11     508       6       6      26     152      10      26            20.10000             3.50000             2.21573             0.23558             1.98297             0.38589           780.99511             4.45715             1.68624       5       5
   10000       2       2       1       1      11     508       6       6      27     139       9      24            19.66667             3.55556             2.17488             0.23680             1.96659             0.37563           800.72906             4.48704             1.62659       3       6
   10000       2       2       1       1      11     508       6       6      28     133       8      23            18.75000             3.62500             2.14118             0.24613             2.07342             0.39809           841.43101             4.42939             1.30491       4       1
   10000       2       2       1       1      11     508       6       6      29     116       7      21            18.28571             3.85714             2.11807             0.25085             2.14649             0.40802           820.43232             4.31274             1.25084       4       2
   10000       2       2       1       1      11     508       6       6      30      98       6      21            17.83333             4.00000             2.09013             0.25457             2.21257             0.36769           854.56272             4.33910             1.20234       1       6
   10000       2       2       1       1      11     508       6       6      31      79       5      21            17.20000             4.00000             2.05101             0.25977             2.23509             0.35123           897.55813             4.35990             1.20176       6       6
   10000       2       2       1       1      11     508       6       6      32      59       4      20            16.50000             4.00000             2.02626             0.26813             2.26754             0.37325           893.12261             4.42614             1.25220       4       4
   10000       2       2       1       1      11     508       6       6      33      44       3      20            15.33333             4.00000             2.10168             0.29435             2.26900             0.39240           834.52167             4.73428             1.09409       1       2
   10000       2       2       1       1      11     508       6       6      34      28       2      17            14.50000             4.00000             2.06429             0.30549             2.24725             0.40110           793.45289             5.00922             1.07418       3       3
   10000       2       2       1       1      11     508       6       6      35      14       1      15            14.00000             4.00000             1.92857             0.29670             1.92308             0.23077           884.29354             5.81591             1.00000       3       1
   10000       2       2       1       1      11     508       6       6      36       0       0      14             0.00000             0.00000             0.00000             0.00000             0.00000             0.00000             0.00000             0.00000             0.00000       6       1
