   10000       2       2       2      11       8     508       6       6       0     508      36       0            20.91667             3.02778             2.17896             0.23201             1.65907             0.34872           966.72843             3.87881             2.34215       0       0
   10000       2       2       2      11       8     508       6       6       1     495      35      20            21.22857             3.05714             2.19239             0.22842             1.66625             0.34688           934.16937             3.86577             2.34427       3       6
   10000       2       2       2      11       8     508       6       6       2     482      34      25            21.85294             3.05882             2.22019             0.22215             1.67746             0.35705           889.57596             3.82487             2.41072       4       3
   10000       2       2       2      11       8     508       6       6       3     466      33      25            22.21212             3.03030             2.24532             0.22233             1.67085             0.35845           879.21008             3.85003             2.44194       6       5
   10000       2       2       2      11       8     508       6       6       4     447      32      17            23.21875             3.06250             2.29012             0.21750             1.68369             0.36858           837.90972             3.87428             2.56685       4       4
   10000       2       2       2      11       8     508       6       6       5     428      31      25            23.51613             3.12903             2.31979             0.21818             1.70473             0.36262           782.49041             3.87445             2.60046       2       1
   10000       2       2       2      11       8     508       6       6       6     414      30      27            23.16667             3.16667             2.29370             0.22113             1.71384             0.38170           793.17942             3.91199             2.58957       6       4
   10000       2       2       2      11       8     508       6       6       7     397      29      27            23.06897             3.10345             2.29404             0.22266             1.71364             0.37967           800.51717             3.93831             2.58371       5       3
   10000       2       2       2      11       8     508       6       6       8     385      28      25            22.96429             3.07143             2.31431             0.22634             1.71099             0.39129           805.75101             3.96860             2.55214       4       6
   10000       2       2       2      11       8     508       6       6       9     373      27      21            23.62963             3.18519             2.29078             0.21349             1.76439             0.38583           746.48129             4.03063             2.60038       1       4
   10000       2       2       2      11       8     508       6       6      10     361      26      24            23.80769             3.23077             2.29963             0.21055             1.78437             0.38285           732.06373             4.09554             2.59974       4       2
   10000       2       2       2      11       8     508       6       6      11     345      25      25            23.96000             3.20000             2.32007             0.21218             1.76641             0.38194           699.27264             4.13755             2.59070       3       5
   10000       2       2       2      11       8     508       6       6      12     334      24      26            24.00000             3.25000             2.31185             0.21037             1.79336             0.38519           681.40475             4.19343             2.53954       1       2
   10000       2       2       2      11       8     508       6       6      13     321      23      21            24.56522             3.21739             2.41454             0.21367             1.80313             0.39838           657.28824             4.19159             2.53741       2       3
   10000       2       2       2      11       8     508       6       6      14     310      22      20            24.54545             3.18182             2.36672             0.21026             1.82569             0.39826           664.67796             4.20264             2.51571       6       6
   10000       2       2       2      11       8     508       6       6      15     296      21      23            24.52381             3.23810             2.32103             0.20606             1.84229             0.39420           662.29041             4.24225             2.52284       2       5
   10000       2       2       2      11       8     508       6       6      16     287      20      30            24.65000             3.15000             2.30052             0.20184             1.82727             0.38509           657.61961             4.33244             2.46611       3       2
   10000       2       2       2      11       8     508       6       6      17     279      19      26            24.47368             3.10526             2.29183             0.20302             1.82704             0.38156           667.44063             4.33673             2.33758       2       4
   10000       2       2       2      11       8     508       6       6      18     261      18      25            24.33333             3.11111             2.28273             0.20416             1.82910             0.38741           675.65161             4.36122             2.35577       1       1
   10000       2       2       2      11       8     508       6       6      19     257      17      16            24.76471             3.05882             2.30752             0.20243             1.81546             0.40270           652.77518             4.37726             2.31093       2       6
   10000       2       2       2      11       8     508       6       6      20     249      16      21            24.81250             3.06250             2.32786             0.20341             1.81898             0.40880           651.26674             4.39109             2.24122       3       3
   10000       2       2       2      11       8     508       6       6      21     238      15      25            24.80000             3.06667             2.31066             0.20242             1.81094             0.39963           648.05523             4.37696             2.15217       3       4
   10000       2       2       2      11       8     508       6       6      22     226      14      19            24.92857             3.07143             2.32470             0.20118             1.80452             0.42185           639.07357             4.39304             2.10299       6       1
   10000       2       2       2      11       8     508       6       6      23     220      13      25            24.84615             3.00000             2.33153             0.20244             1.76253             0.41548           636.94657             4.43562             2.01357       5       4
   10000       2       2       2      11       8     508       6       6      24     203      12      27            25.08333             3.00000             2.34141             0.20283             1.74331             0.41393           624.22462             4.50527             2.01771       5       6
   10000       2       2       2      11       8     508       6       6      25     195      11      20            25.36364             3.00000             2.34645             0.20079             1.73744             0.40601           624.95626             4.52238             1.96714       1       6
   10000       2       2       2      11       8     508       6       6      26     185      10      22            25.70000             3.30000             2.31607             0.19645             1.89136             0.37627           629.46276             4.38204             1.77642       4       1
   10000       2       2       2      11       8     508       6       6      27     166       9      32            24.22222             3.33333             2.27426             0.20362             1.93714             0.36923           675.46406             4.40335             1.72149       4       5
   10000       2       2       2      11       8     508       6       6      28     160       8      15            25.37500             3.25000             2.34850             0.19879             1.83999             0.35984           671.53888             4.27745             1.61863       3       1
   10000       2       2       2      11       8     508       6       6      29     142       7      19            26.28571             3.14286             2.35631             0.19107             1.81713             0.36708           644.63251             4.27145             1.66627       2       2
   10000       2       2       2      11       8     508       6       6      30     124       6      18            27.50000             3.16667             2.40654             0.18473             1.80239             0.36260           621.30608             4.26543             1.76089       1       3
