   10000       2       1       2       3      10     502       6       6       0     502      36       0            21.30556             2.97222             2.18550             0.22404             1.60095             0.31630           871.56841             3.81060             2.43201       0       0
   10000       2       1       2       3      10     502       6       6       1     488      35      25            21.42857             2.94286             2.18496             0.22233             1.59513             0.31839           856.06659             3.83943             2.41035       5       3
   10000       2       1       2       3      10     502       6       6       2     479      34      16            21.67647             3.02941             2.21523             0.22347             1.61697             0.31159           857.33742             3.81224             2.38291       3       5
   10000       2       1       2       3      10     502       6       6       3     467      33      20            21.96970             3.00000             2.20310             0.21994             1.61522             0.32135           847.71170             3.80438             2.40610       3       6
   10000       2       1       2       3      10     502       6       6       4     457      32      21            22.15625             2.96875             2.19651             0.21755             1.61159             0.32403           843.84193             3.79141             2.39510       6       5
   10000       2       1       2       3      10     502       6       6       5     444      31      23            22.12903             3.00000             2.24400             0.22285             1.61915             0.31334           852.31278             3.78182             2.30238       4       2
   10000       2       1       2       3      10     502       6       6       6     422      30      30            21.93333             2.93333             2.24312             0.22367             1.61390             0.31482           852.16825             3.77235             2.28655       2       5
   10000       2       1       2       3      10     502       6       6       7     414      29      22            22.13793             3.00000             2.23223             0.22173             1.63894             0.32783           841.50032             3.79217             2.20705       4       4
   10000       2       1       2       3      10     502       6       6       8     398      28      21            22.10714             3.03571             2.25749             0.22452             1.65223             0.31337           840.90662             3.80895             2.20469       4       1
   10000       2       1       2       3      10     502       6       6       9     387      27      27            22.00000             3.07407             2.20797             0.22208             1.66486             0.31413           849.94987             3.78319             2.13871       5       5
   10000       2       1       2       3      10     502       6       6      10     371      26      18            22.00000             3.07692             2.23921             0.22538             1.66747             0.30791           866.12864             3.68786             2.15893       4       5
   10000       2       1       2       3      10     502       6       6      11     363      25      25            22.04000             3.08000             2.22704             0.22418             1.67055             0.29962           862.43306             3.70419             2.09183       2       2
   10000       2       1       2       3      10     502       6       6      12     352      24      17            22.16667             3.08333             2.24631             0.22363             1.66446             0.30954           846.79164             3.73646             2.08543       3       2
   10000       2       1       2       3      10     502       6       6      13     340      23      25            21.73913             3.04348             2.22232             0.22704             1.64045             0.31791           877.95570             3.72113             2.00961       6       4
   10000       2       1       2       3      10     502       6       6      14     329      22      20            21.72727             3.04545             2.20418             0.22680             1.66534             0.32122           888.93811             3.71281             1.95380       5       1
   10000       2       1       2       3      10     502       6       6      15     305      21      33            21.23810             3.09524             2.20908             0.23112             1.68122             0.30843           903.33498             3.72562             1.94918       2       1
   10000       2       1       2       3      10     502       6       6      16     294      20      15            21.30000             3.00000             2.21504             0.23035             1.66618             0.31351           885.83496             3.73810             1.92765       6       1
   10000       2       1       2       3      10     502       6       6      17     285      19      14            21.73684             3.00000             2.22368             0.22481             1.65672             0.31477           881.77800             3.70231             1.90823       3       4
   10000       2       1       2       3      10     502       6       6      18     269      18      12            22.00000             3.00000             2.24995             0.22245             1.67526             0.31336           855.57037             3.70460             1.96170       5       4
   10000       2       1       2       3      10     502       6       6      19     249      17      31            21.52941             3.05882             2.21062             0.22017             1.68538             0.31249           849.08188             3.71648             1.91174       2       4
   10000       2       1       2       3      10     502       6       6      20     243      16      17            21.62500             3.18750             2.25420             0.22423             1.74920             0.32688           854.03294             3.68220             1.84779       6       2
   10000       2       1       2       3      10     502       6       6      21     231      15      30            20.66667             3.26667             2.19472             0.22996             1.75811             0.31855           874.66711             3.74085             1.74131       5       6
   10000       2       1       2       3      10     502       6       6      22     208      14      23            20.50000             3.28571             2.16158             0.22909             1.77590             0.30883           870.62585             3.75789             1.79426       6       6
   10000       2       1       2       3      10     502       6       6      23     188      13      21            20.46154             3.30769             2.16605             0.23047             1.78174             0.31685           881.96189             3.67510             1.84638       6       3
   10000       2       1       2       3      10     502       6       6      24     169      12      24            19.66667             3.33333             2.09989             0.23250             1.78588             0.30610           904.06435             3.71159             1.81492       2       6
   10000       2       1       2       3      10     502       6       6      25     149      11      21            19.54545             3.27273             2.09578             0.23413             1.76187             0.30707           897.04562             3.76677             1.88051       3       1
   10000       2       1       2       3      10     502       6       6      26     133      10      16            19.90000             3.30000             2.12030             0.23250             1.77473             0.30899           891.09430             3.62720             1.96856       5       2
   10000       2       1       2       3      10     502       6       6      27     122       9      24            19.22222             3.44444             2.08503             0.23725             1.78338             0.28963           900.94812             3.71145             1.80795       3       3
   10000       2       1       2       3      10     502       6       6      28     110       8      21            18.50000             3.37500             2.07313             0.24801             1.75818             0.28687           925.06889             3.78262             1.71078       2       3
   10000       2       1       2       3      10     502       6       6      29      95       7      15            19.00000             3.14286             2.10816             0.24664             1.72364             0.29851           873.01226             3.85468             1.81232       4       3
   10000       2       1       2       3      10     502       6       6      30      82       6      13            20.00000             3.16667             2.12619             0.23219             1.74702             0.32048           852.92370             3.65023             1.94771       4       6
