   10000       2       2       2      12       1     467       6       6       0     467      36       0            20.41667             3.19444             2.11294             0.23015             1.72272             0.31714           954.81457             3.61434             2.49732       0       0
   10000       2       2       2      12       1     467       6       6       1     455      35      20            21.11429             3.14286             2.14804             0.22580             1.71353             0.33166           921.65750             3.60416             2.60118       4       5
   10000       2       2       2      12       1     467       6       6       2     446      34      29            21.61765             3.14706             2.18765             0.22447             1.71904             0.34161           903.89284             3.61279             2.65665       5       1
   10000       2       2       2      12       1     467       6       6       3     433      33      23            22.21212             3.15152             2.20700             0.22038             1.73641             0.35905           880.45272             3.55574             2.71258       3       2
   10000       2       2       2      12       1     467       6       6       4     419      32      14            22.43750             3.18750             2.24736             0.22236             1.76055             0.37591           875.44065             3.54689             2.73175       2       3
   10000       2       2       2      12       1     467       6       6       5     407      31      24            22.58065             3.03226             2.25648             0.22138             1.74552             0.37226           875.65024             3.54927             2.72451       4       4
   10000       2       2       2      12       1     467       6       6       6     397      30      30            22.50000             3.16667             2.25649             0.22239             1.77369             0.38550           876.79858             3.55807             2.64332       4       2
   10000       2       2       2      12       1     467       6       6       7     389      29      25            22.44828             3.10345             2.24685             0.22198             1.77535             0.37772           884.45589             3.56524             2.56967       3       3
   10000       2       2       2      12       1     467       6       6       8     379      28      21            22.42857             3.03571             2.24613             0.22264             1.75213             0.37264           889.79582             3.55311             2.52608       4       3
   10000       2       2       2      12       1     467       6       6       9     362      27      29            22.25926             3.03704             2.22996             0.22256             1.75686             0.36406           895.96775             3.54932             2.53443       6       1
   10000       2       2       2      12       1     467       6       6      10     349      26      20            22.88462             3.11538             2.28298             0.22244             1.79489             0.38089           876.59195             3.55820             2.58207       5       4
   10000       2       2       2      12       1     467       6       6      11     339      25      20            22.88000             3.20000             2.27842             0.22237             1.83427             0.38385           881.58881             3.51924             2.53615       6       5
   10000       2       2       2      12       1     467       6       6      12     327      24      20            23.04167             3.16667             2.30627             0.22569             1.81194             0.37754           888.62786             3.51979             2.52760       4       1
   10000       2       2       2      12       1     467       6       6      13     316      23      24            23.91304             3.21739             2.35035             0.21799             1.83199             0.38906           823.66501             3.52271             2.51455       3       6
   10000       2       2       2      12       1     467       6       6      14     309      22      13            24.45455             3.27273             2.40632             0.21610             1.85196             0.38498           793.04270             3.53287             2.50986       1       1
   10000       2       2       2      12       1     467       6       6      15     305      21      12            25.00000             3.28571             2.42313             0.20956             1.86114             0.38289           770.39401             3.51152             2.47155       6       6
   10000       2       2       2      12       1     467       6       6      16     295      20      23            25.15000             3.35000             2.44711             0.20905             1.88364             0.39345           772.92561             3.48999             2.41106       1       3
   10000       2       2       2      12       1     467       6       6      17     279      19      25            24.63158             3.31579             2.40052             0.21063             1.87169             0.39068           799.49517             3.50443             2.33147       5       2
   10000       2       2       2      12       1     467       6       6      18     267      18      26            24.33333             3.33333             2.42081             0.21541             1.86783             0.40414           822.68916             3.49974             2.25904       6       4
   10000       2       2       2      12       1     467       6       6      19     255      17      28            24.17647             3.41176             2.38891             0.21474             1.87042             0.40750           824.80560             3.53781             2.19260       3       5
   10000       2       2       2      12       1     467       6       6      20     246      16      23            24.93750             3.31250             2.41889             0.21057             1.89723             0.44360           787.35294             3.53214             2.18044       1       4
   10000       2       2       2      12       1     467       6       6      21     241      15      16            25.13333             3.33333             2.42800             0.20678             1.89842             0.43704           776.22247             3.56713             2.06082       1       6
   10000       2       2       2      12       1     467       6       6      22     228      14      26            24.85714             3.28571             2.41824             0.20824             1.89727             0.44350           774.00295             3.60783             2.00528       2       2
   10000       2       2       2      12       1     467       6       6      23     216      13      19            25.07692             3.23077             2.42998             0.20690             1.88029             0.44236           783.46762             3.57174             1.96561       6       2
   10000       2       2       2      12       1     467       6       6      24     203      12      28            24.83333             3.25000             2.43102             0.20834             1.89209             0.43693           783.58029             3.59013             1.83313       1       5
   10000       2       2       2      12       1     467       6       6      25     192      11      25            25.00000             3.36364             2.45616             0.20902             1.94858             0.42026           775.63652             3.61862             1.79215       6       3
   10000       2       2       2      12       1     467       6       6      26     176      10      25            25.00000             3.40000             2.46485             0.21123             1.96098             0.41028           786.52573             3.66932             1.73540       3       4
   10000       2       2       2      12       1     467       6       6      27     169       9      16            26.77778             3.33333             2.48221             0.19855             2.01110             0.41479           711.87419             3.72381             1.69739       4       6
   10000       2       2       2      12       1     467       6       6      28     150       8      33            25.25000             3.37500             2.47444             0.20942             2.04967             0.43546           740.95928             3.74947             1.61027       5       5
   10000       2       2       2      12       1     467       6       6      29     136       7      22            25.71429             3.57143             2.44845             0.20343             2.06928             0.40923           733.38773             3.73872             1.56166       1       2
   10000       2       2       2      12       1     467       6       6      30     119       6      28            25.00000             3.66667             2.39350             0.20491             2.06687             0.39653           747.65249             3.77349             1.47053       2       1
