   10000       2       2       2       4       1     496       6       6       0     496      36       0            21.13889             3.02778             2.22575             0.23036             1.59494             0.35659           936.79100             3.61014             2.41911       0       0
   10000       2       2       2       4       1     496       6       6       1     479      35      23            21.02857             3.08571             2.25460             0.23445             1.61502             0.36155           940.85717             3.57758             2.40674       6       1
   10000       2       2       2       4       1     496       6       6       2     460      34      21            21.17647             3.11765             2.24020             0.23088             1.63353             0.35140           917.93486             3.61293             2.43698       2       3
   10000       2       2       2       4       1     496       6       6       3     449      33      12            22.06061             3.12121             2.31603             0.22814             1.66446             0.35974           853.94717             3.62586             2.46755       2       1
   10000       2       2       2       4       1     496       6       6       4     426      32      17            22.71875             3.15625             2.30827             0.22038             1.68779             0.37375           816.24520             3.67713             2.64929       5       3
   10000       2       2       2       4       1     496       6       6       5     413      31      29            22.74194             3.16129             2.33248             0.22199             1.71717             0.37951           815.48498             3.66395             2.64779       4       4
   10000       2       2       2       4       1     496       6       6       6     399      30      18            23.20000             3.23333             2.32029             0.21696             1.74418             0.38482           800.05214             3.64635             2.69085       4       5
   10000       2       2       2       4       1     496       6       6       7     389      29      20            23.62069             3.20690             2.32781             0.21247             1.77224             0.39873           792.60035             3.56687             2.66962       2       5
   10000       2       2       2       4       1     496       6       6       8     382      28      13            23.89286             3.14286             2.35316             0.21120             1.76094             0.40130           785.86928             3.56032             2.63129       1       6
   10000       2       2       2       4       1     496       6       6       9     372      27      23            23.92593             3.11111             2.35390             0.21464             1.76231             0.39269           808.40409             3.58391             2.56581       6       4
   10000       2       2       2       4       1     496       6       6      10     357      26      33            23.96154             3.11538             2.33196             0.21222             1.79017             0.38478           799.92701             3.58925             2.54564       5       5
   10000       2       2       2       4       1     496       6       6      11     341      25      36            24.04000             3.16000             2.32101             0.20989             1.81190             0.37593           790.39250             3.60366             2.54730       4       2
   10000       2       2       2       4       1     496       6       6      12     333      24      26            23.95833             3.12500             2.31517             0.21025             1.80047             0.37803           788.14915             3.60972             2.47131       5       4
   10000       2       2       2       4       1     496       6       6      13     326      23      22            24.56522             3.13043             2.32234             0.20651             1.80318             0.37228           759.34994             3.63842             2.47221       1       3
   10000       2       2       2       4       1     496       6       6      14     315      22      26            24.40909             3.09091             2.31953             0.20792             1.80865             0.36194           757.87865             3.66794             2.40921       5       1
   10000       2       2       2       4       1     496       6       6      15     306      21      24            24.28571             3.04762             2.32203             0.20956             1.79168             0.36314           762.58464             3.69406             2.33859       4       1
   10000       2       2       2       4       1     496       6       6      16     299      20      14            24.75000             3.05000             2.34392             0.20702             1.79646             0.36326           760.03275             3.67514             2.30891       4       3
   10000       2       2       2       4       1     496       6       6      17     286      19      29            24.10526             3.05263             2.31563             0.21108             1.78007             0.37057           772.42176             3.72316             2.21180       1       2
   10000       2       2       2       4       1     496       6       6      18     277      18      24            24.00000             3.05556             2.30497             0.21210             1.79828             0.35853           774.72689             3.73401             2.15307       1       4
   10000       2       2       2       4       1     496       6       6      19     265      17      24            23.88235             3.17647             2.30928             0.21374             1.80576             0.33840           769.71578             3.76094             2.11574       2       6
   10000       2       2       2       4       1     496       6       6      20     248      16      28            23.25000             3.37500             2.27065             0.21632             1.86197             0.33342           853.33214             3.77375             2.01111       6       2
   10000       2       2       2       4       1     496       6       6      21     235      15      26            22.80000             3.46667             2.24100             0.21834             1.89582             0.32716           878.78772             3.82026             1.95801       6       6
   10000       2       2       2       4       1     496       6       6      22     224      14      16            23.21429             3.42857             2.25664             0.21580             1.86880             0.32301           871.83970             3.84456             1.94398       5       2
   10000       2       2       2       4       1     496       6       6      23     207      13      29            23.07692             3.53846             2.27052             0.22064             1.85574             0.32868           874.37670             3.87306             1.88491       4       6
   10000       2       2       2       4       1     496       6       6      24     194      12      18            23.50000             3.58333             2.29456             0.21879             1.84639             0.34953           884.62629             3.85008             1.85103       2       4
   10000       2       2       2       4       1     496       6       6      25     180      11      21            23.63636             3.63636             2.25615             0.21507             1.87410             0.34813           889.57417             3.87932             1.86628       1       1
   10000       2       2       2       4       1     496       6       6      26     157      10      34            22.50000             3.60000             2.25833             0.22394             1.83708             0.34827           920.03016             3.98015             1.82424       2       2
   10000       2       2       2       4       1     496       6       6      27     152       9      20            22.66667             3.55556             2.24977             0.22281             1.81716             0.34222           915.04661             4.06786             1.71183       5       6
   10000       2       2       2       4       1     496       6       6      28     127       8      28            22.00000             3.62500             2.21105             0.22711             1.83134             0.32945           942.77572             4.08568             1.74255       6       5
   10000       2       2       2       4       1     496       6       6      29     118       7       9            23.71429             3.42857             2.31773             0.21176             1.78448             0.36128           763.40643             3.96411             1.82992       6       3
   10000       2       2       2       4       1     496       6       6      30      98       6      22            24.00000             3.33333             2.29493             0.20809             1.74062             0.38181           751.96809             3.92145             1.90256       1       5
