   10000       2       2       2       5       3     504       6       6       0     504      36       0            21.11111             2.88889             2.22961             0.22955             1.55904             0.32370           873.83773             3.92412             2.46365       0       0
   10000       2       2       2       5       3     504       6       6       1     483      35      26            21.31429             2.88571             2.27616             0.23204             1.58022             0.32791           861.75604             3.92211             2.50107       6       2
   10000       2       2       2       5       3     504       6       6       2     470      34      21            21.64706             2.82353             2.29038             0.22924             1.57332             0.32785           845.47541             3.93615             2.54439       2       2
   10000       2       2       2       5       3     504       6       6       3     451      33       9            22.30303             2.87879             2.33933             0.22420             1.59060             0.34646           809.38476             3.92007             2.65208       5       3
   10000       2       2       2       5       3     504       6       6       4     436      32      20            22.28125             2.90625             2.33157             0.22398             1.59537             0.36014           809.14542             3.90604             2.64563       1       6
   10000       2       2       2       5       3     504       6       6       5     430      31      20            23.09677             2.96774             2.38763             0.22174             1.61697             0.36791           778.01399             3.88192             2.63167       4       4
   10000       2       2       2       5       3     504       6       6       6     411      30      19            23.03333             2.93333             2.35227             0.21948             1.63451             0.36879           785.22351             3.85425             2.64163       1       5
   10000       2       2       2       5       3     504       6       6       7     397      29      28            23.44828             3.00000             2.39013             0.21925             1.63278             0.37198           773.35286             3.84702             2.68343       3       5
   10000       2       2       2       5       3     504       6       6       8     384      28      26            23.78571             3.07143             2.36749             0.21346             1.66118             0.36737           758.61798             3.80767             2.67412       1       4
   10000       2       2       2       5       3     504       6       6       9     371      27      24            23.44444             3.11111             2.33319             0.21657             1.67732             0.35894           771.66125             3.87608             2.62711       2       6
   10000       2       2       2       5       3     504       6       6      10     355      26      32            23.26923             3.15385             2.33833             0.21801             1.67709             0.35153           772.33851             3.89640             2.56447       2       1
   10000       2       2       2       5       3     504       6       6      11     344      25      23            23.40000             3.04000             2.35635             0.22070             1.68783             0.36407           772.39913             3.92168             2.53428       3       1
   10000       2       2       2       5       3     504       6       6      12     334      24      24            23.58333             3.12500             2.38585             0.22160             1.71194             0.36669           761.33280             3.92596             2.52073       5       4
   10000       2       2       2       5       3     504       6       6      13     316      23      25            24.13043             3.17391             2.36960             0.21673             1.73398             0.36039           746.39370             3.96085             2.56317       5       6
   10000       2       2       2       5       3     504       6       6      14     302      22      22            23.77273             3.13636             2.37128             0.22100             1.73934             0.36113           755.56674             4.00117             2.49983       6       3
   10000       2       2       2       5       3     504       6       6      15     288      21      22            23.80952             3.19048             2.32734             0.21700             1.75739             0.36085           750.96375             4.04120             2.50061       6       1
   10000       2       2       2       5       3     504       6       6      16     282      20      15            24.25000             3.25000             2.34727             0.21361             1.76144             0.36640           742.81292             4.03622             2.42570       3       2
   10000       2       2       2       5       3     504       6       6      17     278      19      11            25.05263             3.26316             2.37416             0.20352             1.75582             0.35842           725.13292             3.95555             2.40259       2       5
   10000       2       2       2       5       3     504       6       6      18     267      18      28            24.72222             3.27778             2.34209             0.20434             1.77329             0.35748           732.83071             4.01593             2.30955       4       2
   10000       2       2       2       5       3     504       6       6      19     257      17      23            24.76471             3.29412             2.34912             0.20498             1.79475             0.35176           728.90395             4.01940             2.24842       3       6
   10000       2       2       2       5       3     504       6       6      20     248      16      19            25.06250             3.31250             2.36795             0.20396             1.78907             0.34473           723.54989             4.04304             2.21925       4       1
   10000       2       2       2       5       3     504       6       6      21     237      15      27            26.06667             3.46667             2.33035             0.19246             1.80444             0.34882           683.05064             4.09178             2.18408       2       3
   10000       2       2       2       5       3     504       6       6      22     222      14      32            25.57143             3.35714             2.36452             0.20064             1.83234             0.35902           695.63065             4.21450             2.12817       3       3
   10000       2       2       2       5       3     504       6       6      23     205      13      32            25.15385             3.38462             2.33017             0.19973             1.82412             0.36448           700.94650             4.29996             2.04663       4       5
   10000       2       2       2       5       3     504       6       6      24     186      12      28            24.33333             3.41667             2.30102             0.20549             1.83688             0.36956           713.10259             4.36667             2.00838       5       1
   10000       2       2       2       5       3     504       6       6      25     169      11      20            24.63636             3.36364             2.28502             0.20166             1.80175             0.36603           702.63993             4.44249             2.02310       5       2
   10000       2       2       2       5       3     504       6       6      26     159      10      17            25.40000             3.40000             2.26646             0.19095             1.78193             0.36513           666.01570             4.43702             2.01333       4       3
   10000       2       2       2       5       3     504       6       6      27     150       9      27            25.11111             3.44444             2.26011             0.19297             1.78782             0.37296           686.12736             4.41592             1.88681       3       4
   10000       2       2       2       5       3     504       6       6      28     128       8      28            24.75000             3.50000             2.24799             0.19526             1.81685             0.35476           694.99062             4.30245             1.90074       2       4
   10000       2       2       2       5       3     504       6       6      29     114       7      24            24.85714             3.57143             2.21198             0.19210             1.79690             0.36197           686.69539             4.35418             1.83632       4       6
   10000       2       2       2       5       3     504       6       6      30     108       6      18            27.00000             3.33333             2.29363             0.17847             1.74789             0.37594           622.17471             4.35621             1.82929       5       5
