   10000       2       1       2       3      10     496       6       6       0     496      36       0            21.13889             3.02778             2.22575             0.23036             1.59494             0.35659           936.79100             3.61014             2.41911       0       0
   10000       2       1       2       3      10     496       6       6       1     488      35      21            21.40000             3.02857             2.23078             0.22899             1.59482             0.35508           931.22892             3.59910             2.38560       3       5
   10000       2       1       2       3      10     496       6       6       2     478      34      15            21.58824             3.08824             2.26233             0.22896             1.62290             0.36639           909.68189             3.56777             2.35282       5       2
   10000       2       1       2       3      10     496       6       6       3     461      33      26            21.39394             3.12121             2.24407             0.22800             1.61567             0.36485           907.73732             3.56994             2.34593       3       6
   10000       2       1       2       3      10     496       6       6       4     446      32      20            21.25000             3.18750             2.23283             0.22964             1.63503             0.36030           918.56262             3.56319             2.31207       3       4
   10000       2       1       2       3      10     496       6       6       5     433      31      16            21.35484             3.16129             2.24788             0.23052             1.62560             0.35859           917.73672             3.55964             2.30464       5       3
   10000       2       1       2       3      10     496       6       6       6     417      30      29            21.23333             3.10000             2.23220             0.22984             1.61279             0.35275           921.92615             3.56871             2.28728       4       2
   10000       2       1       2       3      10     496       6       6       7     408      29      19            21.55172             3.17241             2.21992             0.22589             1.62556             0.35054           919.68616             3.53161             2.27424       2       4
   10000       2       1       2       3      10     496       6       6       8     393      28      21            21.46429             3.14286             2.23147             0.22779             1.62356             0.33097           922.13986             3.56345             2.21871       5       4
   10000       2       1       2       3      10     496       6       6       9     390      27      13            21.88889             3.18519             2.23429             0.22247             1.64344             0.32320           924.14960             3.51392             2.18354       6       3
   10000       2       1       2       3      10     496       6       6      10     373      26      25            21.73077             3.23077             2.21193             0.22245             1.65751             0.32027           929.79265             3.53355             2.16923       5       1
   10000       2       1       2       3      10     496       6       6      11     366      25      10            22.44000             3.28000             2.23950             0.21407             1.69055             0.32552           844.06219             3.54662             2.16558       2       1
   10000       2       1       2       3      10     496       6       6      12     350      24      28            22.25000             3.29167             2.22953             0.21508             1.68363             0.33005           846.83261             3.57031             2.11278       2       2
   10000       2       1       2       3      10     496       6       6      13     334      23      27            21.82609             3.30435             2.20408             0.21775             1.67210             0.32760           871.12259             3.58748             2.06957       3       1
   10000       2       1       2       3      10     496       6       6      14     315      22      30            21.31818             3.40909             2.19860             0.22211             1.68345             0.32170           883.22638             3.59797             2.06764       6       2
   10000       2       1       2       3      10     496       6       6      15     305      21      26            21.00000             3.42857             2.16501             0.22276             1.69454             0.31311           893.59069             3.61658             1.97141       6       5
   10000       2       1       2       3      10     496       6       6      16     295      20      23            20.70000             3.45000             2.19543             0.22878             1.72380             0.30929           896.56251             3.63264             1.84695       5       6
   10000       2       1       2       3      10     496       6       6      17     276      19      20            20.73684             3.42105             2.18565             0.22741             1.71875             0.31674           899.40982             3.65278             1.88525       6       1
   10000       2       1       2       3      10     496       6       6      18     265      18      17            21.05556             3.33333             2.19953             0.22595             1.71590             0.32302           910.31233             3.58894             1.85953       4       3
   10000       2       1       2       3      10     496       6       6      19     251      17      21            20.88235             3.23529             2.20909             0.22800             1.70496             0.33543           941.06288             3.47581             1.79816       2       5
   10000       2       1       2       3      10     496       6       6      20     237      16      14            21.31250             3.18750             2.23955             0.22616             1.70182             0.34678           926.17079             3.43392             1.84804       6       4
   10000       2       1       2       3      10     496       6       6      21     232      15      15            21.80000             3.20000             2.29122             0.22659             1.69201             0.34487           936.58528             3.42446             1.77187       3       3
   10000       2       1       2       3      10     496       6       6      22     224      14      26            20.78571             3.28571             2.28236             0.23652             1.70228             0.32352           984.35119             3.43963             1.61065       4       5
   10000       2       1       2       3      10     496       6       6      23     205      13      21            20.61538             3.30769             2.28595             0.23898             1.71401             0.32804          1005.45711             3.40748             1.63641       4       4
   10000       2       1       2       3      10     496       6       6      24     183      12      23            20.41667             3.33333             2.26616             0.23977             1.72427             0.32187          1016.40487             3.45873             1.68103       4       6
   10000       2       1       2       3      10     496       6       6      25     167      11      16            20.81818             3.27273             2.27331             0.23505             1.69920             0.31477           998.43760             3.50378             1.74294       4       1
   10000       2       1       2       3      10     496       6       6      26     156      10      17            20.90000             3.30000             2.29218             0.23534             1.73682             0.30847           983.98818             3.40315             1.70409       2       3
   10000       2       1       2       3      10     496       6       6      27     136       9      21            20.88889             3.22222             2.27703             0.23450             1.71314             0.32053           996.82043             3.38491             1.77060       5       5
   10000       2       1       2       3      10     496       6       6      28     117       8      19            21.12500             3.25000             2.26561             0.23092             1.72589             0.31198          1004.01075             3.40085             1.86692       6       6
   10000       2       1       2       3      10     496       6       6      29     102       7      15            22.00000             3.14286             2.33212             0.22717             1.70714             0.33614           910.86725             3.36077             1.99077       3       2
   10000       2       1       2       3      10     496       6       6      30      89       6      21            21.83333             3.16667             2.33375             0.23351             1.70000             0.34484           928.57758             3.23910             1.92649       2       6
