   10000       2       1       2       2       5     525       6       6       0     525      36       0            21.69444             2.91667             2.24134             0.22026             1.60306             0.30909           825.34604             4.00950             2.38234       0       0
   10000       2       1       2       2       5     525       6       6       1     508      35      24            21.77143             2.94286             2.22793             0.21824             1.60860             0.30727           823.04337             3.98599             2.37842       3       6
   10000       2       1       2       2       5     525       6       6       2     495      34      26            21.58824             2.94118             2.21660             0.22000             1.60407             0.30102           836.69757             3.98962             2.31740       6       2
   10000       2       1       2       2       5     525       6       6       3     478      33      23            21.69697             2.93939             2.22327             0.22026             1.60815             0.30479           836.90478             3.97254             2.32408       1       5
   10000       2       1       2       2       5     525       6       6       4     465      32      23            21.71875             2.84375             2.24891             0.22235             1.57566             0.30741           836.10124             3.98418             2.27239       2       3
   10000       2       1       2       2       5     525       6       6       5     451      31      22            21.90323             2.87097             2.24871             0.21982             1.58733             0.30235           812.53693             4.00284             2.25142       5       5
   10000       2       1       2       2       5     525       6       6       6     434      30      32            21.60000             2.83333             2.22911             0.22060             1.58140             0.29911           823.37698             4.00604             2.20647       6       4
   10000       2       1       2       2       5     525       6       6       7     418      29      25            21.48276             2.89655             2.22492             0.22221             1.58164             0.29240           835.66363             3.95734             2.17463       2       2
   10000       2       1       2       2       5     525       6       6       8     407      28      16            21.64286             2.82143             2.23629             0.22063             1.57881             0.29543           820.42167             3.97002             2.14860       5       2
   10000       2       1       2       2       5     525       6       6       9     393      27      17            21.66667             2.77778             2.23567             0.21940             1.58192             0.29772           820.83095             3.97775             2.13061       5       4
   10000       2       1       2       2       5     525       6       6      10     377      26      25            21.57692             2.84615             2.21263             0.21849             1.59734             0.29547           821.83633             4.00476             2.12756       5       1
   10000       2       1       2       2       5     525       6       6      11     363      25      23            21.48000             2.84000             2.20747             0.21903             1.58837             0.28982           831.59469             3.98788             2.07227       2       5
   10000       2       1       2       2       5     525       6       6      12     343      24      20            21.08333             2.91667             2.16245             0.21904             1.59906             0.27786           856.29341             3.98159             2.07774       6       3
   10000       2       1       2       2       5     525       6       6      13     326      23      24            20.95652             2.86957             2.15541             0.22151             1.60017             0.27465           874.37352             3.95302             2.05504       2       4
   10000       2       1       2       2       5     525       6       6      14     314      22      22            21.09091             2.77273             2.16481             0.22222             1.57127             0.28601           872.81026             3.96657             2.00523       3       1
   10000       2       1       2       2       5     525       6       6      15     308      21      13            21.33333             2.85714             2.19044             0.22253             1.59348             0.29173           856.59754             3.94166             1.95579       6       6
   10000       2       1       2       2       5     525       6       6      16     289      20      21            21.15000             2.90000             2.22206             0.22922             1.57661             0.29787           875.03252             3.95506             1.94787       5       6
   10000       2       1       2       2       5     525       6       6      17     278      19      15            21.31579             3.00000             2.19349             0.22160             1.57764             0.29214           857.69792             3.96041             1.93829       1       4
   10000       2       1       2       2       5     525       6       6      18     258      18      21            21.27778             3.00000             2.16900             0.22013             1.56707             0.29220           866.05540             3.93811             1.98505       6       5
   10000       2       1       2       2       5     525       6       6      19     242      17      20            21.11765             2.88235             2.16750             0.22199             1.55770             0.30666           889.21965             3.92584             1.97687       4       1
   10000       2       1       2       2       5     525       6       6      20     224      16      31            20.06250             3.00000             2.08354             0.22550             1.57183             0.29711           924.22952             3.99712             1.89068       1       1
   10000       2       1       2       2       5     525       6       6      21     214      15      15            20.13333             2.86667             2.10753             0.22585             1.57413             0.30070           895.55524             4.07139             1.86062       4       6
   10000       2       1       2       2       5     525       6       6      22     202      14      19            19.78571             2.85714             2.11869             0.23215             1.58924             0.32552           926.52017             4.04643             1.82830       2       6
   10000       2       1       2       2       5     525       6       6      23     196      13      12            20.07692             2.84615             2.16908             0.23188             1.59461             0.33028           912.23434             4.09880             1.79067       1       2
   10000       2       1       2       2       5     525       6       6      24     180      12      20            20.08333             2.91667             2.14981             0.23314             1.56838             0.33768           936.13809             4.02928             1.74908       4       5
   10000       2       1       2       2       5     525       6       6      25     168      11      19            19.81818             3.09091             2.15881             0.23547             1.60205             0.32196           968.81701             3.88373             1.68480       3       5
   10000       2       1       2       2       5     525       6       6      26     150      10      18            20.00000             3.00000             2.14499             0.23183             1.59755             0.34239           953.52962             3.89331             1.75328       2       1
   10000       2       1       2       2       5     525       6       6      27     133       9      17            20.33333             3.11111             2.11534             0.22410             1.60839             0.33877           943.32639             3.80872             1.83698       1       6
   10000       2       1       2       2       5     525       6       6      28     120       8      15            21.00000             3.00000             2.20275             0.22417             1.59273             0.37973           890.31295             3.84322             1.93770       5       3
   10000       2       1       2       2       5     525       6       6      29     101       7      20            21.14286             3.00000             2.20172             0.22283             1.59470             0.38887           865.56041             3.91508             2.05818       1       3
   10000       2       1       2       2       5     525       6       6      30      84       6      17            21.83333             3.16667             2.17652             0.21095             1.64173             0.40159           833.16986             3.92426             2.23454       6       1
