   10000       2       2       2       5       9     509       6       6       0     509      36       0            22.55556             2.97222             2.25679             0.22020             1.60747             0.37073           901.40119             3.36120             2.56709       0       0
   10000       2       2       2       5       9     509       6       6       1     498      35      17            22.74286             3.00000             2.27067             0.21809             1.63357             0.37537           893.33220             3.34918             2.58825       4       1
   10000       2       2       2       5       9     509       6       6       2     484      34      27            23.14706             2.94118             2.28476             0.21623             1.62111             0.37300           876.11373             3.35983             2.57392       5       2
   10000       2       2       2       5       9     509       6       6       3     465      33      33            23.42424             2.93939             2.29983             0.21108             1.61975             0.37529           858.02848             3.35979             2.61076       5       3
   10000       2       2       2       5       9     509       6       6       4     453      32      23            23.81250             3.00000             2.33125             0.21024             1.65330             0.37903           839.94440             3.37888             2.63183       2       2
   10000       2       2       2       5       9     509       6       6       5     441      31      23            24.29032             3.03226             2.34489             0.20692             1.66435             0.37917           813.23365             3.39016             2.65112       3       5
   10000       2       2       2       5       9     509       6       6       6     420      30      27            24.03333             3.10000             2.34399             0.20978             1.69137             0.38081           816.52166             3.41733             2.68199       4       6
   10000       2       2       2       5       9     509       6       6       7     404      29      21            24.41379             3.10345             2.35016             0.20690             1.71465             0.38498           801.44015             3.43794             2.77674       2       5
   10000       2       2       2       5       9     509       6       6       8     390      28      23            24.75000             3.14286             2.33757             0.20508             1.73615             0.38633           799.57005             3.45908             2.89095       5       5
   10000       2       2       2       5       9     509       6       6       9     379      27      28            24.62963             3.22222             2.31619             0.20438             1.76541             0.39375           799.45160             3.47041             2.82437       4       2
   10000       2       2       2       5       9     509       6       6      10     361      26      27            24.42308             3.26923             2.30614             0.20599             1.75646             0.38594           810.06922             3.44612             2.81530       2       1
   10000       2       2       2       5       9     509       6       6      11     351      25      29            24.20000             3.24000             2.30856             0.20747             1.76101             0.38754           807.41426             3.47524             2.66032       4       4
   10000       2       2       2       5       9     509       6       6      12     338      24      24            24.79167             3.20833             2.30903             0.20152             1.76346             0.37585           782.21718             3.47083             2.69646       2       3
   10000       2       2       2       5       9     509       6       6      13     318      23      30            24.34783             3.21739             2.32051             0.20634             1.76401             0.39050           785.15736             3.48969             2.67189       5       1
   10000       2       2       2       5       9     509       6       6      14     306      22      26            23.90909             3.22727             2.30800             0.21029             1.78325             0.40422           807.53504             3.49997             2.58702       5       4
   10000       2       2       2       5       9     509       6       6      15     300      21      17            24.23810             3.19048             2.32438             0.20956             1.78306             0.41942           800.08312             3.47740             2.53577       3       1
   10000       2       2       2       5       9     509       6       6      16     283      20      40            23.65000             3.25000             2.33666             0.21342             1.80484             0.42183           798.90004             3.50984             2.47810       2       6
   10000       2       2       2       5       9     509       6       6      17     277      19      20            24.15789             3.21053             2.35316             0.21018             1.83161             0.42396           763.75552             3.53022             2.37008       1       4
   10000       2       2       2       5       9     509       6       6      18     265      18      25            24.00000             3.33333             2.31954             0.20949             1.84005             0.42171           765.24368             3.55577             2.29411       2       4
   10000       2       2       2       5       9     509       6       6      19     256      17      18            24.23529             3.29412             2.33840             0.20911             1.81340             0.41875           761.41924             3.54346             2.23040       4       3
   10000       2       2       2       5       9     509       6       6      20     249      16      13            24.93750             3.31250             2.36032             0.20356             1.81040             0.42238           737.91882             3.53958             2.14754       5       6
   10000       2       2       2       5       9     509       6       6      21     236      15      25            25.00000             3.26667             2.33571             0.20158             1.80332             0.42444           738.04524             3.54179             2.08283       4       5
   10000       2       2       2       5       9     509       6       6      22     221      14      29            24.35714             3.21429             2.31531             0.20677             1.82281             0.42982           753.05771             3.58689             1.97913       3       3
   10000       2       2       2       5       9     509       6       6      23     206      13      29            23.84615             3.23077             2.30032             0.21150             1.82091             0.41956           773.63404             3.59316             1.91629       3       4
   10000       2       2       2       5       9     509       6       6      24     192      12      16            24.16667             3.25000             2.34526             0.21394             1.83860             0.43787           744.09038             3.60978             1.90684       6       1
   10000       2       2       2       5       9     509       6       6      25     174      11      35            23.18182             3.36364             2.30666             0.21856             1.83985             0.41812           748.43055             3.70309             1.84686       1       5
   10000       2       2       2       5       9     509       6       6      26     156      10      33            22.00000             3.30000             2.25747             0.22456             1.89047             0.45578           784.79490             3.70895             1.73552       6       3
   10000       2       2       2       5       9     509       6       6      27     140       9      24            21.66667             3.22222             2.23571             0.22639             1.85797             0.45869           784.37755             3.80794             1.71530       1       6
   10000       2       2       2       5       9     509       6       6      28     129       8      12            22.87500             3.25000             2.30370             0.21672             1.86294             0.48818           746.09772             3.71153             1.76822       3       2
   10000       2       2       2       5       9     509       6       6      29     105       7      27            22.28571             3.14286             2.30986             0.22282             1.78842             0.50848           761.27092             3.78100             1.81969       3       6
   10000       2       2       2       5       9     509       6       6      30      91       6      17            23.16667             3.16667             2.36535             0.21907             1.81566             0.50989           716.02745             3.78801             1.90720       6       2
