   10000       2       1       2       2       5     496       6       6       0     496      36       0            21.13889             3.02778             2.22575             0.23036             1.59494             0.35659           936.79100             3.61014             2.41911       0       0
   10000       2       1       2       2       5     496       6       6       1     477      35      27            21.00000             3.05714             2.23515             0.23417             1.59529             0.35805           944.48218             3.62749             2.40205       6       2
   10000       2       1       2       2       5     496       6       6       2     464      34      22            21.02941             3.02941             2.23761             0.23558             1.58291             0.35123           962.63977             3.60235             2.35749       2       4
   10000       2       1       2       2       5     496       6       6       3     458      33      12            21.36364             3.12121             2.24184             0.23015             1.61806             0.34069           953.06276             3.52919             2.36093       6       3
   10000       2       1       2       2       5     496       6       6       4     445      32      20            21.18750             3.12500             2.23301             0.23083             1.63031             0.33797           943.95457             3.51229             2.32533       2       3
   10000       2       1       2       2       5     496       6       6       5     436      31      12            21.64516             3.16129             2.27026             0.22869             1.64623             0.34269           897.76435             3.53362             2.30671       2       1
   10000       2       1       2       2       5     496       6       6       6     422      30      26            21.43333             3.10000             2.24983             0.23031             1.64606             0.34690           907.87042             3.54486             2.27716       5       1
   10000       2       1       2       2       5     496       6       6       7     409      29      27            21.20690             3.13793             2.21248             0.22967             1.65616             0.34001           914.77522             3.55823             2.20975       6       5
   10000       2       1       2       2       5     496       6       6       8     397      28      22            21.17857             3.10714             2.21190             0.23071             1.67432             0.33817           906.57333             3.58133             2.19612       4       1
   10000       2       1       2       2       5     496       6       6       9     391      27      24            21.18519             3.14815             2.22760             0.23149             1.65952             0.34289           898.19699             3.60245             2.15267       1       2
   10000       2       1       2       2       5     496       6       6      10     378      26      19            21.50000             3.07692             2.26303             0.23065             1.68381             0.36375           895.15537             3.48760             2.15230       2       5
   10000       2       1       2       2       5     496       6       6      11     360      25      27            21.52000             3.08000             2.24897             0.22912             1.69323             0.36430           890.56943             3.49720             2.13385       4       6
   10000       2       1       2       2       5     496       6       6      12     352      24      15            21.79167             3.16667             2.23511             0.22403             1.74067             0.36137           869.97058             3.50309             2.09355       5       2
   10000       2       1       2       2       5     496       6       6      13     340      23      25            21.47826             3.21739             2.17975             0.22395             1.73594             0.35687           884.05555             3.49361             2.02422       2       6
   10000       2       1       2       2       5     496       6       6      14     319      22      20            21.54545             3.18182             2.21207             0.22642             1.74848             0.36785           886.50826             3.49674             2.07366       6       1
   10000       2       1       2       2       5     496       6       6      15     298      21      25            21.23810             3.19048             2.19933             0.22993             1.75347             0.35244           905.29661             3.49154             2.05596       1       5
   10000       2       1       2       2       5     496       6       6      16     286      20      23            20.65000             3.20000             2.15315             0.23239             1.76040             0.32378           939.77653             3.53642             1.91634       3       5
   10000       2       1       2       2       5     496       6       6      17     271      19      20            20.68421             3.31579             2.10616             0.22755             1.80124             0.32511           934.60119             3.55159             1.94379       6       6
   10000       2       1       2       2       5     496       6       6      18     258      18      18            20.55556             3.27778             2.10628             0.22863             1.81041             0.29802           931.71508             3.58008             1.91438       5       6
   10000       2       1       2       2       5     496       6       6      19     235      17      23            20.41176             3.23529             2.07840             0.22797             1.81809             0.30218           940.71162             3.60509             1.96817       1       1
   10000       2       1       2       2       5     496       6       6      20     217      16      25            20.06250             3.25000             2.05248             0.22681             1.80664             0.29526           942.09866             3.63025             1.99271       2       2
   10000       2       1       2       2       5     496       6       6      21     203      15      22            19.66667             3.26667             2.03780             0.22925             1.77991             0.29076           958.58898             3.64193             1.96974       3       1
   10000       2       1       2       2       5     496       6       6      22     193      14      11            20.28571             3.28571             2.06053             0.22104             1.78293             0.29010           935.97871             3.62856             2.02862       1       6
   10000       2       1       2       2       5     496       6       6      23     182      13      25            20.23077             3.38462             2.04081             0.21752             1.80716             0.27967           911.53268             3.69442             1.94243       5       4
   10000       2       1       2       2       5     496       6       6      24     179      12      16            20.50000             3.25000             2.06973             0.21782             1.78225             0.29137           908.36021             3.71126             1.81440       4       5
   10000       2       1       2       2       5     496       6       6      25     163      11      15            20.90909             3.18182             2.09650             0.21515             1.79053             0.30346           894.89856             3.67712             1.88909       6       4
   10000       2       1       2       2       5     496       6       6      26     154      10      20            20.70000             3.20000             2.05669             0.21467             1.79922             0.33049           896.15103             3.75561             1.81681       1       3
   10000       2       1       2       2       5     496       6       6      27     134       9      21            20.44444             3.22222             2.06890             0.21909             1.80082             0.33769           909.04831             3.76395             1.88453       5       5
   10000       2       1       2       2       5     496       6       6      28     110       8      23            20.12500             3.25000             2.02601             0.21914             1.82803             0.34726           897.80789             3.81970             2.00907       3       6
   10000       2       1       2       2       5     496       6       6      29      96       7      17            20.42857             3.28571             2.04903             0.21936             1.80971             0.35994           880.77137             3.79337             2.08573       5       3
   10000       2       1       2       2       5     496       6       6      30      82       6      14            21.50000             3.16667             2.07774             0.20882             1.82845             0.35583           779.82009             3.87751             2.26669       1       4
