   10000       2       2       1       1       1     487       6       6       0     487      36       0            20.66667             3.16667             2.25710             0.23799             1.67006             0.35268           950.26692             3.56068             2.38376       0       0
   10000       2       2       1       1       1     487       6       6       1     471      35      18            21.20000             3.20000             2.28999             0.23300             1.67136             0.34646           924.62076             3.56174             2.45340       4       6
   10000       2       2       1       1       1     487       6       6       2     453      34      21            21.26471             3.14706             2.30470             0.23410             1.67386             0.35404           916.13729             3.61710             2.49576       1       3
   10000       2       2       1       1       1     487       6       6       3     436      33      30            21.69697             3.09091             2.30069             0.22807             1.68139             0.35454           868.29818             3.64303             2.54315       5       5
   10000       2       2       1       1       1     487       6       6       4     424      32      18            21.87500             3.12500             2.27448             0.22553             1.69471             0.33961           875.36612             3.60681             2.49774       1       2
   10000       2       2       1       1       1     487       6       6       5     413      31      23            21.96774             3.12903             2.26965             0.22503             1.70719             0.34429           875.41307             3.63085             2.48835       6       5
   10000       2       2       1       1       1     487       6       6       6     398      30      28            22.00000             3.13333             2.27179             0.22400             1.70127             0.33761           870.50766             3.64080             2.52582       4       5
   10000       2       2       1       1       1     487       6       6       7     384      29      25            22.93103             3.13793             2.31141             0.21828             1.71861             0.36246           827.99789             3.65202             2.61190       4       4
   10000       2       2       1       1       1     487       6       6       8     375      28      16            23.25000             3.21429             2.32012             0.21440             1.72777             0.36818           808.58585             3.61983             2.61124       1       1
   10000       2       2       1       1       1     487       6       6       9     361      27      19            23.66667             3.22222             2.32181             0.21047             1.74657             0.38601           789.08484             3.62398             2.64489       6       2
   10000       2       2       1       1       1     487       6       6      10     350      26      27            24.11538             3.23077             2.36560             0.21054             1.75202             0.39117           771.76637             3.61988             2.63004       3       5
   10000       2       2       1       1       1     487       6       6      11     333      25      28            24.68000             3.32000             2.40888             0.21188             1.77173             0.38991           748.79823             3.60688             2.66424       4       2
   10000       2       2       1       1       1     487       6       6      12     318      24      26            24.50000             3.33333             2.39560             0.21264             1.80091             0.38700           739.89403             3.64478             2.63312       2       4
   10000       2       2       1       1       1     487       6       6      13     308      23      30            24.26087             3.39130             2.36097             0.21263             1.81794             0.38487           751.05957             3.67076             2.55393       3       3
   10000       2       2       1       1       1     487       6       6      14     294      22      33            23.95455             3.40909             2.34525             0.21370             1.83888             0.40375           749.60586             3.69664             2.51290       3       2
   10000       2       2       1       1       1     487       6       6      15     284      21      26            23.95238             3.38095             2.33747             0.21372             1.85276             0.39367           743.95024             3.72801             2.50486       5       4
   10000       2       2       1       1       1     487       6       6      16     276      20      22            23.70000             3.40000             2.33349             0.21630             1.86328             0.38663           746.66519             3.71169             2.43505       2       3
   10000       2       2       1       1       1     487       6       6      17     263      19      24            23.78947             3.31579             2.34132             0.21647             1.84233             0.40736           735.50219             3.75419             2.41266       2       5
   10000       2       2       1       1       1     487       6       6      18     240      18      38            22.66667             3.27778             2.35667             0.22622             1.81531             0.39225           751.47073             3.77950             2.33737       2       1
   10000       2       2       1       1       1     487       6       6      19     223      17      29            21.94118             3.29412             2.34414             0.23191             1.82244             0.38153           767.61398             3.82239             2.22442       6       4
   10000       2       2       1       1       1     487       6       6      20     213      16      18            22.18750             3.31250             2.32329             0.22660             1.83424             0.38397           760.15971             3.80550             2.20016       3       4
   10000       2       2       1       1       1     487       6       6      21     203      15      19            22.66667             3.26667             2.30817             0.22006             1.79174             0.38480           741.39470             3.86121             2.19627       6       1
   10000       2       2       1       1       1     487       6       6      22     193      14      14            22.64286             3.21429             2.31353             0.22450             1.77202             0.37047           789.14847             3.79402             2.13624       6       6
   10000       2       2       1       1       1     487       6       6      23     181      13      28            22.23077             3.30769             2.28315             0.22595             1.84213             0.37826           808.98030             3.77772             2.04157       1       5
   10000       2       2       1       1       1     487       6       6      24     165      12      17            22.66667             3.25000             2.26982             0.21949             1.83939             0.38374           801.42557             3.76770             2.10935       2       2
   10000       2       2       1       1       1     487       6       6      25     149      11      22            22.72727             3.27273             2.27369             0.22016             1.83778             0.38832           809.19307             3.69211             2.15519       1       4
   10000       2       2       1       1       1     487       6       6      26     140      10      27            22.30000             3.30000             2.26914             0.22367             1.82437             0.40086           823.47154             3.74485             2.06236       5       3
   10000       2       2       1       1       1     487       6       6      27     132       9      20            22.33333             3.33333             2.27961             0.22564             1.87516             0.37663           831.07140             3.77848             1.95994       4       1
   10000       2       2       1       1       1     487       6       6      28     120       8      19            22.75000             3.25000             2.29004             0.22352             1.89230             0.38898           842.62801             3.72952             1.96806       3       1
   10000       2       2       1       1       1     487       6       6      29     113       7      25            21.71429             3.42857             2.27253             0.23461             1.95471             0.36549           911.60078             3.70628             1.73153       2       6
   10000       2       2       1       1       1     487       6       6      30      95       6      30            19.16667             3.50000             2.13556             0.24964             1.93856             0.34484          1017.30879             3.81510             1.57078       5       2
   10000       2       2       1       1       1     487       6       6      31      80       5      21            18.60000             3.40000             2.08053             0.25385             1.97127             0.33465          1037.40585             3.80195             1.47795       3       6
   10000       2       2       1       1       1     487       6       6      32      66       4      16            19.00000             3.25000             2.12180             0.25837             1.92659             0.35581          1036.95008             3.81970             1.37189       5       1
   10000       2       2       1       1       1     487       6       6      33      50       3      16            20.00000             3.33333             2.05824             0.24172             1.96879             0.38552          1054.64749             3.58532             1.49586       1       6
   10000       2       2       1       1       1     487       6       6      34      45       2      10            25.00000             3.50000             2.33736             0.19591             2.00874             0.52273           794.73980             3.45584             1.20979       5       6
   10000       2       2       1       1       1     487       6       6      35      27       1      23            27.00000             4.00000             2.37037             0.18234             2.15385             0.50000           619.45194             3.59537             1.00000       6       3
   10000       2       2       1       1       1     487       6       6      36       0       0      27             0.00000             0.00000             0.00000             0.00000             0.00000             0.00000             0.00000             0.00000             0.00000       4       3
