   10000       2       1       2       3       2     523       6       6       0     523      36       0            22.19444             3.02778             2.32437             0.22473             1.62973             0.34372           814.90618             3.76329             2.41033       0       0
   10000       2       1       2       3       2     523       6       6       1     514      35      16            22.54286             3.11429             2.33307             0.22092             1.64110             0.34357           805.71533             3.74430             2.39613       5       6
   10000       2       1       2       3       2     523       6       6       2     500      34      26            22.67647             3.08824             2.33636             0.22019             1.63847             0.35156           799.97090             3.73093             2.38690       4       3
   10000       2       1       2       3       2     523       6       6       3     484      33      31            22.57576             3.09091             2.32817             0.22025             1.64908             0.35358           801.42618             3.73131             2.35590       2       5
   10000       2       1       2       3       2     523       6       6       4     468      32      30            22.21875             3.03125             2.32689             0.22266             1.63237             0.35842           808.72669             3.73722             2.27267       5       1
   10000       2       1       2       3       2     523       6       6       5     463      31      16            22.41935             3.12903             2.33162             0.22126             1.64386             0.35686           804.33083             3.74464             2.20492       3       1
   10000       2       1       2       3       2     523       6       6       6     452      30      16            22.53333             3.16667             2.31623             0.21762             1.66057             0.34886           797.93126             3.77360             2.16478       3       3
   10000       2       1       2       3       2     523       6       6       7     439      29      20            22.55172             3.13793             2.33793             0.21988             1.65841             0.35842           801.12500             3.74222             2.12858       4       6
   10000       2       1       2       3       2     523       6       6       8     429      28      24            22.57143             3.14286             2.32881             0.21941             1.65571             0.35197           796.27229             3.73615             2.08377       5       5
   10000       2       1       2       3       2     523       6       6       9     413      27      23            22.81481             3.14815             2.31818             0.21581             1.66998             0.35368           788.17216             3.73531             2.08097       6       4
   10000       2       1       2       3       2     523       6       6      10     395      26      25            22.61538             3.07692             2.31339             0.21709             1.66015             0.34046           791.19583             3.77085             2.07806       2       1
   10000       2       1       2       3       2     523       6       6      11     378      25      21            22.56000             3.12000             2.32659             0.21948             1.67400             0.33897           795.03602             3.79713             2.03665       2       2
   10000       2       1       2       3       2     523       6       6      12     361      24      23            22.58333             3.04167             2.31207             0.21831             1.68100             0.34254           790.84238             3.81236             2.02558       2       3
   10000       2       1       2       3       2     523       6       6      13     348      23      21            22.86957             3.04348             2.33126             0.21781             1.65551             0.34349           778.94464             3.81763             2.02592       2       4
   10000       2       1       2       3       2     523       6       6      14     336      22      21            22.95455             3.04545             2.29877             0.21401             1.66931             0.33414           784.89526             3.77145             1.95632       5       2
   10000       2       1       2       3       2     523       6       6      15     327      21      13            23.38095             3.04762             2.35830             0.21443             1.65445             0.33804           752.65065             3.77488             1.94771       3       2
   10000       2       1       2       3       2     523       6       6      16     317      20      19            23.45000             3.10000             2.33778             0.21178             1.63299             0.33341           760.17081             3.74392             1.93449       4       2
   10000       2       1       2       3       2     523       6       6      17     304      19      19            23.47368             3.10526             2.38232             0.21656             1.61372             0.32797           760.94819             3.72743             1.87958       2       6
   10000       2       1       2       3       2     523       6       6      18     293      18      29            23.11111             3.16667             2.32908             0.21708             1.62183             0.32424           782.86583             3.69981             1.75528       3       5
   10000       2       1       2       3       2     523       6       6      19     282      17      21            23.17647             3.11765             2.36293             0.22115             1.61821             0.33043           783.21624             3.71126             1.69048       6       2
   10000       2       1       2       3       2     523       6       6      20     264      16      24            23.12500             3.06250             2.37149             0.22177             1.60902             0.31986           776.58899             3.73632             1.68949       3       4
   10000       2       1       2       3       2     523       6       6      21     250      15      19            23.33333             3.13333             2.37500             0.22087             1.63712             0.31811           790.32918             3.65462             1.68226       4       5
   10000       2       1       2       3       2     523       6       6      22     233      14      34            22.28571             3.21429             2.32684             0.22643             1.64086             0.31529           816.36811             3.71959             1.57601       5       4
   10000       2       1       2       3       2     523       6       6      23     217      13      16            22.76923             3.23077             2.31626             0.21929             1.64273             0.31069           793.47593             3.71918             1.62031       6       1
   10000       2       1       2       3       2     523       6       6      24     201      12      27            22.08333             3.16667             2.28748             0.22433             1.60345             0.31831           817.42979             3.77789             1.56958       6       5
   10000       2       1       2       3       2     523       6       6      25     186      11      15            22.72727             3.27273             2.27048             0.21315             1.63039             0.30828           802.08876             3.73711             1.62136       3       6
   10000       2       1       2       3       2     523       6       6      26     166      10      20            23.00000             3.30000             2.28253             0.21183             1.64606             0.30227           808.70454             3.70263             1.68350       4       1
   10000       2       1       2       3       2     523       6       6      27     150       9      17            23.66667             3.22222             2.30085             0.20595             1.64145             0.32196           785.33136             3.56752             1.74787       4       4
   10000       2       1       2       3       2     523       6       6      28     134       8      26            22.62500             3.37500             2.26296             0.21280             1.70858             0.32332           827.20676             3.52188             1.67802       6       3
   10000       2       1       2       3       2     523       6       6      29     114       7      20            23.00000             3.28571             2.23751             0.20662             1.71920             0.32440           813.63993             3.55466             1.77488       6       6
   10000       2       1       2       3       2     523       6       6      30      95       6      19            23.66667             3.16667             2.26832             0.20305             1.66314             0.34142           799.71820             3.55216             1.90402       5       3
