   10000       2       1       2       8       7     504       6       6       0     504      36       0            21.11111             2.88889             2.22961             0.22955             1.55904             0.32370           873.83773             3.92412             2.46365       0       0
   10000       2       1       2       8       7     504       6       6       1     500      35      17            21.28571             2.88571             2.22062             0.22786             1.55966             0.31666           879.20031             3.90330             2.38586       1       2
   10000       2       1       2       8       7     504       6       6       2     484      34      28            21.29412             2.91176             2.20649             0.22646             1.56110             0.31755           878.98729             3.86890             2.36719       1       4
   10000       2       1       2       8       7     504       6       6       3     466      33      24            21.18182             2.90909             2.22572             0.23009             1.56858             0.32270           886.77127             3.84802             2.36268       6       5
   10000       2       1       2       8       7     504       6       6       4     454      32      21            21.15625             2.96875             2.23839             0.23237             1.56684             0.32350           904.12176             3.82310             2.28241       2       5
   10000       2       1       2       8       7     504       6       6       5     440      31      21            21.38710             2.93548             2.22981             0.22833             1.57033             0.31822           884.88627             3.83771             2.31934       5       5
   10000       2       1       2       8       7     504       6       6       6     425      30      20            21.46667             2.93333             2.26285             0.22979             1.57095             0.32436           872.98777             3.80084             2.34392       1       3
   10000       2       1       2       8       7     504       6       6       7     409      29      23            21.41379             2.93103             2.23981             0.22893             1.59145             0.33237           877.21828             3.77580             2.30489       2       3
   10000       2       1       2       8       7     504       6       6       8     401      28      19            21.75000             2.96429             2.24850             0.22954             1.60010             0.33559           869.72926             3.74268             2.23332       6       3
   10000       2       1       2       8       7     504       6       6       9     394      27      22            22.07407             2.88889             2.25447             0.22777             1.59139             0.33978           862.48527             3.72000             2.20150       3       4
   10000       2       1       2       8       7     504       6       6      10     375      26      24            22.00000             2.92308             2.27704             0.22654             1.61031             0.32678           858.97917             3.71545             2.21194       6       2
   10000       2       1       2       8       7     504       6       6      11     362      25      24            21.80000             2.92000             2.25823             0.22954             1.61157             0.33072           881.03927             3.68467             2.17558       5       6
   10000       2       1       2       8       7     504       6       6      12     346      24      28            21.58333             2.87500             2.25396             0.22995             1.61770             0.32720           875.84207             3.71456             2.13704       5       1
   10000       2       1       2       8       7     504       6       6      13     335      23      16            21.69565             2.91304             2.25656             0.22705             1.61471             0.33523           864.36304             3.72053             2.11037       4       4
   10000       2       1       2       8       7     504       6       6      14     321      22      30            21.13636             2.95455             2.24846             0.23185             1.61752             0.33358           883.32426             3.76124             2.02149       2       1
   10000       2       1       2       8       7     504       6       6      15     303      21      23            20.85714             3.04762             2.25110             0.23462             1.64837             0.32957           891.97363             3.79332             2.00930       6       4
   10000       2       1       2       8       7     504       6       6      16     285      20      27            20.70000             3.00000             2.27483             0.23900             1.63465             0.33847           895.13225             3.82943             1.96635       3       6
   10000       2       1       2       8       7     504       6       6      17     274      19      22            20.57895             3.05263             2.27712             0.24032             1.64747             0.33110           889.56120             3.86817             1.92592       2       6
   10000       2       1       2       8       7     504       6       6      18     260      18      22            20.05556             3.05556             2.24558             0.24412             1.64977             0.32497           929.36274             3.84237             1.88857       1       5
   10000       2       1       2       8       7     504       6       6      19     243      17      21            19.94118             3.00000             2.25422             0.24984             1.65379             0.32162           944.35248             3.86153             1.85034       3       3
   10000       2       1       2       8       7     504       6       6      20     222      16      24            19.68750             2.93750             2.25422             0.25318             1.66476             0.32542           953.29808             3.91857             1.88069       6       1
   10000       2       1       2       8       7     504       6       6      21     212      15      17            19.60000             3.00000             2.25095             0.25230             1.64794             0.33948           946.18930             3.87882             1.77727       4       3
   10000       2       1       2       8       7     504       6       6      22     190      14      25            19.00000             3.07143             2.17997             0.25259             1.65867             0.31759           969.17877             3.95210             1.78697       4       6
   10000       2       1       2       8       7     504       6       6      23     175      13      15            19.30769             3.00000             2.19737             0.25089             1.64890             0.32554           940.84398             3.94426             1.84750       1       6
   10000       2       1       2       8       7     504       6       6      24     159      12      24            18.83333             3.08333             2.15469             0.25137             1.64454             0.31824           958.73488             4.03503             1.75360       4       1
   10000       2       1       2       8       7     504       6       6      25     147      11      19            18.36364             3.09091             2.14572             0.25849             1.63394             0.31415           962.62260             4.02006             1.69038       5       4
   10000       2       1       2       8       7     504       6       6      26     132      10      21            17.60000             3.10000             2.11451             0.26905             1.64597             0.31693          1007.62707             4.02961             1.61695       3       1
   10000       2       1       2       8       7     504       6       6      27     120       9      17            17.33333             3.11111             2.09715             0.27700             1.64453             0.32051          1054.86499             3.99217             1.54887       2       2
   10000       2       1       2       8       7     504       6       6      28     104       8      25            15.62500             3.12500             2.04555             0.29722             1.65868             0.31045          1160.37290             4.04037             1.44067       3       5
   10000       2       1       2       8       7     504       6       6      29      89       7      23            13.57143             3.28571             1.87787             0.30876             1.67457             0.27651          1281.45311             4.14943             1.14566       5       2
   10000       2       1       2       8       7     504       6       6      30      75       6      18            12.50000             3.00000             1.85242             0.33804             1.54890             0.29474          1371.85877             4.25372             1.00000       4       2
