   10000       2       2       2      12       7     525       6       6       0     525      36       0            21.69444             2.91667             2.24134             0.22026             1.60306             0.30909           825.34602             4.00950             2.38234       0       0
   10000       2       2       2      12       7     525       6       6       1     507      35      28            21.91429             2.97143             2.25521             0.21905             1.60859             0.31608           802.90772             4.03173             2.38939       6       4
   10000       2       2       2      12       7     525       6       6       2     494      34      22            22.17647             2.97059             2.29617             0.22070             1.61326             0.32590           784.10408             4.05439             2.40381       1       1
   10000       2       2       2      12       7     525       6       6       3     480      33      24            22.57576             3.03030             2.30848             0.21740             1.63269             0.32195           762.62465             4.08292             2.43254       1       3
   10000       2       2       2      12       7     525       6       6       4     464      32      24            22.65625             3.06250             2.31409             0.22002             1.67772             0.32919           765.88041             4.08315             2.44134       5       6
   10000       2       2       2      12       7     525       6       6       5     454      31      16            22.67742             3.00000             2.31559             0.21815             1.63933             0.32995           784.42211             4.12364             2.41731       1       2
   10000       2       2       2      12       7     525       6       6       6     437      30      25            22.76667             3.03333             2.30576             0.21768             1.66061             0.34353           779.39370             4.10840             2.42815       1       4
   10000       2       2       2      12       7     525       6       6       7     422      29      28            23.20690             3.00000             2.30952             0.21311             1.66538             0.34803           770.18769             4.09323             2.46310       2       2
   10000       2       2       2      12       7     525       6       6       8     407      28      24            23.57143             3.03571             2.30926             0.21015             1.71235             0.34477           770.03882             4.05299             2.48688       3       5
   10000       2       2       2      12       7     525       6       6       9     391      27      22            23.85185             3.07407             2.32222             0.20928             1.71547             0.35213           764.69670             4.04887             2.51233       4       5
   10000       2       2       2      12       7     525       6       6      10     377      26      26            24.15385             3.11538             2.34098             0.20767             1.73354             0.33491           758.75135             4.05288             2.52661       2       3
   10000       2       2       2      12       7     525       6       6      11     369      25      25            24.16000             3.12000             2.37070             0.21002             1.74317             0.33680           757.35816             4.08887             2.46501       4       4
   10000       2       2       2      12       7     525       6       6      12     354      24      26            24.16667             3.12500             2.40676             0.21318             1.77365             0.35392           749.94775             4.13319             2.39817       5       1
   10000       2       2       2      12       7     525       6       6      13     338      23      26            24.26087             3.21739             2.38689             0.21102             1.79248             0.36550           749.89851             4.14816             2.41770       6       1
   10000       2       2       2      12       7     525       6       6      14     334      22      20            24.90909             3.13636             2.42588             0.20902             1.76997             0.35135           743.00741             4.13114             2.38739       3       2
   10000       2       2       2      12       7     525       6       6      15     318      21      20            24.95238             3.09524             2.46679             0.21212             1.76577             0.35702           737.31563             4.15856             2.36842       3       3
   10000       2       2       2      12       7     525       6       6      16     305      20      22            24.80000             3.15000             2.46467             0.21381             1.76021             0.36273           737.31494             4.17779             2.34443       4       6
   10000       2       2       2      12       7     525       6       6      17     293      19      24            24.78947             3.15789             2.45211             0.21311             1.79490             0.36542           739.00402             4.19843             2.30301       1       6
   10000       2       2       2      12       7     525       6       6      18     283      18      26            24.66667             3.22222             2.45162             0.21499             1.79551             0.38104           758.86498             4.20820             2.25151       2       4
   10000       2       2       2      12       7     525       6       6      19     270      17      20            25.23529             3.29412             2.41309             0.20614             1.83241             0.36493           749.82710             4.19244             2.22123       4       3
   10000       2       2       2      12       7     525       6       6      20     256      16      25            25.75000             3.25000             2.44118             0.20007             1.81875             0.37583           680.78904             4.30146             2.20546       5       5
   10000       2       2       2      12       7     525       6       6      21     233      15      32            25.40000             3.26667             2.42830             0.20155             1.81254             0.37081           690.53840             4.36324             2.26853       2       5
   10000       2       2       2      12       7     525       6       6      22     216      14      22            25.14286             3.21429             2.41848             0.20332             1.79574             0.36796           686.12674             4.29266             2.18448       3       4
   10000       2       2       2      12       7     525       6       6      23     204      13      28            25.00000             3.07692             2.38412             0.20205             1.80508             0.37341           685.02963             4.37656             2.14751       5       3
   10000       2       2       2      12       7     525       6       6      24     186      12      25            24.25000             3.08333             2.34805             0.20607             1.78722             0.38318           700.08059             4.46737             2.12418       3       1
   10000       2       2       2      12       7     525       6       6      25     169      11      24            24.18182             3.09091             2.29592             0.20294             1.79626             0.37621           705.43297             4.45260             2.08777       1       5
   10000       2       2       2      12       7     525       6       6      26     156      10      22            23.80000             3.10000             2.32142             0.21065             1.79948             0.37057           732.19162             4.38416             2.02973       2       6
   10000       2       2       2      12       7     525       6       6      27     136       9      32            21.77778             3.11111             2.23308             0.22430             1.85705             0.37015           785.53204             4.52276             1.86761       4       2
   10000       2       2       2      12       7     525       6       6      28     122       8      24            21.37500             3.12500             2.23791             0.22955             1.86326             0.37976           810.21726             4.47571             1.76016       5       4
   10000       2       2       2      12       7     525       6       6      29     111       7      29            20.14286             3.28571             2.18497             0.23725             1.89167             0.38040           871.39246             4.51759             1.57569       6       2
   10000       2       2       2      12       7     525       6       6      30      98       6      25            19.16667             3.16667             2.14128             0.24425             1.83013             0.36303           908.40216             4.61734             1.43701       5       2
