   10000       2       2       2       5      11     502       6       6       0     502      36       0            21.30556             2.97222             2.18550             0.22404             1.60095             0.31630           871.56841             3.81060             2.43201       0       0
   10000       2       2       2       5      11     502       6       6       1     488      35      33            21.85714             3.08571             2.23385             0.21973             1.63722             0.32115           835.39213             3.79356             2.45794       2       4
   10000       2       2       2       5      11     502       6       6       2     469      34      39            21.94118             3.11765             2.21606             0.21630             1.63777             0.32960           821.06498             3.84197             2.50125       2       5
   10000       2       2       2       5      11     502       6       6       3     439      33      31            21.87879             3.27273             2.23774             0.21814             1.67555             0.32001           812.79887             3.86617             2.58008       2       1
   10000       2       2       2       5      11     502       6       6       4     425      32      30            22.28125             3.12500             2.26361             0.21688             1.67008             0.34299           793.32580             3.87650             2.61966       2       2
   10000       2       2       2       5      11     502       6       6       5     408      31      30            22.38710             3.16129             2.25203             0.21504             1.68644             0.35853           787.17533             3.87507             2.64817       3       2
   10000       2       2       2       5      11     502       6       6       6     400      30      30            22.36667             3.20000             2.24420             0.21461             1.68757             0.35199           774.65624             3.89809             2.54290       3       3
   10000       2       2       2       5      11     502       6       6       7     388      29      29            22.48276             3.24138             2.27189             0.21718             1.69965             0.35213           770.59821             3.91799             2.52910       3       6
   10000       2       2       2       5      11     502       6       6       8     379      28      31            22.60714             3.21429             2.31284             0.21917             1.71040             0.35742           763.78178             3.89481             2.44604       3       4
   10000       2       2       2       5      11     502       6       6       9     369      27      27            22.40741             3.14815             2.31053             0.22081             1.68874             0.36437           767.94858             3.90827             2.38170       2       3
   10000       2       2       2       5      11     502       6       6      10     357      26      27            22.69231             3.19231             2.32482             0.21884             1.70496             0.35107           753.40682             3.92904             2.38413       4       1
   10000       2       2       2       5      11     502       6       6      11     340      25      27            22.68000             3.20000             2.33927             0.22052             1.69690             0.35152           739.46864             3.99526             2.40544       5       3
   10000       2       2       2       5      11     502       6       6      12     325      24      27            22.45833             3.16667             2.33438             0.22204             1.68012             0.35272           743.25206             4.01010             2.40028       2       6
   10000       2       2       2       5      11     502       6       6      13     303      23      25            22.34783             3.08696             2.33714             0.22438             1.68616             0.35950           736.04562             4.06661             2.47600       5       6
   10000       2       2       2       5      11     502       6       6      14     287      22      27            22.36364             3.18182             2.30578             0.22102             1.73762             0.35848           746.85653             4.07334             2.48615       4       5
   10000       2       2       2       5      11     502       6       6      15     272      21      27            21.76190             3.09524             2.26883             0.22379             1.76400             0.35822           766.05223             4.13972             2.39813       4       3
   10000       2       2       2       5      11     502       6       6      16     254      20      26            21.70000             3.25000             2.27475             0.22408             1.83043             0.37611           753.79494             4.17672             2.40529       5       2
   10000       2       2       2       5      11     502       6       6      17     242      19      27            21.78947             3.21053             2.25154             0.22263             1.78941             0.37965           755.72615             4.21359             2.37199       6       3
   10000       2       2       2       5      11     502       6       6      18     233      18      27            21.16667             3.16667             2.26419             0.23351             1.78027             0.37957           794.03220             4.23704             2.22251       5       4
   10000       2       2       2       5      11     502       6       6      19     225      17      25            20.58824             3.11765             2.26571             0.24227             1.76732             0.37747           809.89456             4.31210             2.08970       6       1
   10000       2       2       2       5      11     502       6       6      20     209      16      22            20.43750             3.12500             2.26569             0.24532             1.77442             0.37788           819.94397             4.34549             2.07957       1       6
   10000       2       2       2       5      11     502       6       6      21     200      15      24            20.26667             3.20000             2.23997             0.24518             1.79488             0.36593           835.14074             4.36996             1.98780       1       4
   10000       2       2       2       5      11     502       6       6      22     189      14      21            20.14286             3.14286             2.25384             0.24888             1.77620             0.37193           834.03357             4.44746             1.95678       3       1
   10000       2       2       2       5      11     502       6       6      23     178      13      21            20.07692             3.15385             2.24080             0.24936             1.75513             0.36977           836.15662             4.46040             1.90755       4       2
   10000       2       2       2       5      11     502       6       6      24     170      12      19            20.16667             3.08333             2.24332             0.24967             1.73936             0.37281           850.75903             4.38789             1.78850       4       6
   10000       2       2       2       5      11     502       6       6      25     158      11      18            20.36364             3.09091             2.24019             0.24801             1.72636             0.36926           851.00491             4.34900             1.74304       5       1
   10000       2       2       2       5      11     502       6       6      26     150      10      17            20.60000             3.30000             2.20587             0.24255             1.76543             0.35774           824.78711             4.39934             1.66326       5       5
   10000       2       2       2       5      11     502       6       6      27     140       9      17            21.00000             3.22222             2.26570             0.24615             1.71853             0.35583           830.37692             4.40922             1.63022       1       5
   10000       2       2       2       5      11     502       6       6      28     130       8      14            21.87500             3.12500             2.31677             0.24120             1.71219             0.37146           827.39905             4.22786             1.59767       3       5
   10000       2       2       2       5      11     502       6       6      29     121       7      13            23.14286             3.28571             2.37301             0.22987             1.79012             0.37690           812.90839             4.07976             1.58877       6       2
   10000       2       2       2       5      11     502       6       6      30     110       6      13            24.66667             3.50000             2.40484             0.21060             1.85395             0.37357           685.41859             4.01206             1.60895       4       4
