   10000       2       2       1       1       6     487       6       6       0     487      36       0            20.66667             3.16667             2.25710             0.23799             1.67006             0.35268           950.26692             3.56068             2.38376       0       0
   10000       2       2       1       1       6     487       6       6       1     474      35      18            21.08571             3.22857             2.30538             0.23936             1.67572             0.36040           919.66380             3.55674             2.43515       5       6
   10000       2       2       1       1       6     487       6       6       2     461      34      18            21.79412             3.20588             2.34725             0.23646             1.69713             0.37004           883.37917             3.56704             2.53818       2       4
   10000       2       2       1       1       6     487       6       6       3     446      33      19            22.03030             3.27273             2.33452             0.23316             1.72200             0.37002           869.55700             3.57841             2.60929       6       2
   10000       2       2       1       1       6     487       6       6       4     438      32      23            22.65625             3.28125             2.34525             0.22888             1.72554             0.38139           849.68428             3.57753             2.60205       3       4
   10000       2       2       1       1       6     487       6       6       5     431      31      18            23.16129             3.32258             2.36266             0.22538             1.73263             0.37599           825.44037             3.58530             2.59701       5       4
   10000       2       2       1       1       6     487       6       6       6     419      30      27            23.40000             3.23333             2.38708             0.22508             1.73554             0.38893           812.78185             3.59907             2.58458       5       2
   10000       2       2       1       1       6     487       6       6       7     402      29      26            23.72414             3.24138             2.37503             0.22293             1.73964             0.38296           800.74250             3.60606             2.64637       4       2
   10000       2       2       1       1       6     487       6       6       8     388      28      25            23.64286             3.28571             2.34830             0.22052             1.76110             0.37614           797.49532             3.61095             2.60437       5       5
   10000       2       2       1       1       6     487       6       6       9     366      27      23            23.48148             3.29630             2.36087             0.22335             1.77334             0.37873           793.19095             3.67805             2.63228       1       3
   10000       2       2       1       1       6     487       6       6      10     351      26      17            24.00000             3.26923             2.34826             0.21776             1.78622             0.37498           783.30118             3.64582             2.66610       1       2
   10000       2       2       1       1       6     487       6       6      11     340      25      23            23.72000             3.36000             2.34606             0.21978             1.79145             0.37052           795.91296             3.64631             2.62084       2       2
   10000       2       2       1       1       6     487       6       6      12     327      24      29            23.70833             3.29167             2.37974             0.22181             1.77249             0.37824           788.11928             3.69165             2.58453       6       5
   10000       2       2       1       1       6     487       6       6      13     309      23      36            23.34783             3.39130             2.35487             0.22271             1.78604             0.38935           794.84545             3.71398             2.53328       4       4
   10000       2       2       1       1       6     487       6       6      14     295      22      22            23.54545             3.36364             2.36790             0.22181             1.79217             0.39972           792.74555             3.68456             2.53521       3       1
   10000       2       2       1       1       6     487       6       6      15     281      21      26            23.33333             3.38095             2.33201             0.22114             1.83268             0.40883           808.77610             3.66204             2.47883       1       5
   10000       2       2       1       1       6     487       6       6      16     272      20      31            22.95000             3.40000             2.32030             0.22417             1.86295             0.40460           834.61186             3.67783             2.32902       3       3
   10000       2       2       1       1       6     487       6       6      17     266      19      25            22.73684             3.36842             2.30950             0.22543             1.87080             0.40760           839.01631             3.68087             2.24212       1       1
   10000       2       2       1       1       6     487       6       6      18     254      18      23            22.44444             3.33333             2.28534             0.23000             1.88166             0.40010           872.92664             3.71719             2.18133       5       1
   10000       2       2       1       1       6     487       6       6      19     245      17      20            22.58824             3.35294             2.29324             0.23040             1.88060             0.39748           873.15067             3.75279             2.14504       6       1
   10000       2       2       1       1       6     487       6       6      20     234      16      19            22.75000             3.31250             2.29751             0.22990             1.88304             0.41401           878.64601             3.72402             2.12444       1       4
   10000       2       2       1       1       6     487       6       6      21     218      15      32            22.53333             3.33333             2.28138             0.23134             1.91116             0.41243           877.34682             3.78013             2.07906       6       3
   10000       2       2       1       1       6     487       6       6      22     210      14      15            23.00000             3.28571             2.31418             0.22977             1.87740             0.42461           844.24431             3.74830             2.05824       2       3
   10000       2       2       1       1       6     487       6       6      23     203      13      10            24.00000             3.30769             2.35801             0.21806             1.89745             0.41923           785.11660             3.76337             2.09448       4       1
   10000       2       2       1       1       6     487       6       6      24     191      12      18            24.25000             3.33333             2.36972             0.21813             1.87366             0.42130           789.09426             3.70029             2.06885       1       6
   10000       2       2       1       1       6     487       6       6      25     187      11      11            25.54545             3.45455             2.39675             0.20199             1.93491             0.41303           752.07548             3.62836             2.02926       6       6
   10000       2       2       1       1       6     487       6       6      26     163      10      32            24.90000             3.50000             2.39288             0.20649             1.93958             0.41240           759.78519             3.61075             2.06904       2       1
   10000       2       2       1       1       6     487       6       6      27     154       9      22            26.11111             3.44444             2.45237             0.19976             1.98018             0.39582           729.05195             3.66665             2.00081       4       6
   10000       2       2       1       1       6     487       6       6      28     138       8      34            24.12500             3.37500             2.42530             0.21231             1.96472             0.38379           785.89492             3.69677             1.87006       4       3
   10000       2       2       1       1       6     487       6       6      29     127       7      25            23.85714             3.71429             2.38233             0.21069             2.03401             0.39529           797.97776             3.67811             1.62371       3       5
   10000       2       2       1       1       6     487       6       6      30     100       6      29            22.83333             3.83333             2.26171             0.20925             2.02445             0.35455           826.02451             3.61911             1.69258       3       2
   10000       2       2       1       1       6     487       6       6      31      90       5      18            23.00000             3.60000             2.28173             0.20797             1.97811             0.37187           789.99120             3.68311             1.49159       2       5
   10000       2       2       1       1       6     487       6       6      32      70       4      26            22.50000             3.50000             2.20573             0.20581             1.96263             0.36051           769.57664             3.72414             1.47142       6       4
   10000       2       2       1       1       6     487       6       6      33      56       3      20            23.33333             3.33333             2.32213             0.20907             1.88714             0.35788           721.94124             3.80655             1.39879       4       5
   10000       2       2       1       1       6     487       6       6      34      34       2      26            17.00000             3.50000             2.01832             0.26337             1.95833             0.34167           915.78700             4.08012             1.00000       3       6
   10000       2       2       1       1       6     487       6       6      35      12       1      21            12.00000             3.00000             1.75000             0.31818             1.72727             0.36364          1132.77971             4.70466             1.00000       5       3
   10000       2       2       1       1       6     487       6       6      36       0       0      12             0.00000             0.00000             0.00000             0.00000             0.00000             0.00000             0.00000             0.00000             0.00000       2       6
