   10000       2       1       2       2       5     509       6       6       0     509      36       0            22.55556             2.97222             2.25679             0.22020             1.60747             0.37073           901.40119             3.36120             2.56709       0       0
   10000       2       1       2       2       5     509       6       6       1     498      35      20            22.77143             3.00000             2.24917             0.21856             1.61149             0.36473           899.25828             3.36457             2.55042       1       3
   10000       2       1       2       2       5     509       6       6       2     488      34      19            22.76471             3.02941             2.25556             0.22243             1.62173             0.36741           924.21003             3.35575             2.49458       3       1
   10000       2       1       2       2       5     509       6       6       3     475      33      17            22.87879             3.03030             2.27704             0.22295             1.62844             0.35470           903.77431             3.38238             2.49852       1       4
   10000       2       1       2       2       5     509       6       6       4     465      32      19            22.93750             3.03125             2.26993             0.22215             1.63299             0.35660           903.46447             3.40274             2.48058       1       6
   10000       2       1       2       2       5     509       6       6       5     451      31      24            23.03226             3.03226             2.26534             0.22138             1.64860             0.35715           905.41878             3.39268             2.47079       6       3
   10000       2       1       2       2       5     509       6       6       6     437      30      23            22.93333             3.03333             2.26736             0.22353             1.64810             0.35206           910.29062             3.36989             2.43245       2       1
   10000       2       1       2       2       5     509       6       6       7     429      29      23            22.96552             3.03448             2.27512             0.22489             1.65198             0.35216           919.21799             3.37265             2.37253       6       5
   10000       2       1       2       2       5     509       6       6       8     412      28      25            22.57143             3.07143             2.29863             0.23122             1.65752             0.36513           935.62868             3.37519             2.29387       4       6
   10000       2       1       2       2       5     509       6       6       9     398      27      23            22.55556             3.03704             2.28506             0.22989             1.64315             0.34800           934.49525             3.39760             2.25012       2       3
   10000       2       1       2       2       5     509       6       6      10     391      26      18            22.57692             3.07692             2.28928             0.23083             1.63695             0.35248           942.65655             3.35528             2.20690       1       2
   10000       2       1       2       2       5     509       6       6      11     382      25      28            22.52000             3.08000             2.25666             0.22325             1.64572             0.34590           920.49557             3.34285             2.11048       5       4
   10000       2       1       2       2       5     509       6       6      12     361      24      21            22.66667             3.08333             2.30656             0.22464             1.64779             0.34610           909.60122             3.30721             2.15261       6       2
   10000       2       1       2       2       5     509       6       6      13     343      23      35            22.08696             3.08696             2.27727             0.22894             1.63411             0.34674           930.02778             3.32301             2.07370       5       1
   10000       2       1       2       2       5     509       6       6      14     329      22      21            22.09091             3.09091             2.25350             0.22446             1.63346             0.35333           937.49658             3.29939             2.07770       6       6
   10000       2       1       2       2       5     509       6       6      15     310      21      24            21.76190             3.09524             2.27592             0.23329             1.64915             0.35791           924.43221             3.34393             2.08222       1       5
   10000       2       1       2       2       5     509       6       6      16     297      20      24            21.80000             2.95000             2.23389             0.22676             1.61244             0.34351           937.63935             3.38057             2.01766       2       5
   10000       2       1       2       2       5     509       6       6      17     284      19      11            22.15789             2.94737             2.25575             0.22126             1.63063             0.33692           895.53746             3.39288             2.09578       4       1
   10000       2       1       2       2       5     509       6       6      18     272      18      27            21.72222             3.00000             2.22883             0.22938             1.64793             0.34378           940.38435             3.37946             2.05337       5       3
   10000       2       1       2       2       5     509       6       6      19     256      17      15            22.00000             3.00000             2.22105             0.22455             1.64526             0.34115           955.22230             3.28616             2.11327       1       1
   10000       2       1       2       2       5     509       6       6      20     236      16      31            21.18750             2.93750             2.21717             0.23212             1.63660             0.33723           982.93368             3.30709             2.09423       2       6
   10000       2       1       2       2       5     509       6       6      21     223      15      17            21.20000             3.00000             2.20034             0.23070             1.65704             0.33835           989.05104             3.27863             2.07899       2       2
   10000       2       1       2       2       5     509       6       6      22     212      14      28            20.57143             3.07143             2.20005             0.23883             1.69386             0.33739          1008.04818             3.28193             1.94140       3       5
   10000       2       1       2       2       5     509       6       6      23     202      13      17            20.92308             3.07692             2.12493             0.22638             1.71418             0.31542          1014.61247             3.27708             1.90858       5       6
   10000       2       1       2       2       5     509       6       6      24     183      12      25            20.25000             3.08333             2.08741             0.23521             1.68847             0.29931          1066.41252             3.32555             1.92652       2       4
   10000       2       1       2       2       5     509       6       6      25     163      11      33            18.63636             3.09091             2.01662             0.23399             1.64655             0.29312          1150.45738             3.38406             1.81126       4       5
   10000       2       1       2       2       5     509       6       6      26     140      10      23            18.20000             3.10000             1.99921             0.24441             1.65778             0.30425          1134.40613             3.36965             1.89238       6       4
   10000       2       1       2       2       5     509       6       6      27     122       9      24            18.11111             3.11111             1.96821             0.23676             1.68366             0.30228          1109.77003             3.28119             1.90863       5       2
   10000       2       1       2       2       5     509       6       6      28     106       8      16            18.37500             3.25000             1.94861             0.23094             1.71912             0.29840          1081.34975             3.28935             2.02221       6       1
   10000       2       1       2       2       5     509       6       6      29      93       7      15            18.85714             3.14286             1.96985             0.22720             1.66879             0.30021          1077.81898             3.29729             2.13423       3       6
   10000       2       1       2       2       5     509       6       6      30      78       6      16            19.33333             2.83333             1.98565             0.22340             1.62470             0.29469          1047.82497             3.28050             2.30338       5       5
