   10000       2       1       2      11       8     478       6       6       0     478      36       0            20.97222             2.94444             2.17468             0.22490             1.64555             0.34265           881.77583             3.80360             2.53724       0       0
   10000       2       1       2      11       8     478       6       6       1     462      35      25            20.82857             2.91429             2.17816             0.22659             1.64102             0.34451           892.46009             3.81927             2.49277       3       4
   10000       2       1       2      11       8     478       6       6       2     451      34      25            20.85294             2.91176             2.15580             0.22337             1.64217             0.33530           888.76809             3.80984             2.45740       2       2
   10000       2       1       2      11       8     478       6       6       3     449      33       7            21.57576             2.96970             2.19573             0.21914             1.64248             0.33579           855.26503             3.77175             2.39901       1       4
   10000       2       1       2      11       8     478       6       6       4     438      32      21            21.50000             3.00000             2.19727             0.22031             1.65619             0.33777           858.68299             3.77848             2.33444       5       4
   10000       2       1       2      11       8     478       6       6       5     427      31      16            21.90323             3.00000             2.22048             0.21852             1.64884             0.34023           840.64120             3.76693             2.35221       3       3
   10000       2       1       2      11       8     478       6       6       6     416      30      20            21.76667             3.00000             2.21321             0.21999             1.66509             0.33416           847.74267             3.79312             2.31469       2       3
   10000       2       1       2      11       8     478       6       6       7     406      29      23            21.79310             3.03448             2.21083             0.21923             1.66630             0.32551           841.40924             3.81368             2.26630       5       6
   10000       2       1       2      11       8     478       6       6       8     397      28      24            21.89286             3.03571             2.20225             0.21824             1.66038             0.32335           838.67346             3.83648             2.20051       4       2
   10000       2       1       2      11       8     478       6       6       9     379      27      22            22.00000             3.03704             2.24928             0.22088             1.65547             0.33176           833.49276             3.85825             2.22857       6       6
   10000       2       1       2      11       8     478       6       6      10     376      26      16            22.42308             3.03846             2.24702             0.21693             1.67298             0.33484           833.69180             3.84219             2.15565       3       6
   10000       2       1       2      11       8     478       6       6      11     365      25      16            22.56000             3.08000             2.27744             0.21747             1.65897             0.34272           820.42570             3.82426             2.13358       3       5
   10000       2       1       2      11       8     478       6       6      12     352      24      22            22.50000             3.08333             2.30387             0.22021             1.65866             0.33267           815.97647             3.85388             2.08258       6       5
   10000       2       1       2      11       8     478       6       6      13     332      23      23            22.34783             3.08696             2.32090             0.22477             1.66631             0.31775           831.83907             3.87864             2.08466       4       3
   10000       2       1       2      11       8     478       6       6      14     312      22      23            21.86364             3.00000             2.26587             0.22468             1.64750             0.30831           848.89413             3.91587             2.06826       1       6
   10000       2       1       2      11       8     478       6       6      15     305      21      19            21.80952             3.00000             2.29855             0.22813             1.63516             0.31898           863.79857             3.88437             1.98617       6       3
   10000       2       1       2      11       8     478       6       6      16     295      20      19            22.00000             2.95000             2.29432             0.22591             1.63295             0.32068           861.06153             3.89588             1.94764       6       1
   10000       2       1       2      11       8     478       6       6      17     278      19      18            22.15789             2.89474             2.31447             0.22471             1.62437             0.33505           843.78117             3.88460             1.99159       4       6
   10000       2       1       2      11       8     478       6       6      18     272      18      28            21.55556             3.00000             2.30759             0.23117             1.62551             0.32362           870.59725             3.94916             1.83845       2       5
   10000       2       1       2      11       8     478       6       6      19     260      17      18            21.35294             2.94118             2.30137             0.23202             1.60803             0.31289           893.65614             3.94398             1.74214       2       1
   10000       2       1       2      11       8     478       6       6      20     246      16      20            21.31250             2.93750             2.28607             0.23114             1.61243             0.30059           887.37170             4.01915             1.71802       4       4
   10000       2       1       2      11       8     478       6       6      21     232      15      18            21.46667             2.93333             2.26519             0.22634             1.61671             0.29736           869.91305             4.05208             1.73016       2       4
   10000       2       1       2      11       8     478       6       6      22     217      14      20            21.35714             2.85714             2.28132             0.23030             1.60314             0.30001           892.64335             3.99685             1.70813       1       3
   10000       2       1       2      11       8     478       6       6      23     209      13      14            21.38462             2.76923             2.29906             0.23230             1.59152             0.31087           896.05701             4.04328             1.56334       4       1
   10000       2       1       2      11       8     478       6       6      24     196      12      14            22.00000             2.75000             2.34109             0.22854             1.58953             0.30472           857.58904             3.98445             1.59924       2       6
   10000       2       1       2      11       8     478       6       6      25     177      11      19            22.18182             2.81818             2.33820             0.22591             1.61074             0.30294           849.71712             3.97466             1.63310       1       5
   10000       2       1       2      11       8     478       6       6      26     168      10      17            22.30000             2.90000             2.37105             0.22695             1.64192             0.32009           843.98680             3.95474             1.57220       3       1
   10000       2       1       2      11       8     478       6       6      27     159       9      16            23.00000             2.88889             2.42292             0.22329             1.66319             0.31608           819.33477             3.88625             1.51557       5       3
   10000       2       1       2      11       8     478       6       6      28     147       8      22            22.62500             2.87500             2.42556             0.23039             1.66880             0.30887           843.89310             3.90844             1.41713       4       5
   10000       2       1       2      11       8     478       6       6      29     138       7      16            23.14286             3.00000             2.49298             0.23253             1.70299             0.31243           779.80204             4.00876             1.30667       1       2
   10000       2       1       2      11       8     478       6       6      30     121       6      17            24.16667             3.00000             2.48854             0.21983             1.67432             0.30624           709.15410             4.07655             1.35779       1       1
