   10000       2       1       2       5       4     478       6       6       0     478      36       0            20.97222             2.94444             2.17468             0.22490             1.64555             0.34265           881.77585             3.80360             2.53724       0       0
   10000       2       1       2       5       4     478       6       6       1     462      35      27            21.02857             2.97143             2.16797             0.22351             1.65142             0.34368           877.48517             3.80146             2.53205       3       2
   10000       2       1       2       5       4     478       6       6       2     448      34      22            21.23529             3.00000             2.21374             0.22481             1.64634             0.34186           859.34442             3.82234             2.54752       5       6
   10000       2       1       2       5       4     478       6       6       3     437      33      19            21.48485             2.96970             2.21738             0.22256             1.63845             0.33842           843.30391             3.83633             2.54323       4       2
   10000       2       1       2       5       4     478       6       6       4     427      32      15            21.53125             2.93750             2.22465             0.22254             1.63031             0.33981           841.69512             3.83605             2.52808       4       1
   10000       2       1       2       5       4     478       6       6       5     424      31      15            21.74194             2.96774             2.22432             0.21984             1.64332             0.34145           843.42285             3.80592             2.45667       3       6
   10000       2       1       2       5       4     478       6       6       6     411      30      23            21.73333             3.00000             2.20909             0.21906             1.65165             0.33503           853.00294             3.77463             2.43180       1       5
   10000       2       1       2       5       4     478       6       6       7     403      29      13            21.96552             3.03448             2.26458             0.22116             1.65262             0.32781           853.84841             3.73536             2.38262       6       3
   10000       2       1       2       5       4     478       6       6       8     379      28      27            21.46429             3.03571             2.21596             0.22328             1.65192             0.32105           875.91216             3.78970             2.34383       2       5
   10000       2       1       2       5       4     478       6       6       9     362      27      22            21.40741             3.00000             2.20212             0.22391             1.65456             0.32024           890.43662             3.82246             2.32751       4       3
   10000       2       1       2       5       4     478       6       6      10     357      26       6            22.03846             3.03846             2.26461             0.22038             1.66307             0.32172           849.54051             3.78786             2.29156       1       4
   10000       2       1       2       5       4     478       6       6      11     343      25      22            22.00000             3.00000             2.24961             0.21893             1.64930             0.32208           843.07003             3.82031             2.25000       4       4
   10000       2       1       2       5       4     478       6       6      12     333      24      26            22.00000             3.00000             2.21939             0.21713             1.66579             0.30316           846.33292             3.83081             2.19483       5       4
   10000       2       1       2       5       4     478       6       6      13     316      23      20            21.82609             3.00000             2.23774             0.21958             1.65353             0.32391           839.65096             3.85154             2.16703       2       4
   10000       2       1       2       5       4     478       6       6      14     308      22      24            21.68182             3.09091             2.22471             0.22007             1.66934             0.31913           846.77730             3.88326             2.06028       2       3
   10000       2       1       2       5       4     478       6       6      15     299      21      15            21.80952             3.09524             2.24897             0.22117             1.65553             0.32151           835.16930             3.89686             2.03385       3       3
   10000       2       1       2       5       4     478       6       6      16     283      20      29            21.50000             3.05000             2.25699             0.22489             1.64790             0.34074           848.30759             3.92526             1.97983       5       2
   10000       2       1       2       5       4     478       6       6      17     276      19      15            21.73684             3.10526             2.24211             0.22052             1.66567             0.34547           834.83203             3.88390             1.92503       3       1
   10000       2       1       2       5       4     478       6       6      18     267      18      15            21.94444             3.22222             2.24719             0.21876             1.68016             0.35157           829.79443             3.93662             1.90946       1       6
   10000       2       1       2       5       4     478       6       6      19     256      17      27            21.29412             3.11765             2.22470             0.22512             1.69484             0.33548           866.20875             3.97461             1.76017       4       5
   10000       2       1       2       5       4     478       6       6      20     240      16      20            21.06250             3.18750             2.18549             0.22290             1.71408             0.33022           884.21313             3.98417             1.74320       5       5
   10000       2       1       2       5       4     478       6       6      21     229      15      20            20.80000             3.26667             2.19070             0.22735             1.73207             0.32319           913.85503             3.96018             1.64447       2       1
   10000       2       1       2       5       4     478       6       6      22     224      14      23            20.28571             3.21429             2.17626             0.23190             1.72187             0.31287           942.84991             3.96907             1.51272       6       1
   10000       2       1       2       5       4     478       6       6      23     206      13      24            19.61538             3.30769             2.15888             0.23830             1.77196             0.29839           987.68648             4.02854             1.46870       3       4
   10000       2       1       2       5       4     478       6       6      24     188      12      19            19.66667             3.16667             2.15019             0.23720             1.75180             0.30428          1001.85659             3.98195             1.49934       6       2
   10000       2       1       2       5       4     478       6       6      25     176      11      14            20.18182             3.09091             2.20280             0.23679             1.73623             0.31795           966.42947             3.97279             1.51939       3       5
   10000       2       1       2       5       4     478       6       6      26     157      10      17            20.30000             3.10000             2.16210             0.23040             1.73330             0.33393           955.31943             3.99019             1.57817       4       6
   10000       2       1       2       5       4     478       6       6      27     134       9      23            20.00000             3.11111             2.13158             0.23136             1.71377             0.32053           982.55640             3.97009             1.64241       5       1
   10000       2       1       2       5       4     478       6       6      28     123       8      13            20.87500             3.12500             2.19043             0.22609             1.74049             0.31893           943.95129             3.90408             1.67560       5       3
   10000       2       1       2       5       4     478       6       6      29     109       7      20            20.71429             3.14286             2.15855             0.22506             1.76005             0.29597           957.64936             3.90037             1.58006       2       2
   10000       2       1       2       5       4     478       6       6      30      95       6      14            21.83333             3.16667             2.21311             0.21606             1.75852             0.28120           891.11632             3.76164             1.67674       2       6
