   10000       2       1       2       6       7     535       6       6       0     535      36       0            22.11111             3.11111             2.31878             0.22761             1.62375             0.35631           910.11748             3.38373             2.28553       0       0
   10000       2       1       2       6       7     535       6       6       1     521      35      21            22.14286             3.11429             2.33422             0.22885             1.62976             0.35615           912.32996             3.36618             2.25021       4       2
   10000       2       1       2       6       7     535       6       6       2     505      34      25            22.38235             3.11765             2.33132             0.22694             1.63503             0.36148           907.45371             3.35276             2.26316       5       3
   10000       2       1       2       6       7     535       6       6       3     490      33      26            22.15152             3.09091             2.32174             0.22806             1.63220             0.36581           914.05470             3.36004             2.23527       6       3
   10000       2       1       2       6       7     535       6       6       4     487      32      10            22.56250             3.18750             2.34133             0.22258             1.64943             0.36071           873.25576             3.37103             2.19471       1       3
   10000       2       1       2       6       7     535       6       6       5     471      31      27            22.54839             3.19355             2.32500             0.22234             1.65116             0.35868           877.48591             3.34727             2.17677       2       6
   10000       2       1       2       6       7     535       6       6       6     456      30      27            22.90000             3.20000             2.30059             0.21698             1.64254             0.34824           860.86329             3.34224             2.15667       2       4
   10000       2       1       2       6       7     535       6       6       7     444      29      19            23.06897             3.20690             2.34654             0.21933             1.66000             0.34430           858.52181             3.32336             2.10349       5       5
   10000       2       1       2       6       7     535       6       6       8     433      28      25            22.92857             3.21429             2.32852             0.21952             1.65740             0.34581           863.43918             3.33814             2.06484       6       5
   10000       2       1       2       6       7     535       6       6       9     421      27      18            23.00000             3.18519             2.32933             0.21892             1.67108             0.34375           860.42520             3.34805             2.03437       1       1
   10000       2       1       2       6       7     535       6       6      10     408      26      19            22.88462             3.07692             2.32040             0.21890             1.65597             0.35415           870.66136             3.35909             2.01496       1       4
   10000       2       1       2       6       7     535       6       6      11     395      25      20            23.04000             3.08000             2.30991             0.21641             1.66458             0.35820           866.16448             3.36986             2.02177       6       6
   10000       2       1       2       6       7     535       6       6      12     380      24      25            22.87500             3.04167             2.28122             0.21555             1.65684             0.35197           870.11126             3.37433             1.99716       4       3
   10000       2       1       2       6       7     535       6       6      13     363      23      22            22.73913             3.04348             2.28032             0.21670             1.66724             0.35703           876.21817             3.38066             1.99109       3       6
   10000       2       1       2       6       7     535       6       6      14     348      22      18            23.09091             3.00000             2.28800             0.21286             1.65579             0.34993           852.24909             3.34098             2.00312       2       5
   10000       2       1       2       6       7     535       6       6      15     333      21      21            23.19048             3.00000             2.30914             0.21491             1.66130             0.35777           848.40562             3.33708             2.01870       6       4
   10000       2       1       2       6       7     535       6       6      16     323      20      24            23.25000             3.00000             2.37625             0.22119             1.66994             0.36426           849.57974             3.35776             1.93245       2       2
   10000       2       1       2       6       7     535       6       6      17     305      19      29            22.94737             3.00000             2.35107             0.22152             1.69112             0.35813           862.74563             3.35662             1.86576       6       2
   10000       2       1       2       6       7     535       6       6      18     289      18      20            22.94444             3.00000             2.38950             0.22521             1.68974             0.36218           872.08799             3.32739             1.88418       5       2
   10000       2       1       2       6       7     535       6       6      19     272      17      19            23.17647             3.00000             2.35801             0.21987             1.67047             0.35655           868.95024             3.32020             1.91232       1       2
   10000       2       1       2       6       7     535       6       6      20     256      16      19            23.37500             3.00000             2.35339             0.21744             1.67533             0.34399           860.37068             3.32595             1.92450       5       4
   10000       2       1       2       6       7     535       6       6      21     233      15      34            22.53333             3.06667             2.32139             0.22261             1.69167             0.32639           885.62092             3.36903             1.83436       3       4
   10000       2       1       2       6       7     535       6       6      22     227      14      13            23.00000             3.21429             2.31790             0.21599             1.74165             0.31301           891.55749             3.28994             1.81015       1       6
   10000       2       1       2       6       7     535       6       6      23     214      13      20            22.92308             3.23077             2.31594             0.21545             1.76769             0.31649           905.09596             3.29234             1.72539       4       1
   10000       2       1       2       6       7     535       6       6      24     196      12      18            23.33333             3.16667             2.34391             0.21411             1.74192             0.31836           856.02893             3.23524             1.78584       1       5
   10000       2       1       2       6       7     535       6       6      25     180      11      24            22.72727             3.18182             2.32762             0.22189             1.75122             0.32699           897.65939             3.21480             1.72911       5       1
   10000       2       1       2       6       7     535       6       6      26     163      10      24            22.10000             3.20000             2.28994             0.22556             1.74447             0.33243           924.12460             3.24405             1.65455       2       3
   10000       2       1       2       6       7     535       6       6      27     148       9      19            21.88889             3.22222             2.25009             0.22562             1.74706             0.31210           929.87029             3.30601             1.60656       2       1
   10000       2       1       2       6       7     535       6       6      28     133       8      20            22.50000             3.25000             2.21222             0.21586             1.75944             0.31350           882.64746             3.34344             1.61250       3       5
   10000       2       1       2       6       7     535       6       6      29     109       7      27            21.00000             3.00000             2.18678             0.22733             1.70605             0.31158           931.10975             3.42189             1.59762       5       6
   10000       2       1       2       6       7     535       6       6      30      97       6      12            22.16667             3.00000             2.27510             0.22081             1.70143             0.33319           927.57288             3.23017             1.66769       6       1
