   10000       2       1       2      10       2     535       6       6       0     535      36       0            22.11111             3.11111             2.31878             0.22761             1.62375             0.35631           910.11748             3.38373             2.28553       0       0
   10000       2       1       2      10       2     535       6       6       1     517      35      26            22.11429             3.14286             2.31159             0.22715             1.62210             0.35524           909.10544             3.38851             2.27051       2       3
   10000       2       1       2      10       2     535       6       6       2     505      34      20            22.26471             3.11765             2.34344             0.22852             1.61122             0.36048           901.89905             3.38990             2.27037       6       6
   10000       2       1       2      10       2     535       6       6       3     490      33      20            22.54545             3.09091             2.33962             0.22480             1.62166             0.36387           892.13412             3.36737             2.28384       1       4
   10000       2       1       2      10       2     535       6       6       4     479      32      24            22.62500             3.12500             2.31267             0.22184             1.62709             0.36185           891.96558             3.36545             2.24555       5       1
   10000       2       1       2      10       2     535       6       6       5     467      31      23            22.74194             3.09677             2.35748             0.22485             1.61947             0.37649           894.75110             3.36128             2.23581       5       2
   10000       2       1       2      10       2     535       6       6       6     452      30      24            22.76667             3.10000             2.36069             0.22516             1.62020             0.37918           899.68976             3.35007             2.20697       4       4
   10000       2       1       2      10       2     535       6       6       7     433      29      25            22.58621             3.06897             2.34619             0.22548             1.62113             0.37761           908.69947             3.35454             2.18743       3       6
   10000       2       1       2      10       2     535       6       6       8     418      28      23            22.60714             3.00000             2.32197             0.22429             1.62481             0.37046           910.60305             3.38717             2.15364       2       1
   10000       2       1       2      10       2     535       6       6       9     403      27      23            23.03704             2.96296             2.32822             0.22155             1.62096             0.36834           895.77785             3.38889             2.15436       4       3
   10000       2       1       2      10       2     535       6       6      10     393      26      15            23.30769             3.00000             2.33593             0.21985             1.62361             0.36798           900.60477             3.34244             2.15994       6       1
   10000       2       1       2      10       2     535       6       6      11     380      25      28            22.92000             3.04000             2.31838             0.23118             1.61943             0.37960           967.30614             3.33784             2.05586       1       2
   10000       2       1       2      10       2     535       6       6      12     361      24      25            23.16667             3.00000             2.33058             0.23159             1.60599             0.38568           968.36569             3.33577             2.05639       4       5
   10000       2       1       2      10       2     535       6       6      13     346      23      36            22.60870             2.91304             2.34242             0.23692             1.57879             0.39563           984.09486             3.36243             1.98024       3       2
   10000       2       1       2      10       2     535       6       6      14     327      22      26            22.36364             2.90909             2.33130             0.23892             1.58403             0.39385           996.51462             3.35323             1.96658       6       2
   10000       2       1       2      10       2     535       6       6      15     313      21      27            22.14286             2.90476             2.31934             0.24144             1.59536             0.39195          1008.11579             3.35500             1.89593       6       4
   10000       2       1       2      10       2     535       6       6      16     303      20      29            21.75000             2.90000             2.29026             0.24247             1.59042             0.39761          1018.17120             3.39075             1.76777       2       5
   10000       2       1       2      10       2     535       6       6      17     292      19      22            21.57895             2.89474             2.30186             0.24733             1.60034             0.39619          1041.60490             3.34693             1.71318       4       2
   10000       2       1       2      10       2     535       6       6      18     271      18      31            20.61111             2.72222             2.26101             0.25577             1.57232             0.40386          1087.08240             3.38555             1.63858       5       6
   10000       2       1       2      10       2     535       6       6      19     253      17      24            20.29412             2.70588             2.24922             0.26062             1.55886             0.41232          1106.68960             3.41378             1.62608       6       5
   10000       2       1       2      10       2     535       6       6      20     240      16      19            20.18750             2.75000             2.26079             0.26722             1.54018             0.41519          1115.13692             3.45502             1.60245       3       1
   10000       2       1       2      10       2     535       6       6      21     229      15      24            19.66667             2.73333             2.24097             0.27217             1.54681             0.40538          1146.36235             3.46166             1.48875       5       4
   10000       2       1       2      10       2     535       6       6      22     216      14      24            19.21429             2.71429             2.22023             0.27689             1.54917             0.38950          1170.25077             3.47060             1.44541       6       3
   10000       2       1       2      10       2     535       6       6      23     199      13      22            18.69231             2.76923             2.18805             0.28016             1.57566             0.39018          1181.95588             3.52359             1.39802       3       5
   10000       2       1       2      10       2     535       6       6      24     179      12      22            18.41667             2.75000             2.19299             0.28667             1.55189             0.39527          1207.71728             3.53718             1.40539       5       3
   10000       2       1       2      10       2     535       6       6      25     162      11      22            17.63636             2.81818             2.16097             0.29410             1.57704             0.37915          1245.18365             3.57265             1.34688       3       3
   10000       2       1       2      10       2     535       6       6      26     140      10      30            16.20000             2.80000             2.10245             0.30612             1.53437             0.37761          1310.83144             3.63737             1.30361       3       4
   10000       2       1       2      10       2     535       6       6      27     126       9      15            16.33333             2.77778             2.11383             0.30839             1.53025             0.40370          1337.04056             3.60268             1.32246       4       6
   10000       2       1       2      10       2     535       6       6      28     111       8      15            16.50000             2.75000             2.03639             0.29812             1.52510             0.39166          1357.64156             3.59435             1.36277       4       1
   10000       2       1       2      10       2     535       6       6      29     106       7      17            15.57143             2.85714             2.03028             0.31474             1.55263             0.40029          1505.74999             3.39583             1.05204       1       6
   10000       2       1       2      10       2     535       6       6      30      89       6      17            15.33333             3.00000             1.95877             0.31616             1.57807             0.36284          1596.99057             3.32954             1.06071       5       5
