   10000       2       2       2       8       9     487       6       6       0     487      36       0            20.66667             3.16667             2.25710             0.23799             1.67006             0.35268           950.26701             3.56068             2.38376       0       0
   10000       2       2       2       8       9     487       6       6       1     472      35      19            20.45714             3.14286             2.26003             0.24075             1.67701             0.35426           963.17272             3.55779             2.35784       1       6
   10000       2       2       2       8       9     487       6       6       2     459      34      22            21.41176             3.08824             2.34915             0.23867             1.68646             0.37467           903.92283             3.58584             2.49103       4       4
   10000       2       2       2       8       9     487       6       6       3     446      33      21            21.42424             3.12121             2.34219             0.23616             1.68998             0.37532           889.22458             3.58688             2.44945       6       4
   10000       2       2       2       8       9     487       6       6       4     438      32      21            22.25000             3.18750             2.35723             0.23001             1.72981             0.37227           864.07541             3.60218             2.44918       3       3
   10000       2       2       2       8       9     487       6       6       5     420      31      28            22.45161             3.16129             2.34478             0.22396             1.73325             0.36616           836.48690             3.61160             2.50288       5       5
   10000       2       2       2       8       9     487       6       6       6     404      30      18            22.63333             3.26667             2.32979             0.22162             1.75953             0.36275           836.77359             3.59638             2.53475       5       6
   10000       2       2       2       8       9     487       6       6       7     388      29      32            22.96552             3.31034             2.35350             0.22004             1.78082             0.37650           803.98051             3.60109             2.58520       4       2
   10000       2       2       2       8       9     487       6       6       8     376      28      19            23.10714             3.32143             2.36732             0.22053             1.80236             0.38220           788.72347             3.63593             2.58941       6       3
   10000       2       2       2       8       9     487       6       6       9     360      27      18            23.25926             3.29630             2.33112             0.21711             1.79358             0.37417           804.32489             3.62086             2.61170       3       1
   10000       2       2       2       8       9     487       6       6      10     349      26      19            23.19231             3.34615             2.32448             0.21827             1.80220             0.35763           825.70123             3.56308             2.53314       1       2
   10000       2       2       2       8       9     487       6       6      11     336      25      28            23.44000             3.44000             2.34374             0.21534             1.83063             0.35834           798.64613             3.58397             2.55879       5       1
   10000       2       2       2       8       9     487       6       6      12     321      24      27            23.04167             3.33333             2.31901             0.21726             1.81655             0.35193           808.45286             3.60743             2.47888       5       2
   10000       2       2       2       8       9     487       6       6      13     308      23      34            22.60870             3.34783             2.31915             0.22053             1.82521             0.35941           813.12655             3.62482             2.40235       2       1
   10000       2       2       2       8       9     487       6       6      14     304      22      14            22.95455             3.31818             2.33523             0.21793             1.81677             0.35659           802.62947             3.64455             2.36913       4       1
   10000       2       2       2       8       9     487       6       6      15     295      21      25            23.76190             3.23810             2.39121             0.21453             1.80463             0.38475           768.84808             3.65346             2.34060       3       5
   10000       2       2       2       8       9     487       6       6      16     286      20      23            24.55000             3.30000             2.39797             0.20797             1.84793             0.37362           746.04570             3.62555             2.33911       1       4
   10000       2       2       2       8       9     487       6       6      17     271      19      26            24.31579             3.36842             2.37600             0.20895             1.90122             0.38016           751.52351             3.64215             2.28381       2       3
   10000       2       2       2       8       9     487       6       6      18     262      18      24            24.16667             3.38889             2.38265             0.21089             1.92055             0.38212           751.11736             3.66907             2.18963       5       4
   10000       2       2       2       8       9     487       6       6      19     251      17      20            24.11765             3.47059             2.36280             0.20949             1.92388             0.37550           754.14781             3.69855             2.17356       6       1
   10000       2       2       2       8       9     487       6       6      20     236      16      21            24.31250             3.43750             2.36617             0.20825             1.91302             0.37125           750.09297             3.71568             2.19417       6       2
   10000       2       2       2       8       9     487       6       6      21     222      15      30            23.93333             3.40000             2.36816             0.21242             1.87771             0.38005           752.31935             3.75694             2.13516       2       5
   10000       2       2       2       8       9     487       6       6      22     205      14      28            23.28571             3.42857             2.37207             0.21964             1.87670             0.38706           779.14792             3.80040             2.11285       4       3
   10000       2       2       2       8       9     487       6       6      23     196      13      26            22.84615             3.46154             2.33481             0.22079             1.89279             0.39283           799.44149             3.82378             2.01648       2       2
   10000       2       2       2       8       9     487       6       6      24     186      12      26            22.33333             3.50000             2.29563             0.22241             1.93032             0.39985           827.31314             3.85560             1.92152       3       4
   10000       2       2       2       8       9     487       6       6      25     175      11      25            21.90909             3.54545             2.20879             0.21829             1.95771             0.36945           848.41392             3.94287             1.78376       4       6
   10000       2       2       2       8       9     487       6       6      26     160      10      29            21.20000             3.40000             2.20953             0.22690             1.85586             0.37996           883.45770             4.01157             1.65679       6       5
   10000       2       2       2       8       9     487       6       6      27     148       9      28            19.88889             3.55556             2.17371             0.23927             1.90573             0.39496           927.58156             4.11957             1.45463       3       6
   10000       2       2       2       8       9     487       6       6      28     140       8      14            20.62500             3.62500             2.19954             0.23170             1.95163             0.39625           922.27437             4.03594             1.38733       2       6
   10000       2       2       2       8       9     487       6       6      29     129       7      15            21.42857             3.42857             2.26615             0.22943             1.92432             0.42224           862.43629             4.07285             1.35983       1       3
   10000       2       2       2       8       9     487       6       6      30     113       6      19            21.83333             3.50000             2.29296             0.22868             1.95800             0.43706           865.55392             3.97475             1.35406       1       5
