   10000       2       2       2       8       7     465       6       6       0     465      36       0            20.86111             3.02778             2.26933             0.23432             1.65535             0.34821           866.06190             3.76657             2.53990       0       0
   10000       2       2       2       8       7     465       6       6       1     454      35      19            21.28571             3.00000             2.30989             0.23291             1.65597             0.34764           839.12401             3.76678             2.56110       2       5
   10000       2       2       2       8       7     465       6       6       2     438      34      24            21.41176             3.08824             2.31268             0.23284             1.69017             0.35640           824.91390             3.78033             2.58129       3       5
   10000       2       2       2       8       7     465       6       6       3     429      33      22            21.51515             3.03030             2.31704             0.23149             1.67272             0.35129           826.15607             3.75677             2.56795       6       1
   10000       2       2       2       8       7     465       6       6       4     414      32      23            21.96875             3.06250             2.36579             0.23342             1.67627             0.36817           808.75513             3.76776             2.62536       4       3
   10000       2       2       2       8       7     465       6       6       5     407      31      13            22.19355             3.06452             2.35934             0.22980             1.70781             0.37970           803.14095             3.77215             2.58068       4       2
   10000       2       2       2       8       7     465       6       6       6     401      30      18            22.96667             3.16667             2.38559             0.22358             1.73771             0.39177           773.52799             3.77335             2.59125       6       3
   10000       2       2       2       8       7     465       6       6       7     394      29      22            22.82759             3.17241             2.38902             0.22523             1.73985             0.39585           776.18967             3.77774             2.53832       6       2
   10000       2       2       2       8       7     465       6       6       8     386      28      19            23.39286             3.25000             2.42686             0.22326             1.76599             0.38797           753.32164             3.78193             2.56776       1       2
   10000       2       2       2       8       7     465       6       6       9     368      27      28            23.96296             3.18519             2.49420             0.22323             1.77304             0.41189           726.41240             3.84420             2.66300       5       5
   10000       2       2       2       8       7     465       6       6      10     358      26      26            23.84615             3.19231             2.48645             0.22378             1.77266             0.39665           730.45571             3.84432             2.63113       4       4
   10000       2       2       2       8       7     465       6       6      11     347      25      28            24.96000             3.16000             2.47769             0.21342             1.78617             0.41670           702.22296             3.86258             2.64342       2       3
   10000       2       2       2       8       7     465       6       6      12     341      24      23            25.04167             3.12500             2.47377             0.21256             1.77709             0.41362           698.01207             3.90246             2.58805       2       1
   10000       2       2       2       8       7     465       6       6      13     322      23      28            24.69565             3.17391             2.47195             0.21521             1.78094             0.42095           698.96169             3.93659             2.57625       1       3
   10000       2       2       2       8       7     465       6       6      14     312      22      19            25.04545             3.27273             2.47529             0.21316             1.81258             0.40696           687.49765             3.96795             2.56595       5       6
   10000       2       2       2       8       7     465       6       6      15     298      21      27            25.04762             3.38095             2.47319             0.21292             1.85229             0.40464           678.74756             3.99665             2.55533       2       6
   10000       2       2       2       8       7     465       6       6      16     291      20      27            25.05000             3.30000             2.45843             0.21177             1.87006             0.40597           682.55306             4.03688             2.46351       5       4
   10000       2       2       2       8       7     465       6       6      17     280      19      30            24.68421             3.26316             2.44487             0.21415             1.85787             0.40175           696.58977             4.03489             2.36192       6       4
   10000       2       2       2       8       7     465       6       6      18     268      18      34            24.66667             3.27778             2.41320             0.21173             1.85645             0.39418           693.12399             4.07580             2.28735       3       3
   10000       2       2       2       8       7     465       6       6      19     250      17      29            24.29412             3.29412             2.42717             0.21630             1.87939             0.40108           695.87069             4.17488             2.22608       1       4
   10000       2       2       2       8       7     465       6       6      20     230      16      29            23.93750             3.18750             2.39770             0.21606             1.88775             0.42828           702.48085             4.17542             2.15789       5       1
   10000       2       2       2       8       7     465       6       6      21     217      15      27            23.60000             3.33333             2.35188             0.21585             1.92319             0.40404           708.74096             4.22547             2.11098       3       1
   10000       2       2       2       8       7     465       6       6      22     203      14      30            22.50000             3.42857             2.33232             0.22323             1.98287             0.40033           745.32664             4.16812             1.98836       4       6
   10000       2       2       2       8       7     465       6       6      23     194      13      27            21.92308             3.46154             2.33447             0.22740             2.00910             0.39925           762.44881             4.19362             1.87589       2       2
   10000       2       2       2       8       7     465       6       6      24     180      12      25            21.66667             3.50000             2.33965             0.23062             2.00639             0.39780           767.40019             4.16340             1.80228       3       6
   10000       2       2       2       8       7     465       6       6      25     171      11      24            21.27273             3.45455             2.33306             0.23552             1.99349             0.39940           769.61977             4.16703             1.66083       6       5
   10000       2       2       2       8       7     465       6       6      26     160      10      20            21.00000             3.50000             2.29488             0.23661             2.03599             0.39372           777.68053             4.22052             1.57729       1       6
   10000       2       2       2       8       7     465       6       6      27     147       9      16            21.55556             3.55556             2.29793             0.22973             2.06221             0.40043           749.64951             4.20891             1.58900       1       5
   10000       2       2       2       8       7     465       6       6      28     136       8      22            21.25000             3.50000             2.27445             0.23130             2.05465             0.40314           761.49456             4.26991             1.48032       3       4
   10000       2       2       2       8       7     465       6       6      29     127       7      18            21.71429             3.42857             2.28985             0.22792             2.00363             0.40190           750.46351             4.22852             1.37476       4       1
   10000       2       2       2       8       7     465       6       6      30     115       6      26            21.50000             3.66667             2.29992             0.23180             2.03841             0.37802           747.96282             4.33079             1.26679       5       2
