   10000       2       1       1       1       7     496       6       6       0     496      36       0            21.13889             3.02778             2.22707             0.23049             1.59494             0.35798           936.79084             3.61014             2.41911       0       0
   10000       2       1       1       1       7     496       6       6       1     478      35      30            20.97143             2.94286             2.22577             0.23162             1.58354             0.36013           941.80496             3.60370             2.40431       4       2
   10000       2       1       1       1       7     496       6       6       2     471      34      10            21.29412             2.97059             2.25809             0.22933             1.58546             0.36436           929.22783             3.57443             2.39697       1       6
   10000       2       1       1       1       7     496       6       6       3     456      33      20            21.03030             2.96970             2.23645             0.23331             1.59930             0.35543           966.78593             3.57672             2.34869       6       4
   10000       2       1       1       1       7     496       6       6       4     440      32      27            20.96875             2.96875             2.22190             0.23249             1.60487             0.35858           969.49203             3.58959             2.32560       4       6
   10000       2       1       1       1       7     496       6       6       5     430      31      15            20.96774             3.03226             2.20678             0.23187             1.61276             0.34696           994.97883             3.60705             2.20934       3       3
   10000       2       1       1       1       7     496       6       6       6     421      30      16            21.33333             2.93333             2.21784             0.22740             1.58266             0.34667           977.71884             3.54340             2.25146       4       3
   10000       2       1       1       1       7     496       6       6       7     415      29      16            21.44828             2.93103             2.23403             0.22736             1.56021             0.34512           976.77293             3.53984             2.19779       4       5
   10000       2       1       1       1       7     496       6       6       8     401      28      26            21.21429             2.96429             2.21143             0.22848             1.56458             0.33824           987.80491             3.56496             2.16333       3       6
   10000       2       1       1       1       7     496       6       6       9     386      27      20            21.03704             3.00000             2.20562             0.22984             1.56062             0.34877           999.23514             3.55916             2.13676       1       5
   10000       2       1       1       1       7     496       6       6      10     365      26      28            20.76923             2.96154             2.17671             0.23314             1.55770             0.34429          1037.35758             3.57557             2.11483       1       1
   10000       2       1       1       1       7     496       6       6      11     355      25      17            21.36000             3.00000             2.20913             0.22568             1.56081             0.34469           954.34576             3.56638             2.16651       3       2
   10000       2       1       1       1       7     496       6       6      12     342      24      20            21.33333             2.91667             2.18683             0.22740             1.54685             0.34067           981.63144             3.56461             2.09751       5       3
   10000       2       1       1       1       7     496       6       6      13     323      23      22            21.04348             3.00000             2.20225             0.23287             1.55754             0.35729           992.19059             3.62093             2.07070       5       1
   10000       2       1       1       1       7     496       6       6      14     315      22      12            21.40909             3.00000             2.20642             0.22665             1.57763             0.35653           938.13879             3.57938             2.06632       5       2
   10000       2       1       1       1       7     496       6       6      15     311      21       9            22.04762             3.09524             2.24899             0.21774             1.59859             0.35274           916.48893             3.50526             2.03825       6       3
   10000       2       1       1       1       7     496       6       6      16     293      20      27            21.30000             2.95000             2.19809             0.22451             1.59201             0.36481           994.27320             3.49700             1.98293       3       1
   10000       2       1       1       1       7     496       6       6      17     279      19      25            21.52632             3.00000             2.19139             0.22399             1.59954             0.34474          1001.48057             3.53403             1.96616       1       3
   10000       2       1       1       1       7     496       6       6      18     266      18      27            21.22222             3.00000             2.21687             0.23105             1.59135             0.34302          1033.95836             3.52648             1.85704       5       5
   10000       2       1       1       1       7     496       6       6      19     260      17       9            22.00000             2.94118             2.27044             0.22318             1.59727             0.34657           930.91698             3.56309             1.84132       2       1
   10000       2       1       1       1       7     496       6       6      20     246      16      21            21.93750             2.93750             2.30664             0.22663             1.57246             0.36651           910.35077             3.55079             1.79340       2       3
   10000       2       1       1       1       7     496       6       6      21     238      15      18            21.80000             2.93333             2.29696             0.22676             1.56789             0.37355           899.06739             3.60101             1.74360       1       2
   10000       2       1       1       1       7     496       6       6      22     221      14      19            22.21429             2.85714             2.30711             0.22408             1.56440             0.37705           877.62128             3.61539             1.79153       2       6
   10000       2       1       1       1       7     496       6       6      23     209      13      19            22.46154             2.92308             2.29486             0.22018             1.60508             0.37530           845.57178             3.66181             1.76960       5       4
   10000       2       1       1       1       7     496       6       6      24     194      12      15            22.41667             3.00000             2.32380             0.22103             1.60428             0.36278           812.96946             3.69573             1.74635       1       4
   10000       2       1       1       1       7     496       6       6      25     185      11      24            21.90909             3.09091             2.23552             0.21834             1.62982             0.34610           841.44330             3.74026             1.62227       6       6
   10000       2       1       1       1       7     496       6       6      26     168      10      17            22.40000             3.00000             2.24142             0.21296             1.59905             0.34321           810.79910             3.81966             1.68450       4       1
   10000       2       1       1       1       7     496       6       6      27     153       9      16            23.11111             3.00000             2.27519             0.20792             1.60635             0.32209           754.70795             3.87962             1.74759       5       6
   10000       2       1       1       1       7     496       6       6      28     131       8      26            22.00000             3.00000             2.24911             0.21451             1.60811             0.30585           793.78619             3.92379             1.73542       4       4
   10000       2       1       1       1       7     496       6       6      29     108       7      23            21.85714             2.85714             2.19681             0.21109             1.54776             0.30511           776.02280             4.04600             1.84049       2       2
   10000       2       1       1       1       7     496       6       6      30      87       6      21            22.00000             2.83333             2.20620             0.21064             1.53905             0.28096           738.31148             4.18838             1.98057       6       5
   10000       2       1       1       1       7     496       6       6      31      77       5      20            22.00000             2.60000             2.34478             0.22472             1.50070             0.30980           740.29186             4.31659             1.71289       3       4
   10000       2       1       1       1       7     496       6       6      32      63       4      20            22.50000             2.25000             2.48940             0.23294             1.45654             0.33163           669.96158             4.47260             1.63201       3       5
   10000       2       1       1       1       7     496       6       6      33      48       3      21            20.33333             2.33333             2.31492             0.25032             1.53340             0.33135           859.54644             3.88377             1.39722       2       5
   10000       2       1       1       1       7     496       6       6      34      37       2      21            18.50000             2.50000             2.33788             0.27662             1.52381             0.33333           967.41586             4.11137             1.00000       6       1
   10000       2       1       1       1       7     496       6       6      35      22       1      15            22.00000             3.00000             2.45455             0.23377             1.61905             0.38095          1019.53005             3.26768             1.00000       2       4
   10000       2       1       1       1       7     496       6       6      36       0       0      22             0.00000             0.00000             0.00000             0.00000             0.00000             0.00000             0.00000             0.00000             0.00000       6       2
