   10000       2       1       2       7       1     508       6       6       0     508      36       0            20.91667             3.02778             2.17896             0.23201             1.65907             0.34872           966.72845             3.87881             2.34215       0       0
   10000       2       1       2       7       1     508       6       6       1     491      35      29            20.51429             3.05714             2.17358             0.23545             1.66246             0.34853           981.45635             3.87585             2.28601       6       2
   10000       2       1       2       7       1     508       6       6       2     469      34      28            20.23529             2.97059             2.17591             0.24049             1.65171             0.35208          1010.08747             3.87658             2.27808       1       5
   10000       2       1       2       7       1     508       6       6       3     456      33      18            20.21212             2.90909             2.14762             0.23949             1.62401             0.34042          1009.11280             3.90533             2.23614       4       6
   10000       2       1       2       7       1     508       6       6       4     451      32       9            20.68750             2.93750             2.18617             0.23902             1.63192             0.33374          1035.35697             3.75388             2.23112       4       1
   10000       2       1       2       7       1     508       6       6       5     430      31      27            20.51613             2.93548             2.18795             0.24850             1.62981             0.33821          1078.08458             3.75036             2.22718       3       2
   10000       2       1       2       7       1     508       6       6       6     415      30      28            20.10000             2.96667             2.15556             0.25054             1.63604             0.33329          1100.17664             3.71055             2.18745       5       1
   10000       2       1       2       7       1     508       6       6       7     400      29      25            19.93103             2.96552             2.16958             0.25494             1.63863             0.33713          1125.41833             3.69830             2.12831       1       3
   10000       2       1       2       7       1     508       6       6       8     382      28      22            20.17857             3.00000             2.18322             0.25653             1.65635             0.33966          1136.54608             3.69745             2.15277       5       4
   10000       2       1       2       7       1     508       6       6       9     369      27      20            20.14815             3.00000             2.16412             0.25595             1.65890             0.34841          1154.95346             3.68884             2.13275       6       6
   10000       2       1       2       7       1     508       6       6      10     355      26      29            20.23077             2.96154             2.14977             0.25374             1.65287             0.34774          1150.78406             3.68300             2.10308       4       3
   10000       2       1       2       7       1     508       6       6      11     336      25      20            20.08000             3.04000             2.15225             0.25368             1.67446             0.33239          1107.55820             3.65465             2.12762       4       2
   10000       2       1       2       7       1     508       6       6      12     320      24      26            20.12500             3.00000             2.15441             0.25294             1.66964             0.33533          1094.04456             3.66457             2.09303       3       5
   10000       2       1       2       7       1     508       6       6      13     303      23      24            20.04348             2.91304             2.17285             0.24930             1.64948             0.33736          1053.28850             3.66783             2.07331       2       2
   10000       2       1       2       7       1     508       6       6      14     295      22      21            19.90909             2.86364             2.14363             0.24631             1.65891             0.33497          1041.32263             3.69179             2.02050       6       4
   10000       2       1       2       7       1     508       6       6      15     284      21      25            19.47619             2.85714             2.14073             0.25044             1.65534             0.32827          1058.82224             3.68718             1.97466       5       3
   10000       2       1       2       7       1     508       6       6      16     264      20      20            19.40000             2.80000             2.10475             0.24860             1.64619             0.33489          1059.87446             3.74404             2.02106       6       3
   10000       2       1       2       7       1     508       6       6      17     249      19      15            19.63158             2.78947             2.10821             0.24623             1.66892             0.33372          1063.35048             3.70479             2.07480       5       2
   10000       2       1       2       7       1     508       6       6      18     240      18      18            19.55556             2.77778             2.11978             0.24951             1.65252             0.34095          1070.56853             3.68298             1.97864       4       4
   10000       2       1       2       7       1     508       6       6      19     231      17      27            19.11765             2.76471             2.07019             0.24914             1.64027             0.29726          1131.69024             3.70282             1.82564       2       4
   10000       2       1       2       7       1     508       6       6      20     226      16       7            20.12500             2.87500             2.14201             0.24272             1.70275             0.31342           969.01116             3.69199             1.79895       2       5
   10000       2       1       2       7       1     508       6       6      21     219      15      11            20.53333             3.00000             2.15100             0.23556             1.71118             0.29929           919.70703             3.73602             1.74468       2       3
   10000       2       1       2       7       1     508       6       6      22     199      14      20            20.50000             2.92857             2.12042             0.23375             1.71612             0.30331           906.90057             3.78040             1.79287       1       4
   10000       2       1       2       7       1     508       6       6      23     181      13      25            20.07692             2.84615             2.07477             0.23336             1.69769             0.29463           913.45974             3.81043             1.80975       6       5
   10000       2       1       2       7       1     508       6       6      24     166      12      22            19.50000             2.83333             1.99232             0.26107             1.66100             0.28949          1295.31059             3.95140             1.62438       2       1
   10000       2       1       2       7       1     508       6       6      25     163      11       3            21.00000             3.00000             2.10060             0.22305             1.72266             0.31580           835.58539             3.77159             1.68114       3       1
   10000       2       1       2       7       1     508       6       6      26     148      10      15            21.60000             3.00000             2.09733             0.21488             1.72350             0.29024           816.72875             3.76957             1.74925       6       1
   10000       2       1       2       7       1     508       6       6      27     131       9      20            21.22222             3.22222             2.06305             0.21339             1.75704             0.28090           826.62201             3.80648             1.70137       3       6
   10000       2       1       2       7       1     508       6       6      28     122       8      15            21.50000             3.12500             2.05029             0.21030             1.70852             0.26988           864.38799             3.73745             1.62164       1       6
   10000       2       1       2       7       1     508       6       6      29     109       7      13            22.71429             3.14286             2.08611             0.19794             1.72640             0.28463           784.51695             3.73720             1.71044       2       6
   10000       2       1       2       7       1     508       6       6      30      95       6      20            22.33333             3.16667             2.12065             0.20254             1.72689             0.28424           822.15317             3.58728             1.62069       4       5
