   10000       2       2       2      12       7     523       6       6       0     523      36       0            22.19444             3.02778             2.32437             0.22473             1.62973             0.34372           814.90620             3.76329             2.41033       0       0
   10000       2       2       2      12       7     523       6       6       1     513      35      21            22.60000             3.05714             2.33712             0.22282             1.64950             0.34987           796.46744             3.77475             2.42312       1       2
   10000       2       2       2      12       7     523       6       6       2     501      34      25            23.17647             3.05882             2.37398             0.22066             1.64717             0.33816           779.29908             3.76847             2.48023       1       5
   10000       2       2       2      12       7     523       6       6       3     486      33      23            23.06061             3.15152             2.36121             0.22088             1.66062             0.34602           779.47281             3.80159             2.42190       3       5
   10000       2       2       2      12       7     523       6       6       4     474      32      17            23.37500             3.18750             2.37690             0.21856             1.67185             0.35389           764.82965             3.82152             2.42638       3       3
   10000       2       2       2      12       7     523       6       6       5     461      31      22            23.93548             3.29032             2.38123             0.21379             1.69221             0.36977           750.11014             3.81255             2.43201       4       4
   10000       2       2       2      12       7     523       6       6       6     452      30      23            23.90000             3.20000             2.37948             0.21444             1.68782             0.38691           753.20642             3.80110             2.37688       2       6
   10000       2       2       2      12       7     523       6       6       7     441      29      26            24.06897             3.17241             2.42727             0.21608             1.70344             0.38449           743.17353             3.79248             2.30696       4       2
   10000       2       2       2      12       7     523       6       6       8     422      28      27            24.07143             3.14286             2.41312             0.21506             1.70748             0.37510           743.73779             3.78176             2.31683       2       5
   10000       2       2       2      12       7     523       6       6       9     402      27      29            24.25926             3.18519             2.41974             0.21408             1.70729             0.38681           738.00757             3.79299             2.36827       5       3
   10000       2       2       2      12       7     523       6       6      10     393      26      20            24.19231             3.19231             2.41107             0.21471             1.70482             0.37524           748.54558             3.80881             2.28582       3       2
   10000       2       2       2      12       7     523       6       6      11     383      25      30            23.92000             3.16000             2.39021             0.21509             1.68935             0.37022           753.03594             3.80563             2.22671       3       4
   10000       2       2       2      12       7     523       6       6      12     373      24      32            24.58333             3.20833             2.41707             0.21044             1.69643             0.38167           713.54236             3.83287             2.20603       2       1
   10000       2       2       2      12       7     523       6       6      13     355      23      27            24.39130             3.17391             2.39745             0.21060             1.69479             0.37679           712.07389             3.86564             2.20091       1       1
   10000       2       2       2      12       7     523       6       6      14     341      22      27            23.95455             3.22727             2.37097             0.21255             1.71695             0.37266           730.36317             3.82609             2.14221       1       4
   10000       2       2       2      12       7     523       6       6      15     330      21      24            24.14286             3.33333             2.39351             0.21268             1.73714             0.37943           727.61047             3.84145             2.09784       4       1
   10000       2       2       2      12       7     523       6       6      16     315      20      17            24.40000             3.30000             2.40704             0.21167             1.73081             0.38755           718.02942             3.82879             2.13659       1       6
   10000       2       2       2      12       7     523       6       6      17     307      19      30            24.52632             3.10526             2.42494             0.21155             1.68683             0.39243           707.63638             3.83988             2.06534       5       1
   10000       2       2       2      12       7     523       6       6      18     284      18      25            24.55556             3.05556             2.46670             0.21423             1.71510             0.38137           705.64031             3.85083             2.11027       4       6
   10000       2       2       2      12       7     523       6       6      19     261      17      25            24.00000             3.05882             2.42203             0.21567             1.72656             0.39277           716.18469             3.90888             2.12194       1       3
   10000       2       2       2      12       7     523       6       6      20     250      16      24            24.00000             3.06250             2.42817             0.21655             1.72849             0.39558           711.05834             3.89995             2.07648       4       3
   10000       2       2       2      12       7     523       6       6      21     239      15      24            23.86667             3.00000             2.39806             0.21522             1.71628             0.38317           721.39322             3.90539             2.03558       3       1
   10000       2       2       2      12       7     523       6       6      22     224      14      30            24.21429             3.14286             2.45038             0.21580             1.77576             0.40285           712.22312             3.90725             2.02426       6       3
   10000       2       2       2      12       7     523       6       6      23     215      13      18            24.15385             3.15385             2.44561             0.21866             1.79834             0.43952           717.63554             3.95048             1.86772       6       6
   10000       2       2       2      12       7     523       6       6      24     198      12      23            23.83333             3.25000             2.45608             0.22232             1.81809             0.45199           733.42167             3.98804             1.84405       2       4
   10000       2       2       2      12       7     523       6       6      25     185      11      23            23.72727             3.27273             2.45413             0.22422             1.80619             0.45124           725.59320             4.01932             1.83223       2       3
   10000       2       2       2      12       7     523       6       6      26     168      10      31            24.20000             3.40000             2.42691             0.21675             1.88078             0.49124           688.60208             4.08439             1.89542       5       4
   10000       2       2       2      12       7     523       6       6      27     154       9      22            24.33333             3.44444             2.44588             0.21775             1.85191             0.47994           696.93172             4.01357             1.87020       3       6
   10000       2       2       2      12       7     523       6       6      28     139       8      36            23.50000             3.37500             2.45399             0.22224             1.85580             0.43439           691.41001             4.09489             1.63433       5       5
   10000       2       2       2      12       7     523       6       6      29     129       7      21            23.85714             3.42857             2.49233             0.22224             1.92146             0.44480           698.23821             4.05028             1.50347       5       2
   10000       2       2       2      12       7     523       6       6      30     119       6      15            25.16667             3.50000             2.60207             0.21673             1.90811             0.46066           651.36703             3.90926             1.48211       5       6
