   10000       2       1       2       1       2     467       6       6       0     467      36       0            20.41667             3.19444             2.11294             0.23015             1.72272             0.31714           954.81477             3.61434             2.49732       0       0
   10000       2       1       2       1       2     467       6       6       1     457      35      14            20.48571             3.17143             2.10155             0.22837             1.72611             0.30826           956.88350             3.58872             2.47960       6       6
   10000       2       1       2       1       2     467       6       6       2     448      34      20            20.55882             3.17647             2.10163             0.23022             1.72124             0.31200           960.77180             3.60269             2.44587       4       6
   10000       2       1       2       1       2     467       6       6       3     433      33      29            20.30303             3.18182             2.11074             0.23395             1.72257             0.31277           974.81182             3.60184             2.40559       5       1
   10000       2       1       2       1       2     467       6       6       4     421      32      19            20.81250             3.12500             2.13868             0.23057             1.71450             0.32120           944.13861             3.62881             2.45872       5       4
   10000       2       1       2       1       2     467       6       6       5     407      31      29            20.45161             3.09677             2.13388             0.23509             1.71113             0.32480           965.20540             3.63062             2.41913       6       2
   10000       2       1       2       1       2     467       6       6       6     389      30      26            20.20000             3.00000             2.08684             0.23791             1.68417             0.31251          1062.62901             3.64141             2.40076       1       5
   10000       2       1       2       1       2     467       6       6       7     373      29      31            19.86207             3.00000             2.09235             0.24188             1.68857             0.31933          1075.22426             3.63393             2.36857       5       5
   10000       2       1       2       1       2     467       6       6       8     356      28      23            19.42857             3.03571             2.06282             0.24497             1.68348             0.31863          1108.96716             3.64714             2.32527       5       2
   10000       2       1       2       1       2     467       6       6       9     345      27      23            19.40741             3.00000             2.03643             0.24399             1.67455             0.32813          1121.33807             3.64883             2.29563       3       1
   10000       2       1       2       1       2     467       6       6      10     330      26      14            19.61538             2.96154             2.05065             0.24330             1.67867             0.33276          1111.46289             3.64469             2.34855       6       1
   10000       2       1       2       1       2     467       6       6      11     312      25      27            19.28000             3.04000             2.02691             0.24458             1.71142             0.32578          1142.39325             3.59922             2.32516       6       4
   10000       2       1       2       1       2     467       6       6      12     301      24      10            19.66667             2.91667             2.06242             0.24301             1.69045             0.33378          1134.01603             3.56447             2.38742       6       5
   10000       2       1       2       1       2     467       6       6      13     299      23       5            20.39130             3.00000             2.09190             0.22552             1.71929             0.33781           955.76779             3.57768             2.37530       1       6
   10000       2       1       2       1       2     467       6       6      14     288      22      12            20.77273             3.00000             2.10858             0.22091             1.72778             0.34835           921.30038             3.58834             2.42488       5       6
   10000       2       1       2       1       2     467       6       6      15     282      21      13            21.04762             3.04762             2.10218             0.21575             1.73658             0.33030           909.73514             3.57970             2.40435       4       1
   10000       2       1       2       1       2     467       6       6      16     272      20      17            21.30000             3.00000             2.12539             0.21339             1.72516             0.32883           885.79569             3.56924             2.34914       3       4
   10000       2       1       2       1       2     467       6       6      17     259      19      21            21.52632             2.94737             2.12914             0.21155             1.72871             0.33283           875.26599             3.57619             2.35514       3       6
   10000       2       1       2       1       2     467       6       6      18     243      18      22            21.72222             2.94444             2.15324             0.21187             1.69265             0.34919           869.59958             3.55371             2.39143       4       2
   10000       2       1       2       1       2     467       6       6      19     227      17      24            21.41176             2.88235             2.17084             0.21656             1.69964             0.36185           876.82611             3.59165             2.37010       3       5
   10000       2       1       2       1       2     467       6       6      20     207      16      22            21.00000             2.93750             2.13029             0.21680             1.71116             0.34798           897.13894             3.60857             2.40166       4       5
   10000       2       1       2       1       2     467       6       6      21     194      15      21            20.93333             3.00000             2.11989             0.21526             1.73270             0.32126           897.85565             3.59544             2.35960       3       2
   10000       2       1       2       1       2     467       6       6      22     177      14      24            20.28571             3.07143             2.10276             0.22131             1.73094             0.34442           936.81988             3.56596             2.29196       3       3
   10000       2       1       2       1       2     467       6       6      23     169      13      20            20.15385             3.23077             2.07526             0.22003             1.78180             0.35066           933.81046             3.60271             2.21316       5       3
   10000       2       1       2       1       2     467       6       6      24     153      12      19            19.91667             3.25000             2.03638             0.22146             1.77518             0.34454           964.05786             3.60242             2.24443       2       6
   10000       2       1       2       1       2     467       6       6      25     138      11      21            19.45455             3.18182             1.96957             0.22154             1.78302             0.34503          1002.42000             3.61216             2.25202       4       4
   10000       2       1       2       1       2     467       6       6      26     124      10      17            19.30000             3.10000             1.94972             0.22031             1.74058             0.34812           967.48223             3.76128             2.27259       2       5
   10000       2       1       2       1       2     467       6       6      27     106       9      26            18.00000             3.00000             1.93623             0.23669             1.69972             0.33396          1022.09616             3.86289             2.16656       1       4
   10000       2       1       2       1       2     467       6       6      28      94       8      15            17.75000             3.00000             1.89497             0.23510             1.67958             0.34493          1057.41183             3.65070             2.17041       2       4
   10000       2       1       2       1       2     467       6       6      29      83       7      11            18.71429             2.85714             1.93797             0.22381             1.57542             0.34355           994.11610             3.69423             2.33761       4       3
   10000       2       1       2       1       2     467       6       6      30      65       6      18            18.83333             3.00000             1.95541             0.22516             1.61251             0.33219           987.04307             3.72723             2.56055       6       3
