   10000       2       2       2      11       9     509       6       6       0     509      36       0            22.55556             2.97222             2.25679             0.22020             1.60747             0.37073           901.40110             3.36120             2.56709       0       0
   10000       2       2       2      11       9     509       6       6       1     501      35      17            23.00000             3.02857             2.29844             0.21952             1.61731             0.38078           884.74741             3.32035             2.54018       3       2
   10000       2       2       2      11       9     509       6       6       2     490      34      17            23.00000             3.05882             2.28621             0.21878             1.62919             0.37084           900.04627             3.25659             2.53549       1       1
   10000       2       2       2      11       9     509       6       6       3     479      33      22            22.84848             3.00000             2.30968             0.22353             1.62010             0.38042           911.67196             3.24231             2.46597       2       1
   10000       2       2       2      11       9     509       6       6       4     465      32      24            23.34375             3.03125             2.29509             0.21424             1.64113             0.37160           878.57090             3.24982             2.51120       3       4
   10000       2       2       2      11       9     509       6       6       5     448      31      25            23.25806             3.06452             2.28614             0.21400             1.64753             0.37246           878.35273             3.24696             2.48273       3       5
   10000       2       2       2      11       9     509       6       6       6     430      30      20            23.60000             3.06667             2.30132             0.21156             1.64438             0.36907           868.25914             3.27584             2.52775       1       3
   10000       2       2       2      11       9     509       6       6       7     417      29      21            24.31034             3.17241             2.33744             0.20905             1.67614             0.37908           846.61988             3.28239             2.57860       6       2
   10000       2       2       2      11       9     509       6       6       8     402      28      26            24.03571             3.14286             2.30817             0.21054             1.66168             0.37642           870.00800             3.28528             2.53121       2       2
   10000       2       2       2      11       9     509       6       6       9     387      27      31            24.37037             3.14815             2.32460             0.20898             1.67884             0.36633           850.91919             3.29700             2.53597       2       4
   10000       2       2       2      11       9     509       6       6      10     369      26      22            24.61538             3.15385             2.34997             0.21002             1.70441             0.37838           855.19065             3.29001             2.56296       6       5
   10000       2       2       2      11       9     509       6       6      11     352      25      25            24.44000             3.28000             2.33116             0.21135             1.77131             0.37676           862.68209             3.33497             2.56419       4       6
   10000       2       2       2      11       9     509       6       6      12     341      24      26            24.12500             3.33333             2.28754             0.21133             1.78640             0.38328           868.79797             3.33863             2.49804       2       3
   10000       2       2       2      11       9     509       6       6      13     326      23      26            24.13043             3.34783             2.27454             0.20807             1.81927             0.39019           856.64848             3.31878             2.50734       6       3
   10000       2       2       2      11       9     509       6       6      14     317      22      24            24.18182             3.22727             2.26667             0.20756             1.81615             0.38922           856.41985             3.31347             2.45866       6       6
   10000       2       2       2      11       9     509       6       6      15     303      21      19            24.23810             3.33333             2.26518             0.20756             1.87962             0.39509           851.26515             3.32369             2.45677       6       1
   10000       2       2       2      11       9     509       6       6      16     293      20      18            24.35000             3.35000             2.26351             0.20634             1.91651             0.39673           862.24657             3.29978             2.39796       5       6
   10000       2       2       2      11       9     509       6       6      17     283      19      21            25.31579             3.26316             2.33514             0.20555             1.86008             0.41040           824.30755             3.33157             2.38380       4       4
   10000       2       2       2      11       9     509       6       6      18     274      18      16            25.72222             3.27778             2.35396             0.20495             1.87968             0.41601           814.73348             3.29118             2.37377       3       1
   10000       2       2       2      11       9     509       6       6      19     266      17      15            25.94118             3.23529             2.37465             0.20183             1.88518             0.42508           781.23931             3.30926             2.31266       1       4
   10000       2       2       2      11       9     509       6       6      20     254      16      15            26.62500             3.25000             2.39982             0.19720             1.90404             0.42189           763.04603             3.25762             2.36043       1       2
   10000       2       2       2      11       9     509       6       6      21     238      15      27            27.46667             3.26667             2.43097             0.19360             1.90977             0.42865           737.63585             3.28866             2.41261       2       5
   10000       2       2       2      11       9     509       6       6      22     229      14      23            27.28571             3.28571             2.42468             0.19338             1.92365             0.41615           733.52170             3.33533             2.31390       1       6
   10000       2       2       2      11       9     509       6       6      23     221      13      20            28.15385             3.30769             2.49364             0.19003             1.88739             0.43774           724.21850             3.32688             2.23841       4       3
   10000       2       2       2      11       9     509       6       6      24     213      12      24            28.66667             3.33333             2.47772             0.18504             1.86353             0.43687           708.88872             3.33635             2.14387       5       5
   10000       2       2       2      11       9     509       6       6      25     202      11      28            28.90909             3.36364             2.50843             0.18527             1.94436             0.42329           724.92467             3.32873             2.04347       5       2
   10000       2       2       2      11       9     509       6       6      26     190      10      28            28.70000             3.40000             2.52670             0.18960             1.95504             0.42998           725.16191             3.36300             1.83639       4       2
   10000       2       2       2      11       9     509       6       6      27     179       9      23            28.88889             3.33333             2.53596             0.18708             1.93973             0.46449           729.10037             3.37396             1.75534       3       6
   10000       2       2       2      11       9     509       6       6      28     170       8      23            29.75000             3.25000             2.60413             0.18604             1.93335             0.48501           736.16607             3.34641             1.70177       4       1
   10000       2       2       2      11       9     509       6       6      29     160       7      31            29.42857             3.42857             2.50520             0.18236             1.96343             0.47143           762.23399             3.34033             1.51126       5       3
   10000       2       2       2      11       9     509       6       6      30     142       6      24            30.33333             3.50000             2.53044             0.17846             1.98631             0.47205           723.31691             3.28620             1.48614       3       3
