   10000       2       1       2       4       3     535       6       6       0     535      36       0            22.11111             3.11111             2.31878             0.22761             1.62375             0.35631           910.11748             3.38373             2.28553       0       0
   10000       2       1       2       4       3     535       6       6       1     522      35      19            22.31429             3.08571             2.32419             0.22525             1.62038             0.36259           903.57878             3.36935             2.28133       1       4
   10000       2       1       2       4       3     535       6       6       2     506      34      26            22.52941             3.05882             2.34381             0.22567             1.61399             0.37242           895.77484             3.35292             2.28888       4       3
   10000       2       1       2       4       3     535       6       6       3     488      33      30            22.57576             3.06061             2.31925             0.22367             1.61248             0.37230           894.14038             3.36587             2.27725       2       3
   10000       2       1       2       4       3     535       6       6       4     471      32      23            22.50000             3.00000             2.34870             0.22805             1.60806             0.35672           902.84176             3.39516             2.24773       2       1
   10000       2       1       2       4       3     535       6       6       5     457      31      22            22.70968             3.00000             2.35596             0.22735             1.60753             0.35499           894.50238             3.38107             2.25418       6       4
   10000       2       1       2       4       3     535       6       6       6     444      30      29            22.43333             3.03333             2.31271             0.22667             1.63073             0.34890           906.97079             3.38095             2.18396       5       3
   10000       2       1       2       4       3     535       6       6       7     432      29      21            22.58621             3.06897             2.33987             0.22823             1.62933             0.34943           910.59553             3.36935             2.13055       5       5
   10000       2       1       2       4       3     535       6       6       8     422      28      14            22.96429             3.07143             2.37330             0.22559             1.64652             0.34987           880.23020             3.36636             2.13693       2       2
   10000       2       1       2       4       3     535       6       6       9     413      27      23            23.07407             3.07407             2.33345             0.21985             1.63399             0.35417           870.19975             3.37971             2.06680       2       5
   10000       2       1       2       4       3     535       6       6      10     394      26      24            22.84615             3.03846             2.34053             0.22323             1.61702             0.34724           881.68133             3.37314             2.06653       2       4
   10000       2       1       2       4       3     535       6       6      11     384      25      23            22.80000             3.04000             2.33418             0.22360             1.61494             0.34289           887.93356             3.39097             2.03836       6       6
   10000       2       1       2       4       3     535       6       6      12     371      24      33            22.45833             3.00000             2.31936             0.22503             1.60715             0.34251           898.97231             3.38638             1.96661       6       2
   10000       2       1       2       4       3     535       6       6      13     363      23      18            22.60870             3.00000             2.33426             0.22589             1.60172             0.34779           878.23540             3.37604             1.93595       1       5
   10000       2       1       2       4       3     535       6       6      14     352      22      21            22.68182             3.00000             2.33593             0.22603             1.60661             0.34556           888.07569             3.37145             1.88393       4       1
   10000       2       1       2       4       3     535       6       6      15     333      21      28            22.33333             3.04762             2.28400             0.22543             1.62079             0.34620           908.52778             3.36594             1.84302       4       4
   10000       2       1       2       4       3     535       6       6      16     328      20      11            22.80000             3.10000             2.29819             0.21894             1.64145             0.34107           860.57753             3.39050             1.80342       1       3
   10000       2       1       2       4       3     535       6       6      17     313      19      23            22.63158             3.10526             2.26917             0.21934             1.63324             0.33997           881.43561             3.39701             1.78454       1       2
   10000       2       1       2       4       3     535       6       6      18     296      18      28            22.22222             3.16667             2.23901             0.22783             1.63297             0.33123           921.17391             3.39326             1.70638       2       6
   10000       2       1       2       4       3     535       6       6      19     280      17      14            22.52941             3.17647             2.26877             0.22663             1.62229             0.34478           901.49116             3.39421             1.76014       1       1
   10000       2       1       2       4       3     535       6       6      20     269      16      16            22.81250             3.18750             2.30219             0.22816             1.63275             0.35016           918.73491             3.32474             1.73947       6       1
   10000       2       1       2       4       3     535       6       6      21     254      15      20            22.60000             3.20000             2.29717             0.22858             1.63800             0.36435           934.52399             3.28949             1.65985       4       2
   10000       2       1       2       4       3     535       6       6      22     239      14      26            22.78571             3.14286             2.23922             0.22470             1.64230             0.35894           937.32151             3.28367             1.60316       4       5
   10000       2       1       2       4       3     535       6       6      23     221      13      27            22.00000             3.00000             2.28401             0.23582             1.61445             0.38454           959.44530             3.31836             1.55595       5       6
   10000       2       1       2       4       3     535       6       6      24     204      12      21            22.16667             2.91667             2.28295             0.23597             1.59760             0.37896           950.55029             3.31019             1.58214       6       3
   10000       2       1       2       4       3     535       6       6      25     192      11      19            22.00000             2.90909             2.27079             0.23702             1.60119             0.37010           959.02548             3.28034             1.53531       5       1
   10000       2       1       2       4       3     535       6       6      26     172      10      17            22.10000             2.90000             2.28008             0.23680             1.58011             0.38810           951.16989             3.27583             1.59603       5       4
   10000       2       1       2       4       3     535       6       6      27     150       9      22            22.11111             2.88889             2.24943             0.23582             1.58509             0.38142           953.61574             3.30125             1.66225       6       5
   10000       2       1       2       4       3     535       6       6      28     141       8       9            23.75000             3.00000             2.30839             0.20974             1.64260             0.38222           885.67515             3.05618             1.74503       1       6
   10000       2       1       2       4       3     535       6       6      29     118       7      23            23.85714             3.00000             2.32165             0.21095             1.64349             0.38488           921.57901             2.98405             1.85147       5       2
   10000       2       1       2       4       3     535       6       6      30     103       6      19            24.66667             3.00000             2.38163             0.21025             1.61442             0.38490           934.65890             2.84996             1.87238       4       6
