   10000       2       1       2       7       2     502       6       6       0     502      36       0            21.30556             2.97222             2.18550             0.22404             1.60095             0.31630           871.56841             3.81060             2.43201       0       0
   10000       2       1       2       7       2     502       6       6       1     492      35      19            21.40000             2.94286             2.18385             0.22377             1.59700             0.30891           866.83608             3.83436             2.39222       3       2
   10000       2       1       2       7       2     502       6       6       2     479      34      17            21.50000             2.97059             2.18611             0.22480             1.59434             0.30939           880.62393             3.86674             2.41452       6       1
   10000       2       1       2       7       2     502       6       6       3     467      33      19            21.66667             2.93939             2.17845             0.22152             1.60175             0.31079           870.71449             3.84777             2.39100       4       2
   10000       2       1       2       7       2     502       6       6       4     447      32      22            21.75000             2.87500             2.20709             0.22402             1.59413             0.32471           868.25893             3.83831             2.42707       1       6
   10000       2       1       2       7       2     502       6       6       5     437      31      19            21.93548             2.90323             2.20396             0.22322             1.58786             0.31951           863.59209             3.81216             2.40048       6       4
   10000       2       1       2       7       2     502       6       6       6     424      30      23            21.76667             2.93333             2.19556             0.22533             1.58189             0.31131           878.33057             3.83025             2.37846       4       1
   10000       2       1       2       7       2     502       6       6       7     414      29      19            22.03448             2.96552             2.21709             0.22529             1.59680             0.30603           865.21529             3.88267             2.32434       4       4
   10000       2       1       2       7       2     502       6       6       8     404      28      25            22.14286             2.92857             2.23439             0.22623             1.58847             0.31108           860.73873             3.90106             2.25230       2       3
   10000       2       1       2       7       2     502       6       6       9     391      27      19            22.44444             2.88889             2.26074             0.22519             1.58964             0.32566           846.58855             3.88262             2.28686       6       5
   10000       2       1       2       7       2     502       6       6      10     365      26      37            21.88462             2.88462             2.25550             0.22874             1.58448             0.31694           862.42125             3.89507             2.27689       2       1
   10000       2       1       2       7       2     502       6       6      11     357      25      17            22.36000             2.92000             2.26263             0.22316             1.60501             0.31706           852.43494             3.82295             2.23471       3       5
   10000       2       1       2       7       2     502       6       6      12     341      24      28            22.08333             2.91667             2.26167             0.22799             1.60899             0.31086           865.21948             3.83689             2.17257       2       5
   10000       2       1       2       7       2     502       6       6      13     331      23      17            22.39130             2.82609             2.28377             0.22641             1.58945             0.32493           853.45662             3.86797             2.16005       4       3
   10000       2       1       2       7       2     502       6       6      14     311      22      24            22.09091             2.81818             2.27605             0.23606             1.58875             0.32862           906.61225             3.82159             2.15131       6       3
   10000       2       1       2       7       2     502       6       6      15     294      21      25            21.61905             2.80952             2.25007             0.23997             1.58609             0.32468           921.12992             3.88117             2.07123       5       3
   10000       2       1       2       7       2     502       6       6      16     283      20      13            21.75000             2.80000             2.26897             0.24122             1.59377             0.33409           919.03698             3.88121             2.04039       5       1
   10000       2       1       2       7       2     502       6       6      17     267      19      18            21.73684             2.84211             2.27642             0.24350             1.61129             0.33366           946.13037             3.72761             2.03460       4       5
   10000       2       1       2       7       2     502       6       6      18     247      18      34            21.11111             2.83333             2.23431             0.24596             1.60537             0.32252           954.70183             3.74757             1.95319       2       4
   10000       2       1       2       7       2     502       6       6      19     238      17      20            20.76471             2.82353             2.20710             0.24719             1.58975             0.31775           985.27407             3.69958             1.85551       4       6
   10000       2       1       2       7       2     502       6       6      20     216      16      25            20.18750             2.81250             2.15154             0.25051             1.60024             0.31008          1022.47046             3.70251             1.86850       6       6
   10000       2       1       2       7       2     502       6       6      21     200      15      26            19.46667             2.80000             2.12152             0.25630             1.60857             0.31641          1059.39099             3.70689             1.85099       3       6
   10000       2       1       2       7       2     502       6       6      22     182      14      19            19.42857             2.78571             2.11891             0.25839             1.59360             0.32422          1060.46921             3.75272             1.89996       3       1
   10000       2       1       2       7       2     502       6       6      23     177      13      10            20.07692             2.92308             2.14629             0.24886             1.63057             0.32677          1042.20223             3.75145             1.84965       1       5
   10000       2       1       2       7       2     502       6       6      24     159      12      24            19.00000             2.91667             2.09294             0.25426             1.61280             0.30898          1078.39737             3.81565             1.78220       2       2
   10000       2       1       2       7       2     502       6       6      25     149      11      16            19.27273             2.81818             2.11656             0.25694             1.58123             0.30580          1111.57099             3.81853             1.74309       1       4
   10000       2       1       2       7       2     502       6       6      26     136      10      15            19.30000             2.80000             2.09725             0.27616             1.54974             0.31192          1362.35669             3.76132             1.67455       5       2
   10000       2       1       2       7       2     502       6       6      27     127       9      13            19.55556             2.77778             2.10049             0.27376             1.54125             0.33551          1357.77047             3.78732             1.60521       1       3
   10000       2       1       2       7       2     502       6       6      28     105       8      22            19.25000             2.75000             2.09601             0.28255             1.51963             0.32984          1413.19692             3.83475             1.68086       2       6
   10000       2       1       2       7       2     502       6       6      29      95       7      15            19.14286             2.71429             2.13525             0.29093             1.49740             0.34764          1451.89437             3.92607             1.55620       5       4
   10000       2       1       2       7       2     502       6       6      30      91       6       4            21.66667             3.00000             2.32446             0.22830             1.58029             0.35002           908.71113             3.63821             1.64889       6       2
