   10000       2       2       2       9       3     504       6       6       0     504      36       0            21.11111             2.88889             2.22961             0.22955             1.55904             0.32370           873.83773             3.92412             2.46365       0       0
   10000       2       2       2       9       3     504       6       6       1     490      35       8            22.17143             2.94286             2.31204             0.22401             1.58786             0.34877           820.56242             3.89894             2.61297       5       3
   10000       2       2       2       9       3     504       6       6       2     466      34      23            22.26471             2.91176             2.31213             0.22284             1.58421             0.35041           817.90026             3.91132             2.65169       4       1
   10000       2       2       2       9       3     504       6       6       3     445      33      24            23.06061             2.93939             2.33820             0.21684             1.58956             0.34067           781.96582             3.89960             2.82157       3       5
   10000       2       2       2       9       3     504       6       6       4     435      32      22            23.28125             2.87500             2.39130             0.21977             1.60139             0.35651           771.26096             3.92800             2.81749       6       3
   10000       2       2       2       9       3     504       6       6       5     421      31      27            23.22581             2.90323             2.38292             0.22012             1.60768             0.35154           766.80899             3.95753             2.79411       5       1
   10000       2       2       2       9       3     504       6       6       6     408      30      20            23.36667             2.96667             2.37829             0.21835             1.61581             0.36063           758.10543             3.94576             2.80710       1       6
   10000       2       2       2       9       3     504       6       6       7     398      29      18            23.65517             2.96552             2.39299             0.21574             1.62931             0.36182           746.08329             3.90002             2.77585       1       5
   10000       2       2       2       9       3     504       6       6       8     380      28      22            23.78571             2.89286             2.37378             0.21234             1.61791             0.36413           736.87969             3.91356             2.77510       4       3
   10000       2       2       2       9       3     504       6       6       9     364      27      27            23.77778             2.96296             2.37381             0.21229             1.63195             0.37038           729.95461             3.95449             2.78137       4       6
   10000       2       2       2       9       3     504       6       6      10     352      26      22            23.96154             2.96154             2.40497             0.21334             1.63264             0.37545           725.07584             3.99713             2.70039       3       4
   10000       2       2       2       9       3     504       6       6      11     339      25      26            23.52000             2.92000             2.38563             0.21696             1.64898             0.37444           734.37573             4.07755             2.67091       2       6
   10000       2       2       2       9       3     504       6       6      12     328      24      20            23.58333             3.04167             2.39076             0.21618             1.66850             0.37210           733.01610             4.05864             2.61194       6       4
   10000       2       2       2       9       3     504       6       6      13     318      23      24            24.52174             3.17391             2.39520             0.20787             1.69698             0.35550           707.24606             4.03331             2.67989       1       3
   10000       2       2       2       9       3     504       6       6      14     306      22      33            24.22727             3.13636             2.42284             0.21220             1.72160             0.37776           709.53206             4.09322             2.54456       2       3
   10000       2       2       2       9       3     504       6       6      15     294      21      27            24.66667             3.23810             2.44423             0.21031             1.75657             0.38558           695.90329             4.09240             2.55810       6       5
   10000       2       2       2       9       3     504       6       6      16     283      20      26            25.10000             3.30000             2.40380             0.20321             1.77288             0.36277           676.16621             4.15716             2.51667       2       1
   10000       2       2       2       9       3     504       6       6      17     266      19      23            25.10526             3.31579             2.38527             0.20175             1.78735             0.36775           669.74428             4.17079             2.49538       4       5
   10000       2       2       2       9       3     504       6       6      18     254      18      25            24.66667             3.38889             2.39622             0.20727             1.74403             0.36305           681.89375             4.26508             2.41938       4       2
   10000       2       2       2       9       3     504       6       6      19     241      17      24            24.41176             3.23529             2.37397             0.20970             1.75364             0.35468           682.73238             4.31357             2.37567       5       4
   10000       2       2       2       9       3     504       6       6      20     232      16      19            24.56250             3.18750             2.36147             0.20854             1.77044             0.35804           677.43397             4.33116             2.33764       3       1
   10000       2       2       2       9       3     504       6       6      21     212      15      23            24.60000             3.13333             2.35494             0.20801             1.76514             0.36222           667.49454             4.37199             2.35144       3       6
   10000       2       2       2       9       3     504       6       6      22     205      14      30            24.21429             3.14286             2.40062             0.21695             1.75730             0.37589           679.97243             4.41727             2.23365       5       6
   10000       2       2       2       9       3     504       6       6      23     193      13      29            23.53846             3.15385             2.35325             0.21711             1.75724             0.37793           690.64388             4.42372             2.06830       1       4
   10000       2       2       2       9       3     504       6       6      24     188      12      17            23.50000             3.25000             2.37146             0.21957             1.78967             0.36919           704.29155             4.49472             1.86295       3       2
   10000       2       2       2       9       3     504       6       6      25     178      11      18            23.45455             3.27273             2.37017             0.22053             1.77251             0.35788           732.70313             4.31935             1.79502       2       5
   10000       2       2       2       9       3     504       6       6      26     164      10      30            21.70000             3.30000             2.35809             0.23876             1.80913             0.34741           826.62370             4.34602             1.57837       1       2
   10000       2       2       2       9       3     504       6       6      27     147       9      34            19.11111             3.11111             2.23256             0.25290             1.77253             0.33343           911.85479             4.41730             1.34890       6       2
   10000       2       2       2       9       3     504       6       6      28     129       8      21            18.62500             3.00000             2.22087             0.26083             1.75035             0.34959           956.50556             4.57534             1.34192       5       2
   10000       2       2       2       9       3     504       6       6      29     115       7      19            18.57143             3.00000             2.25906             0.26697             1.76230             0.34298           969.56883             4.58875             1.32003       2       4
   10000       2       2       2       9       3     504       6       6      30      94       6      22            18.00000             3.00000             2.24920             0.27466             1.79411             0.33665           992.45350             4.78162             1.35501       6       1
