   10000       2       2       1       1       7     525       6       6       0     525      36       0            21.69444             2.91667             2.24134             0.22026             1.60306             0.30909           825.34602             4.00950             2.38234       0       0
   10000       2       2       1       1       7     525       6       6       1     511      35      21            22.25714             2.97143             2.28762             0.21873             1.62378             0.31510           807.47879             4.02006             2.44470       2       5
   10000       2       2       1       1       7     525       6       6       2     499      34      10            22.32353             3.02941             2.29372             0.21789             1.64501             0.32223           789.83208             4.01505             2.43785       6       6
   10000       2       2       1       1       7     525       6       6       3     485      33      20            22.51515             2.96970             2.31270             0.21869             1.62849             0.32833           770.75580             4.02562             2.40394       5       5
   10000       2       2       1       1       7     525       6       6       4     478      32      18            23.15625             3.06250             2.31624             0.21357             1.65411             0.32574           746.21450             4.04757             2.40336       5       2
   10000       2       2       1       1       7     525       6       6       5     467      31      28            23.48387             3.06452             2.33384             0.21157             1.67208             0.33356           730.89917             4.06862             2.37816       5       3
   10000       2       2       1       1       7     525       6       6       6     457      30      20            24.00000             3.13333             2.37401             0.21083             1.69242             0.33756           720.25321             4.07949             2.36910       3       2
   10000       2       2       1       1       7     525       6       6       7     443      29      30            23.68966             3.06897             2.38654             0.21462             1.69364             0.34971           728.28800             4.10209             2.33906       6       3
   10000       2       2       1       1       7     525       6       6       8     423      28      23            23.60714             3.14286             2.38946             0.21562             1.69591             0.36072           728.66184             4.14646             2.35521       4       5
   10000       2       2       1       1       7     525       6       6       9     409      27      27            23.40741             3.07407             2.44615             0.22154             1.68080             0.37450           728.53852             4.17147             2.31265       5       1
   10000       2       2       1       1       7     525       6       6      10     390      26      22            23.03846             3.11538             2.43101             0.22334             1.67412             0.37257           740.16727             4.17973             2.28952       6       5
   10000       2       2       1       1       7     525       6       6      11     371      25      26            23.20000             3.04000             2.44875             0.22328             1.66186             0.38711           728.62154             4.22542             2.28884       2       1
   10000       2       2       1       1       7     525       6       6      12     353      24      22            23.12500             3.08333             2.42115             0.22201             1.68231             0.39249           731.24871             4.25392             2.28224       1       6
   10000       2       2       1       1       7     525       6       6      13     339      23      23            23.04348             3.08696             2.45408             0.22650             1.68110             0.39369           717.86188             4.29222             2.27964       1       1
   10000       2       2       1       1       7     525       6       6      14     324      22      21            23.31818             3.13636             2.45877             0.22442             1.68948             0.38700           711.87140             4.32634             2.30044       5       6
   10000       2       2       1       1       7     525       6       6      15     312      21      27            23.85714             3.09524             2.47041             0.22081             1.68670             0.40584           687.80155             4.38100             2.32506       2       3
   10000       2       2       1       1       7     525       6       6      16     302      20      22            24.05000             3.10000             2.50402             0.22209             1.68021             0.41583           671.39841             4.40391             2.21927       3       3
   10000       2       2       1       1       7     525       6       6      17     286      19      21            24.05263             3.05263             2.48418             0.22077             1.66828             0.40579           668.30395             4.42753             2.22190       3       1
   10000       2       2       1       1       7     525       6       6      18     272      18      21            24.44444             3.05556             2.52579             0.22091             1.66142             0.42032           653.96976             4.44918             2.23230       4       4
   10000       2       2       1       1       7     525       6       6      19     256      17      30            23.82353             3.17647             2.51448             0.22672             1.70652             0.40240           664.86534             4.48447             2.16625       3       6
   10000       2       2       1       1       7     525       6       6      20     244      16      19            23.62500             3.25000             2.50925             0.22625             1.73025             0.40777           677.70644             4.48283             2.10103       4       1
   10000       2       2       1       1       7     525       6       6      21     236      15      19            23.60000             3.13333             2.48820             0.22715             1.71909             0.40629           681.65440             4.49913             2.02789       5       4
   10000       2       2       1       1       7     525       6       6      22     230      14      20            24.00000             3.21429             2.49228             0.22460             1.73825             0.40403           680.25875             4.50470             1.91447       2       4
   10000       2       2       1       1       7     525       6       6      23     221      13      17            24.46154             3.15385             2.55266             0.22401             1.70617             0.41781           669.59577             4.41620             1.83707       2       6
   10000       2       2       1       1       7     525       6       6      24     208      12      26            24.25000             3.16667             2.50645             0.22263             1.73954             0.43258           689.62177             4.41184             1.81748       6       2
   10000       2       2       1       1       7     525       6       6      25     199      11      27            24.36364             3.18182             2.56217             0.22522             1.71873             0.43186           677.20883             4.38581             1.70128       3       4
   10000       2       2       1       1       7     525       6       6      26     180      10      27            23.50000             3.30000             2.52845             0.23007             1.78777             0.42188           716.95004             4.37668             1.59834       2       2
   10000       2       2       1       1       7     525       6       6      27     165       9      16            24.11111             3.33333             2.53477             0.22226             1.81780             0.41875           704.12392             4.37403             1.63703       6       4
   10000       2       2       1       1       7     525       6       6      28     148       8      30            23.25000             3.25000             2.43873             0.22275             1.77924             0.39723           738.22364             4.44109             1.55622       4       3
   10000       2       2       1       1       7     525       6       6      29     131       7      21            23.57143             3.28571             2.42665             0.21905             1.76198             0.40397           707.09608             4.44241             1.54803       4       2
   10000       2       2       1       1       7     525       6       6      30     115       6      21            24.00000             3.16667             2.45808             0.21826             1.75565             0.40464           665.69676             4.31124             1.53563       4       6
   10000       2       2       1       1       7     525       6       6      31      99       5      25            23.40000             3.00000             2.36738             0.21711             1.77623             0.42242           679.51358             4.34403             1.39221       1       4
   10000       2       2       1       1       7     525       6       6      32      69       4      29            21.75000             3.00000             2.23879             0.22153             1.75484             0.40666           706.96802             4.47189             1.49621       6       1
   10000       2       2       1       1       7     525       6       6      33      57       3      18            20.66667             3.33333             2.18875             0.22464             1.85062             0.42504           759.57686             4.63157             1.16355       1       2
   10000       2       2       1       1       7     525       6       6      34      38       2      23            19.50000             3.50000             2.13095             0.23221             1.84412             0.41029           795.04617             4.86944             1.05441       1       5
   10000       2       2       1       1       7     525       6       6      35      21       1      18            21.00000             4.00000             2.09524             0.20952             2.10000             0.35000          1011.99534             3.79440             1.00000       3       5
   10000       2       2       1       1       7     525       6       6      36       0       0      21             0.00000             0.00000             0.00000             0.00000             0.00000             0.00000             0.00000             0.00000             0.00000       1       3
