   10000       2       1       2      11      10     535       6       6       0     535      36       0            22.11111             3.11111             2.31878             0.22761             1.62375             0.35631           910.11744             3.38373             2.28553       0       0
   10000       2       1       2      11      10     535       6       6       1     527      35      15            22.37143             3.11429             2.33948             0.22658             1.62896             0.35700           895.79642             3.39013             2.24779       2       2
   10000       2       1       2      11      10     535       6       6       2     512      34      24            22.55882             3.08824             2.37284             0.22716             1.63303             0.36469           886.69967             3.37237             2.23056       4       4
   10000       2       1       2      11      10     535       6       6       3     498      33      27            22.57576             3.09091             2.36062             0.22502             1.63761             0.36079           881.83940             3.36468             2.19575       5       3
   10000       2       1       2      11      10     535       6       6       4     486      32      20            22.84375             3.09375             2.36454             0.22257             1.64601             0.36454           870.77342             3.36233             2.19946       6       6
   10000       2       1       2      11      10     535       6       6       5     474      31      19            22.90323             3.06452             2.36503             0.22230             1.63657             0.37031           870.28197             3.37022             2.18356       5       4
   10000       2       1       2      11      10     535       6       6       6     466      30      19            23.03333             3.10000             2.34286             0.21940             1.63462             0.36895           852.47911             3.36617             2.14301       1       5
   10000       2       1       2      11      10     535       6       6       7     449      29      22            23.00000             3.10345             2.32638             0.21908             1.63537             0.36270           856.48726             3.37707             2.12751       2       1
   10000       2       1       2      11      10     535       6       6       8     438      28      21            23.25000             3.07143             2.33861             0.21827             1.63783             0.36060           852.50312             3.36084             2.09030       4       2
   10000       2       1       2      11      10     535       6       6       9     421      27      30            23.22222             3.14815             2.34363             0.21835             1.67028             0.35070           843.51592             3.37091             2.07498       3       3
   10000       2       1       2      11      10     535       6       6      10     409      26      18            23.38462             3.15385             2.31485             0.21219             1.66560             0.34759           823.29301             3.38531             2.05336       2       5
   10000       2       1       2      11      10     535       6       6      11     396      25      26            23.08000             3.12000             2.29616             0.21555             1.65030             0.34936           848.72681             3.38957             1.99339       1       2
   10000       2       1       2      11      10     535       6       6      12     377      24      26            23.04167             3.04167             2.29901             0.21708             1.64319             0.35010           856.01411             3.39369             1.97590       3       6
   10000       2       1       2      11      10     535       6       6      13     367      23      25            23.08696             3.08696             2.28801             0.21713             1.64694             0.34892           859.70541             3.38977             1.90113       5       1
   10000       2       1       2      11      10     535       6       6      14     355      22      19            22.95455             3.04545             2.29047             0.21782             1.64605             0.35629           872.15733             3.39255             1.87243       4       1
   10000       2       1       2      11      10     535       6       6      15     349      21      14            23.38095             3.14286             2.29949             0.21332             1.68282             0.35616           866.49014             3.29045             1.86289       1       6
   10000       2       1       2      11      10     535       6       6      16     331      20      26            23.05000             3.20000             2.25567             0.21150             1.69968             0.33440           871.43220             3.28955             1.81012       6       3
   10000       2       1       2      11      10     535       6       6      17     315      19      21            22.94737             3.21053             2.26199             0.21299             1.70261             0.34716           888.39085             3.27110             1.79138       5       2
   10000       2       1       2      11      10     535       6       6      18     304      18      22            23.05556             3.22222             2.26227             0.21202             1.72223             0.33459           891.38686             3.24368             1.70144       5       5
   10000       2       1       2      11      10     535       6       6      19     291      17      29            22.64706             3.23529             2.22616             0.21276             1.73094             0.32649           906.78959             3.25638             1.61896       4       5
   10000       2       1       2      11      10     535       6       6      20     273      16      24            22.37500             3.37500             2.20145             0.21339             1.76153             0.32278           908.53825             3.28240             1.59811       3       5
   10000       2       1       2      11      10     535       6       6      21     259      15      14            22.93333             3.40000             2.21187             0.20681             1.77128             0.32891           873.59184             3.28062             1.63799       1       1
   10000       2       1       2      11      10     535       6       6      22     249      14      25            22.42857             3.42857             2.21197             0.21212             1.77821             0.33649           895.66697             3.29702             1.56469       6       5
   10000       2       1       2      11      10     535       6       6      23     237      13      20            22.46154             3.23077             2.21295             0.21334             1.77986             0.35009           915.46499             3.28836             1.45827       1       4
   10000       2       1       2      11      10     535       6       6      24     227      12      16            22.66667             3.33333             2.23797             0.21187             1.83069             0.36975           930.19493             3.19284             1.40805       6       1
   10000       2       1       2      11      10     535       6       6      25     213      11      22            22.45455             3.36364             2.23541             0.21336             1.85070             0.38658           956.60434             3.15700             1.36182       4       6
   10000       2       1       2      11      10     535       6       6      26     201      10      20            22.50000             3.40000             2.28419             0.21881             1.83064             0.39391           949.35163             3.21313             1.29825       3       1
   10000       2       1       2      11      10     535       6       6      27     182       9      27            21.33333             3.44444             2.25062             0.22714             1.83439             0.39153          1000.51897             3.22459             1.13969       2       4
   10000       2       1       2      11      10     535       6       6      28     174       8      13            21.87500             3.50000             2.27086             0.21963             1.85927             0.35556           955.32052             3.29549             1.01352       1       3
   10000       2       1       2      11      10     535       6       6      29     155       7      19            22.28571             3.42857             2.28772             0.21691             1.86297             0.35874           929.98997             3.30163             1.01546       6       4
   10000       2       1       2      11      10     535       6       6      30     136       6      20            22.66667             3.50000             2.26900             0.21096             1.91031             0.33958           871.77770             3.41491             1.00000       3       2
