   10000       2       2       2       1      11     504       6       6       0     504      36       0            21.11111             2.88889             2.22961             0.22955             1.55904             0.32370           873.83773             3.92412             2.46365       0       0
   10000       2       2       2       1      11     504       6       6       1     489      35      26            21.48571             2.94286             2.23878             0.22575             1.58282             0.32278           851.17296             3.89815             2.47222       1       4
   10000       2       2       2       1      11     504       6       6       2     468      34      26            21.70588             2.94118             2.27638             0.22718             1.60466             0.32425           838.06084             3.89531             2.51098       6       2
   10000       2       2       2       1      11     504       6       6       3     452      33      30            21.30303             2.93939             2.26290             0.22923             1.60513             0.33333           837.24388             3.93283             2.45927       5       1
   10000       2       2       2       1      11     504       6       6       4     439      32      25            21.12500             2.93750             2.23757             0.22862             1.60195             0.33257           841.89620             3.95990             2.44044       6       1
   10000       2       2       2       1      11     504       6       6       5     420      31      24            21.19355             3.03226             2.24758             0.22750             1.63339             0.32971           823.40330             3.95763             2.47050       6       4
   10000       2       2       2       1      11     504       6       6       6     410      30      25            21.40000             3.10000             2.28736             0.22900             1.65366             0.33454           811.47584             3.97785             2.46903       6       5
   10000       2       2       2       1      11     504       6       6       7     395      29      26            21.86207             3.06897             2.29334             0.22428             1.66652             0.34177           797.49730             4.01110             2.54870       5       6
   10000       2       2       2       1      11     504       6       6       8     382      28      27            22.42857             3.14286             2.31465             0.22238             1.70504             0.36676           774.11725             4.00541             2.56794       4       5
   10000       2       2       2       1      11     504       6       6       9     369      27      30            21.92593             3.18519             2.27234             0.22326             1.71488             0.36821           784.20250             4.00386             2.52112       4       6
   10000       2       2       2       1      11     504       6       6      10     352      26      29            22.30769             3.19231             2.25656             0.21807             1.70954             0.35188           775.15493             4.03528             2.57158       3       5
   10000       2       2       2       1      11     504       6       6      11     338      25      33            21.92000             3.20000             2.25947             0.22235             1.71036             0.35499           778.21256             4.04440             2.52203       2       6
   10000       2       2       2       1      11     504       6       6      12     324      24      27            21.79167             3.29167             2.25899             0.22427             1.72881             0.35192           778.56990             4.11881             2.50674       5       4
   10000       2       2       2       1      11     504       6       6      13     303      23      29            21.60870             3.39130             2.26511             0.22530             1.77727             0.34648           779.52377             4.13728             2.52713       3       4
   10000       2       2       2       1      11     504       6       6      14     284      22      27            21.13636             3.40909             2.22240             0.22658             1.79569             0.34669           793.03004             4.14367             2.53281       3       6
   10000       2       2       2       1      11     504       6       6      15     272      21      25            21.04762             3.28571             2.20385             0.22539             1.78830             0.34423           785.86538             4.18414             2.43375       4       2
   10000       2       2       2       1      11     504       6       6      16     260      20      25            20.85000             3.35000             2.21039             0.22815             1.80689             0.35322           801.74311             4.21809             2.41398       1       5
   10000       2       2       2       1      11     504       6       6      17     252      19      25            21.26316             3.31579             2.25671             0.22876             1.80308             0.36329           783.05308             4.28444             2.33020       3       3
   10000       2       2       2       1      11     504       6       6      18     232      18      25            21.11111             3.33333             2.18677             0.22439             1.84762             0.35406           784.30708             4.35853             2.33847       3       1
   10000       2       2       2       1      11     504       6       6      19     220      17      23            20.76471             3.41176             2.16928             0.22680             1.86622             0.34286           798.85297             4.40150             2.23197       4       4
   10000       2       2       2       1      11     504       6       6      20     213      16      24            20.31250             3.37500             2.14234             0.22937             1.87238             0.32211           834.26874             4.40798             2.09793       5       3
   10000       2       2       2       1      11     504       6       6      21     204      15      23            20.40000             3.40000             2.15065             0.23419             1.90320             0.31387           845.52981             4.39856             1.99289       2       4
   10000       2       2       2       1      11     504       6       6      22     192      14      21            20.35714             3.42857             2.13487             0.23340             1.90935             0.30879           845.22780             4.42477             1.97234       6       3
   10000       2       2       2       1      11     504       6       6      23     173      13      19            20.30769             3.46154             2.12526             0.23329             1.92102             0.31371           834.95377             4.44959             2.03989       6       6
   10000       2       2       2       1      11     504       6       6      24     163      12      19            20.41667             3.50000             2.14092             0.23481             1.93727             0.30772           835.99251             4.51207             2.00441       4       1
   10000       2       2       2       1      11     504       6       6      25     147      11      18            20.63636             3.45455             2.15036             0.23451             1.91692             0.30361           826.00342             4.58712             2.07247       5       2
   10000       2       2       2       1      11     504       6       6      26     133      10      16            21.10000             3.40000             2.18785             0.23408             1.93963             0.32731           787.79449             4.54456             2.11845       1       6
   10000       2       2       2       1      11     504       6       6      27     118       9      16            21.66667             3.44444             2.16294             0.22459             1.90586             0.31182           776.21653             4.54952             2.22738       5       5
   10000       2       2       2       1      11     504       6       6      28     108       8      15            22.12500             3.62500             2.07736             0.21010             1.90642             0.27226           773.88641             4.52489             2.20114       3       2
   10000       2       2       2       1      11     504       6       6      29      92       7      15            23.00000             3.57143             2.11960             0.20413             1.87885             0.27189           714.76152             4.49679             2.37997       4       3
   10000       2       2       2       1      11     504       6       6      30      85       6      12            25.16667             3.16667             2.18200             0.18089             1.75716             0.27494           649.89418             4.28624             2.51235       2       5
