   10000       2       1       2       5       3     478       6       6       0     478      36       0            20.97222             2.94444             2.17468             0.22490             1.64555             0.34265           881.77585             3.80360             2.53724       0       0
   10000       2       1       2       5       3     478       6       6       1     471      35      18            21.11429             2.94286             2.19621             0.22614             1.65227             0.34081           883.16009             3.79455             2.50619       2       1
   10000       2       1       2       5       3     478       6       6       2     465      34      14            21.50000             2.94118             2.21912             0.22373             1.65543             0.34316           877.47774             3.74954             2.47397       3       6
   10000       2       1       2       5       3     478       6       6       3     454      33      21            21.45455             2.96970             2.20399             0.22275             1.67416             0.34875           879.69035             3.75439             2.41137       5       4
   10000       2       1       2       5       3     478       6       6       4     432      32      27            21.37500             3.00000             2.18827             0.22188             1.67116             0.33789           871.10914             3.79979             2.39559       2       5
   10000       2       1       2       5       3     478       6       6       5     419      31      27            21.67742             2.93548             2.21322             0.22008             1.66333             0.34509           855.43663             3.81651             2.39830       5       2
   10000       2       1       2       5       3     478       6       6       6     403      30      21            21.46667             2.96667             2.17219             0.21846             1.66542             0.33571           857.42351             3.81037             2.34329       2       4
   10000       2       1       2       5       3     478       6       6       7     390      29      18            21.34483             2.93103             2.14499             0.21523             1.65316             0.32092           868.99751             3.78615             2.33778       2       6
   10000       2       1       2       5       3     478       6       6       8     379      28      25            21.17857             2.96429             2.13378             0.21653             1.65177             0.31263           874.02628             3.81525             2.28236       5       6
   10000       2       1       2       5       3     478       6       6       9     365      27      25            21.11111             2.92593             2.13432             0.21878             1.66377             0.30649           889.49265             3.80908             2.20938       4       3
   10000       2       1       2       5       3     478       6       6      10     345      26      33            20.76923             3.00000             2.11708             0.22010             1.67501             0.30428           902.42766             3.82705             2.16362       3       2
   10000       2       1       2       5       3     478       6       6      11     333      25      22            20.60000             3.04000             2.10708             0.22717             1.69320             0.30227           944.25594             3.83848             2.14148       1       5
   10000       2       1       2       5       3     478       6       6      12     318      24      21            20.79167             3.08333             2.07347             0.22187             1.69851             0.30258           939.37181             3.83098             2.15829       5       5
   10000       2       1       2       5       3     478       6       6      13     316      23      22            20.78261             3.17391             2.05023             0.22082             1.71796             0.29489           958.46144             3.81624             2.05581       6       3
   10000       2       1       2       5       3     478       6       6      14     301      22      23            20.22727             3.13636             2.05416             0.22624             1.70620             0.29933           977.33168             3.81418             2.01995       6       1
   10000       2       1       2       5       3     478       6       6      15     285      21      20            20.09524             3.14286             2.02519             0.22464             1.71615             0.29785           978.92963             3.82778             2.01861       4       6
   10000       2       1       2       5       3     478       6       6      16     268      20      17            19.90000             3.00000             2.03290             0.22710             1.69699             0.28900           975.19536             3.86186             2.01805       4       2
   10000       2       1       2       5       3     478       6       6      17     264      19       6            20.63158             3.05263             2.10519             0.22252             1.70489             0.30716           926.22987             3.82648             1.95301       1       4
   10000       2       1       2       5       3     478       6       6      18     244      18      25            20.00000             3.11111             2.04942             0.22666             1.70192             0.30532           974.65546             3.82195             1.93736       5       1
   10000       2       1       2       5       3     478       6       6      19     237      17      11            20.23529             3.11765             2.06457             0.22580             1.71594             0.30530           969.34846             3.82701             1.90647       4       1
   10000       2       1       2       5       3     478       6       6      20     225      16      22            19.87500             3.25000             2.04964             0.23095             1.75433             0.29783          1009.18626             3.84116             1.82358       4       5
   10000       2       1       2       5       3     478       6       6      21     212      15      23            19.53333             3.26667             2.00965             0.23036             1.74095             0.29027          1021.26316             3.86037             1.73446       2       2
   10000       2       1       2       5       3     478       6       6      22     203      14      19            19.35714             3.21429             2.01333             0.23331             1.74722             0.29027          1039.09754             3.87676             1.61566       2       3
   10000       2       1       2       5       3     478       6       6      23     190      13      15            19.53846             3.38462             2.02698             0.23296             1.77245             0.28241          1036.16702             3.80789             1.61256       5       3
   10000       2       1       2       5       3     478       6       6      24     179      12      15            19.58333             3.25000             2.10671             0.23906             1.74404             0.30164          1020.59043             3.80102             1.54408       3       5
   10000       2       1       2       5       3     478       6       6      25     163      11      23            19.09091             3.18182             2.06711             0.24167             1.72979             0.29404          1027.53070             3.88850             1.48411       4       4
   10000       2       1       2       5       3     478       6       6      26     153      10      10            20.00000             3.30000             2.09851             0.22748             1.75832             0.31233           944.96548             3.93959             1.53252       1       6
   10000       2       1       2       5       3     478       6       6      27     141       9      12            20.88889             3.33333             2.12797             0.21572             1.77187             0.32683           884.77025             3.81891             1.59169       3       1
   10000       2       1       2       5       3     478       6       6      28     128       8      22            20.37500             3.62500             2.08623             0.21827             1.85559             0.28984           928.45234             3.86312             1.50047       3       4
   10000       2       1       2       5       3     478       6       6      29     108       7      20            20.42857             3.57143             2.05392             0.21451             1.85470             0.28575           950.78709             3.75038             1.57197       6       2
   10000       2       1       2       5       3     478       6       6      30      94       6      14            21.50000             3.33333             2.14624             0.21181             1.77920             0.29492           897.70929             3.75369             1.66729       3       3
