   10000       2       1       2      10       1     502       6       6       0     502      36       0            21.30556             2.97222             2.18550             0.22404             1.60095             0.31630           871.56841             3.81060             2.43201       0       0
   10000       2       1       2      10       1     502       6       6       1     488      35      21            21.34286             2.97143             2.20125             0.22587             1.59754             0.31917           878.46236             3.78618             2.40180       5       2
   10000       2       1       2      10       1     502       6       6       2     481      34      18            21.67647             2.97059             2.20263             0.22264             1.60222             0.31606           868.65544             3.77987             2.38127       5       4
   10000       2       1       2      10       1     502       6       6       3     463      33      24            21.75758             3.03030             2.24090             0.22598             1.60197             0.31834           862.76950             3.78320             2.39355       3       1
   10000       2       1       2      10       1     502       6       6       4     445      32      20            21.96875             3.06250             2.25377             0.22613             1.61234             0.32453           874.43871             3.69960             2.39472       4       5
   10000       2       1       2      10       1     502       6       6       5     434      31      19            22.06452             3.16129             2.24879             0.22515             1.63962             0.32381           870.31375             3.70392             2.37443       4       1
   10000       2       1       2      10       1     502       6       6       6     418      30      24            21.66667             3.13333             2.25551             0.23073             1.62896             0.32128           895.54087             3.72557             2.28813       4       3
   10000       2       1       2      10       1     502       6       6       7     409      29      16            21.79310             3.10345             2.25066             0.22875             1.63979             0.32677           901.18685             3.67787             2.26545       4       6
   10000       2       1       2      10       1     502       6       6       8     403      28      16            21.92857             3.14286             2.23169             0.22525             1.65231             0.32324           906.88720             3.61571             2.20080       3       5
   10000       2       1       2      10       1     502       6       6       9     394      27      23            22.03704             3.18519             2.23563             0.22427             1.66381             0.31640           902.22564             3.61981             2.12859       2       3
   10000       2       1       2      10       1     502       6       6      10     382      26      16            22.50000             3.15385             2.27042             0.22294             1.67249             0.33400           895.12211             3.57679             2.15315       4       2
   10000       2       1       2      10       1     502       6       6      11     369      25      19            22.56000             3.12000             2.26596             0.22186             1.65669             0.34075           902.54099             3.55313             2.12192       6       4
   10000       2       1       2      10       1     502       6       6      12     356      24      27            22.16667             3.16667             2.23610             0.22827             1.66508             0.33855           950.55923             3.52532             2.07907       6       3
   10000       2       1       2      10       1     502       6       6      13     335      23      25            21.95652             3.13043             2.23790             0.23342             1.65014             0.32235           973.44455             3.52729             2.04811       1       2
   10000       2       1       2      10       1     502       6       6      14     318      22      24            21.86364             3.18182             2.20795             0.23349             1.67096             0.31535           983.98783             3.52775             2.02459       5       5
   10000       2       1       2      10       1     502       6       6      15     312      21      22            21.95238             3.14286             2.16142             0.22940             1.66684             0.30560          1001.67045             3.51470             1.93687       3       4
   10000       2       1       2      10       1     502       6       6      16     293      20      35            21.10000             3.05000             2.15605             0.23610             1.66260             0.30751          1029.94546             3.52527             1.89564       2       1
   10000       2       1       2      10       1     502       6       6      17     280      19      20            20.89474             3.05263             2.17045             0.24079             1.65775             0.30141          1029.13715             3.55141             1.86655       3       3
   10000       2       1       2      10       1     502       6       6      18     275      18       8            21.72222             3.11111             2.18997             0.22519             1.67914             0.30074           961.45279             3.49994             1.85258       6       2
   10000       2       1       2      10       1     502       6       6      19     260      17      24            21.35294             3.11765             2.18157             0.22758             1.67551             0.30263           961.85037             3.51937             1.81821       5       6
   10000       2       1       2      10       1     502       6       6      20     250      16      19            21.31250             3.18750             2.17355             0.22789             1.67532             0.29754           963.33357             3.52975             1.79538       3       2
   10000       2       1       2      10       1     502       6       6      21     238      15      21            21.06667             3.20000             2.17169             0.23091             1.67765             0.29759           986.91068             3.50568             1.77041       6       5
   10000       2       1       2      10       1     502       6       6      22     231      14      21            20.85714             3.14286             2.19456             0.23744             1.61591             0.27137          1028.27421             3.47628             1.57033       1       4
   10000       2       1       2      10       1     502       6       6      23     224      13      16            20.69231             3.07692             2.19773             0.24216             1.60380             0.27116          1064.32305             3.48985             1.47270       5       1
   10000       2       1       2      10       1     502       6       6      24     205      12      22            20.50000             3.00000             2.17546             0.24278             1.61035             0.27151          1085.33056             3.43787             1.47963       3       6
   10000       2       1       2      10       1     502       6       6      25     189      11      23            20.09091             3.09091             2.12065             0.24817             1.61517             0.27759          1145.68694             3.42136             1.36812       1       6
   10000       2       1       2      10       1     502       6       6      26     168      10      22            19.90000             3.00000             2.13353             0.25360             1.57906             0.28154          1144.83198             3.45859             1.39183       5       3
   10000       2       1       2      10       1     502       6       6      27     154       9      13            20.55556             3.11111             2.17287             0.25109             1.61013             0.28687          1086.19378             3.48735             1.43537       4       4
   10000       2       1       2      10       1     502       6       6      28     140       8      14            21.37500             3.25000             2.19448             0.24401             1.64794             0.29389          1026.67414             3.42209             1.48979       6       1
   10000       2       1       2      10       1     502       6       6      29     118       7      22            21.28571             3.28571             2.16382             0.24609             1.66567             0.28825          1042.96109             3.44096             1.55976       6       6
   10000       2       1       2      10       1     502       6       6      30     104       6      34            18.33333             3.16667             2.05571             0.28011             1.62560             0.26432          1208.22677             3.48385             1.13480       2       5
