   10000       2       1       2       3      11     535       6       6       0     535      36       0            22.11111             3.11111             2.31878             0.22761             1.62375             0.35631           910.11748             3.38373             2.28553       0       0
   10000       2       1       2       3      11     535       6       6       1     519      35      29            21.91429             3.08571             2.35076             0.23226             1.62364             0.36342           916.64380             3.37678             2.24093       6       2
   10000       2       1       2       3      11     535       6       6       2     502      34      29            21.41176             3.00000             2.32282             0.23511             1.60267             0.35947           937.12517             3.38854             2.17251       5       6
   10000       2       1       2       3      11     535       6       6       3     488      33      27            21.33333             3.00000             2.28918             0.23353             1.59930             0.35605           944.09774             3.37328             2.13680       2       6
   10000       2       1       2       3      11     535       6       6       4     469      32      27            21.03125             3.06250             2.28056             0.23606             1.59577             0.35385           954.42286             3.39318             2.09428       3       4
   10000       2       1       2       3      11     535       6       6       5     448      31      27            21.12903             3.03226             2.30132             0.23699             1.57789             0.36699           947.34232             3.40387             2.09760       2       3
   10000       2       1       2       3      11     535       6       6       6     427      30      29            20.90000             2.96667             2.26966             0.23632             1.57430             0.35471           949.45969             3.43343             2.08349       3       2
   10000       2       1       2       3      11     535       6       6       7     414      29      27            20.86207             3.00000             2.25420             0.23537             1.56689             0.35184           950.99258             3.44208             2.05048       4       3
   10000       2       1       2       3      11     535       6       6       8     397      28      28            21.25000             2.89286             2.27933             0.23485             1.54919             0.35954           937.88699             3.43859             2.06016       4       5
   10000       2       1       2       3      11     535       6       6       9     379      27      28            20.77778             2.92593             2.25438             0.23762             1.56650             0.34699           961.44358             3.44768             2.02989       3       6
   10000       2       1       2       3      11     535       6       6      10     370      26      28            20.65385             3.03846             2.22210             0.23638             1.58014             0.34696           967.98260             3.44811             1.97121       5       4
   10000       2       1       2       3      11     535       6       6      11     357      25      29            20.28000             3.00000             2.21778             0.24063             1.57270             0.35156           983.08745             3.46909             1.92402       6       5
   10000       2       1       2       3      11     535       6       6      12     343      24      27            19.79167             3.00000             2.19450             0.24366             1.57055             0.34633          1003.60405             3.48126             1.87310       6       3
   10000       2       1       2       3      11     535       6       6      13     332      23      28            19.56522             3.00000             2.19018             0.24537             1.57056             0.35052          1019.29960             3.47932             1.81363       5       2
   10000       2       1       2       3      11     535       6       6      14     320      22      25            19.31818             2.95455             2.18701             0.24791             1.57775             0.35376          1033.87564             3.46621             1.75957       5       1
   10000       2       1       2       3      11     535       6       6      15     307      21      25            18.80952             3.00000             2.15041             0.25107             1.58725             0.34306          1063.12748             3.46959             1.68985       4       1
   10000       2       1       2       3      11     535       6       6      16     288      20      25            18.55000             2.95000             2.16061             0.25392             1.57104             0.34081          1067.12229             3.47324             1.68132       2       4
   10000       2       1       2       3      11     535       6       6      17     276      19      24            18.00000             2.94737             2.15596             0.26604             1.57223             0.32892          1126.28570             3.51460             1.53074       2       1
   10000       2       1       2       3      11     535       6       6      18     256      18      23            17.72222             2.94444             2.12651             0.26700             1.55944             0.32407          1142.15235             3.51676             1.53794       5       3
   10000       2       1       2       3      11     535       6       6      19     244      17      22            17.29412             2.88235             2.11620             0.27228             1.55264             0.32764          1160.72442             3.54015             1.46241       2       5
   10000       2       1       2       3      11     535       6       6      20     227      16      20            17.12500             2.87500             2.10400             0.27399             1.54770             0.32180          1171.97252             3.56828             1.47139       3       3
   10000       2       1       2       3      11     535       6       6      21     208      15      20            16.93333             2.80000             2.11093             0.27822             1.52808             0.33273          1196.24235             3.54685             1.49579       4       4
   10000       2       1       2       3      11     535       6       6      22     189      14      20            16.71429             2.78571             2.05457             0.27629             1.53948             0.32642          1195.85139             3.59863             1.52369       3       5
   10000       2       1       2       3      11     535       6       6      23     172      13      19            16.53846             2.76923             2.04662             0.27910             1.54679             0.31307          1201.91211             3.60092             1.54444       6       4
   10000       2       1       2       3      11     535       6       6      24     153      12      19            16.33333             2.75000             2.01542             0.27994             1.55069             0.32064          1233.46158             3.57854             1.58981       4       2
   10000       2       1       2       3      11     535       6       6      25     137      11      17            16.27273             2.72727             2.01147             0.28200             1.54393             0.32138          1241.04387             3.62898             1.63125       6       6
   10000       2       1       2       3      11     535       6       6      26     122      10      16            16.30000             2.70000             2.01262             0.28353             1.53166             0.33352          1264.99010             3.60140             1.68057       4       6
   10000       2       1       2       3      11     535       6       6      27     107       9      15            16.44444             2.77778             2.00662             0.28223             1.54312             0.31502          1282.39465             3.57574             1.75618       5       5
   10000       2       1       2       3      11     535       6       6      28      94       8      13            16.87500             2.75000             2.07475             0.28706             1.51725             0.33356          1324.83361             3.48268             1.85071       6       1
   10000       2       1       2       3      11     535       6       6      29      84       7      13            17.14286             2.71429             2.16161             0.27894             1.51935             0.33313          1248.33124             3.50573             1.85502       2       2
   10000       2       1       2       3      11     535       6       6      30      72       6      12            18.16667             2.66667             2.22493             0.27031             1.51500             0.36227          1115.60586             3.63053             2.00915       3       1
