   10000       2       1       2       8       1     525       6       6       0     525      36       0            21.69444             2.91667             2.24134             0.22026             1.60306             0.30909           825.34604             4.00950             2.38234       0       0
   10000       2       1       2       8       1     525       6       6       1     518      35      16            21.94286             2.91429             2.25547             0.22003             1.60965             0.30966           823.19518             4.00794             2.33192       1       2
   10000       2       1       2       8       1     525       6       6       2     507      34      21            22.02941             2.97059             2.26066             0.21978             1.61435             0.30707           824.11832             3.97384             2.26029       2       5
   10000       2       1       2       8       1     525       6       6       3     492      33      18            22.27273             3.00000             2.27159             0.21855             1.62155             0.31193           820.75214             3.94201             2.28309       2       6
   10000       2       1       2       8       1     525       6       6       4     476      32      27            21.96875             2.96875             2.26267             0.22172             1.60853             0.31558           846.29704             3.94727             2.22284       6       5
   10000       2       1       2       8       1     525       6       6       5     459      31      26            21.70968             2.96774             2.25799             0.22446             1.61839             0.31090           857.88816             3.99175             2.17146       5       1
   10000       2       1       2       8       1     525       6       6       6     443      30      20            21.76667             2.96667             2.26019             0.22509             1.62949             0.31548           865.25835             3.97539             2.17193       4       1
   10000       2       1       2       8       1     525       6       6       7     423      29      26            21.55172             3.03448             2.24472             0.22659             1.62224             0.31316           881.17203             3.95771             2.17302       6       4
   10000       2       1       2       8       1     525       6       6       8     410      28      20            21.67857             2.96429             2.25183             0.22626             1.60851             0.31207           872.44926             3.98066             2.14131       4       6
   10000       2       1       2       8       1     525       6       6       9     394      27      18            22.11111             2.96296             2.26854             0.22299             1.60979             0.32533           855.56582             4.00903             2.18539       4       3
   10000       2       1       2       8       1     525       6       6      10     377      26      17            21.92308             2.88462             2.24912             0.22106             1.59888             0.33093           859.32586             4.02954             2.17425       3       1
   10000       2       1       2       8       1     525       6       6      11     365      25      23            21.84000             2.96000             2.22089             0.21940             1.61709             0.31281           858.81175             4.03903             2.09781       3       3
   10000       2       1       2       8       1     525       6       6      12     350      24      20            22.25000             2.95833             2.21703             0.21616             1.62028             0.30821           844.25120             4.06130             2.13649       1       3
   10000       2       1       2       8       1     525       6       6      13     335      23      20            22.04348             3.00000             2.19714             0.21734             1.62679             0.30286           849.50853             4.09989             2.09254       4       2
   10000       2       1       2       8       1     525       6       6      14     320      22      19            22.27273             3.00000             2.20619             0.21514             1.64226             0.28794           844.23287             4.08634             2.06030       5       4
   10000       2       1       2       8       1     525       6       6      15     303      21      29            21.80952             2.95238             2.19940             0.22123             1.65448             0.28950           866.71838             4.09934             2.02325       1       5
   10000       2       1       2       8       1     525       6       6      16     288      20      22            21.65000             2.80000             2.19238             0.22189             1.62310             0.29821           871.95730             4.11032             1.98361       6       3
   10000       2       1       2       8       1     525       6       6      17     268      19      19            21.73684             2.84211             2.16197             0.21806             1.65370             0.29530           870.79517             4.09816             2.03846       1       6
   10000       2       1       2       8       1     525       6       6      18     257      18      26            21.72222             2.88889             2.11587             0.21431             1.65935             0.28740           870.60279             4.09369             1.93737       3       4
   10000       2       1       2       8       1     525       6       6      19     244      17      20            21.41176             2.88235             2.14306             0.21795             1.64331             0.29139           876.65966             4.10307             1.87002       2       3
   10000       2       1       2       8       1     525       6       6      20     230      16      22            21.06250             2.93750             2.12098             0.21952             1.67731             0.29382           887.21202             4.10846             1.83343       3       6
   10000       2       1       2       8       1     525       6       6      21     219      15      20            21.06667             3.13333             2.14262             0.21848             1.71474             0.31116           821.89771             4.13032             1.74431       5       5
   10000       2       1       2       8       1     525       6       6      22     205      14      20            21.07143             3.35714             2.13323             0.21664             1.74483             0.30517           835.75587             4.06504             1.73406       3       5
   10000       2       1       2       8       1     525       6       6      23     184      13      22            20.23077             3.15385             2.08551             0.23334             1.70868             0.31158           953.01269             4.18396             1.69244       5       6
   10000       2       1       2       8       1     525       6       6      24     178      12      19            20.25000             3.16667             2.09242             0.23520             1.66342             0.29199           952.13963             4.23229             1.57220       5       2
   10000       2       1       2       8       1     525       6       6      25     162      11      26            19.27273             3.00000             2.08870             0.24663             1.58235             0.28858          1011.59842             4.20463             1.44404       2       2
   10000       2       1       2       8       1     525       6       6      26     150      10      18            18.90000             3.00000             2.10421             0.25600             1.60405             0.29633          1037.95887             4.22343             1.36324       1       4
   10000       2       1       2       8       1     525       6       6      27     134       9      24            17.44444             2.88889             2.06019             0.26962             1.56901             0.29427          1117.06305             4.31431             1.25520       2       1
   10000       2       1       2       8       1     525       6       6      28     121       8      23            16.37500             2.87500             1.97457             0.27667             1.57096             0.29128          1201.45489             4.35515             1.13305       6       2
   10000       2       1       2       8       1     525       6       6      29     110       7      18            15.71429             2.57143             1.99884             0.29079             1.51557             0.30768          1251.27645             4.40185             1.00000       4       4
   10000       2       1       2       8       1     525       6       6      30      91       6      19            15.16667             2.66667             1.92847             0.29442             1.55520             0.30340          1302.42308             4.48568             1.00000       6       1
