   10000       2       1       2       1       3     496       6       6       0     496      36       0            21.13889             3.02778             2.22575             0.23036             1.59494             0.35659           936.79100             3.61014             2.41911       0       0
   10000       2       1       2       1       3     496       6       6       1     489      35      13            21.48571             3.11429             2.24788             0.22763             1.62969             0.34735           929.23450             3.53692             2.40581       6       3
   10000       2       1       2       1       3     496       6       6       2     473      34      27            21.29412             3.11765             2.23979             0.22966             1.63023             0.34939           940.95943             3.55278             2.36603       4       6
   10000       2       1       2       1       3     496       6       6       3     460      33      21            21.30303             3.15152             2.22414             0.22823             1.64482             0.35250           943.53942             3.53149             2.33032       3       4
   10000       2       1       2       1       3     496       6       6       4     454      32      17            21.50000             3.15625             2.22530             0.22654             1.63082             0.35520           941.46405             3.52608             2.27555       4       5
   10000       2       1       2       1       3     496       6       6       5     442      31      24            21.41935             3.16129             2.24355             0.22875             1.62748             0.35818           946.35386             3.51571             2.25960       4       4
   10000       2       1       2       1       3     496       6       6       6     425      30      23            21.33333             3.13333             2.25314             0.23161             1.62432             0.35663           953.11580             3.52580             2.23522       5       1
   10000       2       1       2       1       3     496       6       6       7     413      29      19            21.51724             3.13793             2.24485             0.22970             1.62239             0.34568           968.93396             3.48592             2.20704       2       4
   10000       2       1       2       1       3     496       6       6       8     400      28      21            21.35714             3.14286             2.21564             0.22961             1.62759             0.33800           986.13073             3.49323             2.16619       6       6
   10000       2       1       2       1       3     496       6       6       9     388      27      26            21.00000             3.14815             2.19700             0.23260             1.63334             0.32937          1003.11456             3.48971             2.07773       2       6
   10000       2       1       2       1       3     496       6       6      10     377      26      19            21.15385             3.11538             2.19579             0.22910             1.62851             0.33027           970.61627             3.51600             2.07811       4       1
   10000       2       1       2       1       3     496       6       6      11     364      25      23            21.20000             3.04000             2.17907             0.22785             1.62883             0.32403           965.76617             3.53422             2.07599       6       5
   10000       2       1       2       1       3     496       6       6      12     344      24      28            20.91667             3.04167             2.18989             0.23188             1.59814             0.32439           980.23635             3.52956             2.05822       4       2
   10000       2       1       2       1       3     496       6       6      13     327      23      16            21.00000             3.00000             2.21629             0.23347             1.60842             0.32750           966.22578             3.55662             2.08157       5       6
   10000       2       1       2       1       3     496       6       6      14     309      22      28            20.90909             3.00000             2.18535             0.23118             1.62199             0.32533           968.28300             3.59128             2.04894       1       5
   10000       2       1       2       1       3     496       6       6      15     297      21      27            20.47619             2.95238             2.20726             0.23799             1.62962             0.31391           974.45075             3.61422             1.98390       5       4
   10000       2       1       2       1       3     496       6       6      16     281      20      18            20.35000             2.90000             2.18690             0.23752             1.60751             0.31090           993.83001             3.62226             1.94054       5       3
   10000       2       1       2       1       3     496       6       6      17     273      19      17            20.68421             2.94737             2.21211             0.23813             1.60926             0.32078           996.39024             3.59575             1.87051       3       3
   10000       2       1       2       1       3     496       6       6      18     265      18      26            20.22222             3.11111             2.20326             0.24342             1.64808             0.31231          1014.64805             3.55907             1.79505       3       5
   10000       2       1       2       1       3     496       6       6      19     252      17      21            20.11765             3.11765             2.18907             0.24176             1.66009             0.31938          1018.36309             3.56543             1.77684       6       1
   10000       2       1       2       1       3     496       6       6      20     240      16      14            20.50000             3.12500             2.17529             0.23443             1.66205             0.31620          1027.47497             3.49386             1.80125       4       3
   10000       2       1       2       1       3     496       6       6      21     230      15      10            21.06667             3.13333             2.21754             0.22786             1.67773             0.32496          1005.92176             3.46367             1.84317       1       6
   10000       2       1       2       1       3     496       6       6      22     216      14      14            21.64286             3.07143             2.24999             0.22434             1.65902             0.32287           991.17589             3.41574             1.90959       6       4
   10000       2       1       2       1       3     496       6       6      23     202      13      21            21.46154             3.07692             2.24410             0.22394             1.65901             0.32366           968.91862             3.43179             1.83546       3       2
   10000       2       1       2       1       3     496       6       6      24     181      12      23            21.33333             3.25000             2.18422             0.21991             1.67210             0.32999           968.69054             3.44969             1.88639       3       6
   10000       2       1       2       1       3     496       6       6      25     171      11      16            21.54545             3.18182             2.24385             0.22240             1.63692             0.32877           945.86761             3.46003             1.84865       1       4
   10000       2       1       2       1       3     496       6       6      26     155      10      16            22.10000             3.00000             2.27670             0.21937             1.63737             0.36748           980.18928             3.21532             1.93352       2       5
   10000       2       1       2       1       3     496       6       6      27     137       9      25            21.22222             3.00000             2.27384             0.23690             1.60529             0.35461          1062.69935             3.23791             1.89280       6       2
   10000       2       1       2       1       3     496       6       6      28     126       8      11            22.50000             3.00000             2.30807             0.21651             1.63095             0.34893           945.55414             3.24523             2.00440       5       2
   10000       2       1       2       1       3     496       6       6      29     110       7      20            22.00000             3.14286             2.28382             0.22374             1.65097             0.36557          1037.22061             3.20546             2.00839       3       1
   10000       2       1       2       1       3     496       6       6      30      87       6      23            21.83333             3.16667             2.24941             0.22305             1.63067             0.34317          1083.82961             3.12531             2.17646       5       5
