   10000       2       2       2       7       1     504       6       6       0     504      36       0            21.11111             2.88889             2.22961             0.22955             1.55904             0.32370           873.83773             3.92412             2.46365       0       0
   10000       2       2       2       7       1     504       6       6       1     495      35      24            21.31429             2.94286             2.25725             0.23091             1.56684             0.33016           861.76923             3.95306             2.44853       2       6
   10000       2       2       2       7       1     504       6       6       2     484      34      27            21.35294             2.97059             2.26870             0.23147             1.56431             0.32779           861.81631             3.98913             2.39282       2       1
   10000       2       2       2       7       1     504       6       6       3     466      33      24            21.96970             2.93939             2.32186             0.22921             1.58045             0.35060           822.50964             4.01690             2.44170       2       3
   10000       2       2       2       7       1     504       6       6       4     450      32      23            22.25000             3.03125             2.33950             0.22569             1.61759             0.35356           786.29543             4.03322             2.46001       6       4
   10000       2       2       2       7       1     504       6       6       5     429      31      27            22.22581             3.03226             2.35178             0.22731             1.63011             0.36247           781.94895             4.05435             2.47545       3       1
   10000       2       2       2       7       1     504       6       6       6     418      30      19            22.16667             3.10000             2.33248             0.22626             1.64451             0.36734           776.95986             4.05162             2.46011       1       6
   10000       2       2       2       7       1     504       6       6       7     402      29      29            22.10345             3.10345             2.33899             0.22717             1.64883             0.36654           778.71283             4.04024             2.46302       1       3
   10000       2       2       2       7       1     504       6       6       8     388      28      22            22.50000             3.14286             2.35130             0.22534             1.66869             0.37871           767.64128             4.07189             2.48588       6       3
   10000       2       2       2       7       1     504       6       6       9     377      27      21            22.22222             3.07407             2.34144             0.22833             1.65593             0.37975           775.89110             4.07165             2.42041       2       2
   10000       2       2       2       7       1     504       6       6      10     355      26      30            21.69231             3.11538             2.30187             0.22907             1.65579             0.36018           788.86974             4.07644             2.43290       6       2
   10000       2       2       2       7       1     504       6       6      11     342      25      20            21.76000             3.08000             2.30195             0.22959             1.64467             0.34886           788.81333             4.10222             2.40867       4       1
   10000       2       2       2       7       1     504       6       6      12     331      24      22            21.95833             3.08333             2.29585             0.22582             1.64137             0.35327           771.51752             4.14620             2.37501       4       2
   10000       2       2       2       7       1     504       6       6      13     318      23      25            22.52174             3.08696             2.30138             0.21905             1.62717             0.35159           747.07528             4.19531             2.42250       4       3
   10000       2       2       2       7       1     504       6       6      14     314      22      18            22.72727             3.13636             2.26769             0.21345             1.63827             0.34695           749.51218             4.16982             2.35759       3       2
   10000       2       2       2       7       1     504       6       6      15     308      21      19            23.71429             3.09524             2.32565             0.20838             1.64091             0.34397           724.00585             4.15112             2.37885       2       4
   10000       2       2       2       7       1     504       6       6      16     297      20      23            24.45000             3.10000             2.32527             0.20268             1.65322             0.33789           693.57916             4.19305             2.40020       3       6
   10000       2       2       2       7       1     504       6       6      17     279      19      24            24.10526             3.10526             2.32132             0.20438             1.65782             0.33666           700.48977             4.25970             2.38665       6       1
   10000       2       2       2       7       1     504       6       6      18     268      18      29            23.77778             3.16667             2.26668             0.20215             1.68240             0.34316           704.96853             4.24898             2.31876       1       4
   10000       2       2       2       7       1     504       6       6      19     254      17      26            23.23529             3.05882             2.25278             0.21065             1.65043             0.33960           731.71489             4.35728             2.21854       5       2
   10000       2       2       2       7       1     504       6       6      20     239      16      22            23.81250             3.12500             2.32914             0.20895             1.69072             0.33077           702.98745             4.32735             2.23380       4       4
   10000       2       2       2       7       1     504       6       6      21     221      15      25            22.93333             3.13333             2.24425             0.21334             1.68667             0.32964           755.48628             4.31643             2.20362       1       5
   10000       2       2       2       7       1     504       6       6      22     212      14      23            23.07143             3.28571             2.24160             0.21365             1.75088             0.32637           753.38137             4.36137             2.11965       6       5
   10000       2       2       2       7       1     504       6       6      23     191      13      31            22.38462             3.38462             2.19166             0.21687             1.76934             0.31702           784.15525             4.45536             2.09451       4       6
   10000       2       2       2       7       1     504       6       6      24     172      12      25            22.33333             3.33333             2.17748             0.21709             1.75549             0.31702           767.18027             4.51418             2.08680       5       1
   10000       2       2       2       7       1     504       6       6      25     155      11      33            22.09091             3.27273             2.22528             0.22731             1.74747             0.33474           767.03582             4.62926             2.09644       3       5
   10000       2       2       2       7       1     504       6       6      26     150      10      10            23.30000             3.30000             2.26487             0.20987             1.72526             0.33131           717.49777             4.48175             2.09652       2       5
   10000       2       2       2       7       1     504       6       6      27     141       9      18            24.00000             3.33333             2.31251             0.20617             1.69410             0.31725           670.18332             4.54587             2.03574       4       5
   10000       2       2       2       7       1     504       6       6      28     129       8      24            23.87500             3.50000             2.29551             0.20749             1.76079             0.32183           664.30244             4.57347             1.80286       5       4
   10000       2       2       2       7       1     504       6       6      29     117       7      21            24.42857             3.42857             2.29653             0.20308             1.84754             0.34340           631.51099             4.69648             1.75387       6       6
   10000       2       2       2       7       1     504       6       6      30     110       6      13            26.33333             3.33333             2.47116             0.19866             1.77045             0.37250           589.82843             4.66927             1.67274       5       3
