   10000       2       2       2       2       1     465       6       6       0     465      36       0            20.86111             3.02778             2.26933             0.23432             1.65535             0.34821           866.06190             3.76657             2.53990       0       0
   10000       2       2       2       2       1     465       6       6       1     453      35      23            21.02857             3.14286             2.28977             0.23658             1.69644             0.35582           854.27535             3.77036             2.52949       5       3
   10000       2       2       2       2       1     465       6       6       2     445      34      17            21.35294             3.17647             2.32873             0.23727             1.70405             0.36149           845.67933             3.79136             2.51427       2       2
   10000       2       2       2       2       1     465       6       6       3     434      33      19            21.72727             3.18182             2.35102             0.23482             1.71533             0.36507           822.71951             3.79092             2.51990       2       5
   10000       2       2       2       2       1     465       6       6       4     426      32      23            21.96875             3.21875             2.34965             0.23166             1.72934             0.36764           807.10031             3.80961             2.48171       3       1
   10000       2       2       2       2       1     465       6       6       5     419      31      12            22.51613             3.19355             2.34164             0.22175             1.71100             0.35608           776.78666             3.83430             2.47979       6       3
   10000       2       2       2       2       1     465       6       6       6     398      30      28            22.83333             3.06667             2.39273             0.22373             1.71865             0.38624           748.05587             3.93400             2.62601       5       5
   10000       2       2       2       2       1     465       6       6       7     385      29      21            23.13793             3.13793             2.38233             0.22074             1.77645             0.38071           739.13375             3.95092             2.64981       2       4
   10000       2       2       2       2       1     465       6       6       8     375      28      16            23.32143             3.21429             2.39047             0.21881             1.80498             0.38954           727.58364             3.97968             2.63234       1       6
   10000       2       2       2       2       1     465       6       6       9     366      27      22            23.14815             3.29630             2.36901             0.21901             1.81808             0.40548           735.66928             3.99368             2.57786       6       4
   10000       2       2       2       2       1     465       6       6      10     355      26      23            22.80769             3.26923             2.37394             0.22355             1.80971             0.39885           756.65451             4.00839             2.53963       1       1
   10000       2       2       2       2       1     465       6       6      11     348      25      13            23.24000             3.28000             2.38039             0.21967             1.82334             0.39909           734.51809             4.03941             2.54676       1       2
   10000       2       2       2       2       1     465       6       6      12     336      24      31            22.95833             3.33333             2.35636             0.21991             1.85099             0.41015           738.69804             4.05987             2.46679       5       1
   10000       2       2       2       2       1     465       6       6      13     325      23      27            23.21739             3.47826             2.39310             0.21878             1.89918             0.41649           723.66197             4.07391             2.41928       3       6
   10000       2       2       2       2       1     465       6       6      14     316      22      19            23.31818             3.45455             2.39944             0.21807             1.89562             0.40671           719.96894             4.06845             2.38220       4       1
   10000       2       2       2       2       1     465       6       6      15     301      21      21            23.14286             3.38095             2.36713             0.21739             1.89956             0.40432           739.93833             4.11993             2.38166       6       6
   10000       2       2       2       2       1     465       6       6      16     299      20      15            23.45000             3.35000             2.39586             0.21672             1.89406             0.40121           719.07253             4.09293             2.20476       5       6
   10000       2       2       2       2       1     465       6       6      17     292      19      23            23.47368             3.31579             2.40845             0.21739             1.86485             0.40138           720.91157             4.07093             2.09114       5       4
   10000       2       2       2       2       1     465       6       6      18     284      18      19            23.66667             3.27778             2.42931             0.21805             1.87917             0.40630           715.75232             4.08788             2.05005       1       5
   10000       2       2       2       2       1     465       6       6      19     273      17      24            23.70588             3.29412             2.43984             0.21901             1.87550             0.41864           711.05749             4.12190             2.01492       1       4
   10000       2       2       2       2       1     465       6       6      20     261      16      21            24.00000             3.12500             2.47618             0.22093             1.83340             0.43104           718.83905             4.10630             2.01963       6       1
   10000       2       2       2       2       1     465       6       6      21     250      15      23            24.00000             3.26667             2.45503             0.22036             1.87199             0.41449           733.16600             4.05376             1.95753       4       6
   10000       2       2       2       2       1     465       6       6      22     235      14      20            24.28571             3.28571             2.45536             0.21806             1.84583             0.40919           719.23492             4.01538             1.98474       2       1
   10000       2       2       2       2       1     465       6       6      23     222      13      33            23.92308             3.30769             2.43904             0.22087             1.84419             0.40435           719.22147             4.07859             1.95460       1       3
   10000       2       2       2       2       1     465       6       6      24     211      12      19            24.75000             3.33333             2.43891             0.21122             1.83585             0.40498           712.14975             4.02525             1.93590       4       5
   10000       2       2       2       2       1     465       6       6      25     190      11      34            24.54545             3.27273             2.39859             0.20997             1.84885             0.39632           716.59937             4.07433             1.94519       2       3
   10000       2       2       2       2       1     465       6       6      26     180      10      18            25.10000             3.40000             2.34447             0.19879             1.91887             0.39526           691.23723             4.09024             1.91104       6       2
   10000       2       2       2       2       1     465       6       6      27     160       9      21            25.22222             3.44444             2.32227             0.19532             1.95201             0.39572           675.34560             4.11165             1.93382       2       6
   10000       2       2       2       2       1     465       6       6      28     145       8      24            24.87500             3.50000             2.25971             0.19351             1.97272             0.40497           685.98509             4.11874             1.86236       3       5
   10000       2       2       2       2       1     465       6       6      29     125       7      27            24.28571             3.57143             2.30263             0.20234             2.05700             0.39065           701.03658             4.15240             1.82369       5       2
   10000       2       2       2       2       1     465       6       6      30     110       6      18            25.33333             3.50000             2.38225             0.20022             2.05915             0.40765           627.78516             4.10457             1.89307       6       5
