   10000       2       2       2       6       7     487       6       6       0     487      36       0            20.66667             3.16667             2.25710             0.23799             1.67006             0.35268           950.26701             3.56068             2.38376       0       0
   10000       2       2       2       6       7     487       6       6       1     479      35      15            20.91429             3.20000             2.26258             0.23594             1.67646             0.34997           938.01265             3.56110             2.37419       4       1
   10000       2       2       2       6       7     487       6       6       2     467      34      23            21.41176             3.14706             2.27250             0.23168             1.67621             0.36531           915.71414             3.55740             2.39930       4       2
   10000       2       2       2       6       7     487       6       6       3     456      33      19            22.24242             3.24242             2.33364             0.23000             1.69271             0.36489           881.13211             3.56813             2.45780       5       3
   10000       2       2       2       6       7     487       6       6       4     441      32      22            22.34375             3.18750             2.32093             0.22897             1.71048             0.36778           891.39643             3.56312             2.47339       2       6
   10000       2       2       2       6       7     487       6       6       5     430      31      22            22.22581             3.16129             2.30976             0.22995             1.71355             0.36318           898.17262             3.57635             2.44303       5       1
   10000       2       2       2       6       7     487       6       6       6     416      30      26            22.53333             3.10000             2.35533             0.23078             1.71358             0.37936           879.34671             3.58912             2.49263       4       3
   10000       2       2       2       6       7     487       6       6       7     395      29      31            22.31034             3.06897             2.32890             0.22979             1.72854             0.38065           877.22908             3.61113             2.51163       6       3
   10000       2       2       2       6       7     487       6       6       8     388      28      20            22.42857             3.10714             2.32593             0.22914             1.73796             0.37984           877.33238             3.62808             2.50027       6       1
   10000       2       2       2       6       7     487       6       6       9     379      27      15            22.62963             3.11111             2.35486             0.22901             1.74267             0.39233           872.70899             3.59661             2.49427       1       6
   10000       2       2       2       6       7     487       6       6      10     364      26      36            23.11538             3.07692             2.35835             0.22242             1.72927             0.39576           846.67848             3.58444             2.50566       2       1
   10000       2       2       2       6       7     487       6       6      11     345      25      25            23.48000             3.16000             2.38567             0.21972             1.74886             0.38543           810.79849             3.64561             2.53578       6       5
   10000       2       2       2       6       7     487       6       6      12     337      24      10            23.66667             3.12500             2.39834             0.21547             1.75219             0.38906           806.56980             3.58087             2.49443       6       6
   10000       2       2       2       6       7     487       6       6      13     329      23      24            23.78261             3.08696             2.39531             0.21507             1.73535             0.39671           798.30395             3.60395             2.44725       5       4
   10000       2       2       2       6       7     487       6       6      14     317      22      27            23.68182             3.13636             2.40121             0.21648             1.75774             0.41117           794.68784             3.62975             2.41556       3       6
   10000       2       2       2       6       7     487       6       6      15     298      21      26            23.47619             3.14286             2.38832             0.21755             1.78785             0.42073           799.88631             3.64311             2.39203       1       5
   10000       2       2       2       6       7     487       6       6      16     279      20      27            23.20000             3.30000             2.37873             0.21946             1.81010             0.43034           812.21851             3.65769             2.35474       2       2
   10000       2       2       2       6       7     487       6       6      17     264      19      22            23.10526             3.26316             2.37990             0.22064             1.81717             0.42841           808.87482             3.67317             2.36212       6       4
   10000       2       2       2       6       7     487       6       6      18     254      18      23            24.66667             3.16667             2.35874             0.20367             1.83482             0.42946           749.72740             3.65654             2.45151       3       4
   10000       2       2       2       6       7     487       6       6      19     244      17      26            24.58824             3.29412             2.35651             0.20554             1.84130             0.41356           739.26172             3.68888             2.36336       2       4
   10000       2       2       2       6       7     487       6       6      20     231      16      28            24.18750             3.31250             2.36024             0.20931             1.81884             0.40284           748.89985             3.72901             2.33897       5       2
   10000       2       2       2       6       7     487       6       6      21     223      15      26            23.93333             3.40000             2.34192             0.21003             1.89111             0.40985           750.22945             3.80213             2.22387       1       3
   10000       2       2       2       6       7     487       6       6      22     214      14      19            23.92857             3.35714             2.36872             0.21387             1.84396             0.39521           763.77001             3.84976             2.11093       5       6
   10000       2       2       2       6       7     487       6       6      23     196      13      28            23.61538             3.46154             2.32528             0.21160             1.87790             0.37786           759.68299             3.88138             2.07576       5       5
   10000       2       2       2       6       7     487       6       6      24     182      12      22            23.33333             3.41667             2.33117             0.21512             1.86304             0.38369           765.49771             3.83303             2.02211       1       1
   10000       2       2       2       6       7     487       6       6      25     166      11      27            22.45455             3.45455             2.31245             0.22249             1.89119             0.38329           802.00781             3.89006             1.90131       3       5
   10000       2       2       2       6       7     487       6       6      26     156      10      21            22.50000             3.40000             2.30452             0.22177             1.89730             0.39772           814.39277             3.85936             1.82304       1       4
   10000       2       2       2       6       7     487       6       6      27     143       9      20            22.77778             3.44444             2.32388             0.22164             1.91513             0.38928           826.52860             3.84051             1.81404       1       2
   10000       2       2       2       6       7     487       6       6      28     130       8      17            23.50000             3.37500             2.36436             0.21809             1.88108             0.41451           778.10731             3.80873             1.82483       2       5
   10000       2       2       2       6       7     487       6       6      29     112       7      22            23.71429             3.28571             2.39693             0.22018             1.85729             0.43971           773.19813             3.86994             1.86910       6       2
   10000       2       2       2       6       7     487       6       6      30     106       6      17            25.33333             3.16667             2.42976             0.20986             1.87446             0.44058           692.86229             3.90645             1.75923       2       3
