   10000       2       2       2      11       7     509       6       6       0     509      36       0            22.55556             2.97222             2.25679             0.22020             1.60747             0.37073           901.40110             3.36120             2.56709       0       0
   10000       2       2       2      11       7     509       6       6       1     497      35       7            23.00000             3.00000             2.32132             0.21653             1.61445             0.38354           860.11912             3.36149             2.62244       4       3
   10000       2       2       2      11       7     509       6       6       2     488      34      24            23.67647             2.97059             2.33489             0.21225             1.62680             0.39165           844.96779             3.36485             2.64411       6       3
   10000       2       2       2      11       7     509       6       6       3     474      33      19            24.06061             2.93939             2.35705             0.21030             1.64755             0.39058           831.86662             3.38603             2.66568       3       6
   10000       2       2       2      11       7     509       6       6       4     464      32      20            24.28125             2.93750             2.38358             0.21032             1.64621             0.39475           806.93264             3.40979             2.61619       4       4
   10000       2       2       2      11       7     509       6       6       5     451      31      19            24.41935             2.96774             2.38514             0.21003             1.67044             0.39267           808.27739             3.41288             2.53669       3       1
   10000       2       2       2      11       7     509       6       6       6     429      30      18            24.83333             3.00000             2.38022             0.20677             1.69749             0.39548           791.33068             3.43613             2.62444       1       3
   10000       2       2       2      11       7     509       6       6       7     421      29      18            25.10345             2.96552             2.37072             0.20357             1.69150             0.38181           795.67572             3.35853             2.60165       1       1
   10000       2       2       2      11       7     509       6       6       8     399      28      25            24.89286             3.00000             2.37845             0.20660             1.71764             0.38453           800.78294             3.37174             2.61311       6       2
   10000       2       2       2      11       7     509       6       6       9     380      27      28            24.70370             2.92593             2.40094             0.21167             1.70619             0.38958           813.50801             3.37984             2.58954       5       3
   10000       2       2       2      11       7     509       6       6      10     373      26      21            24.76923             2.96154             2.39060             0.20973             1.71529             0.39184           810.89838             3.35744             2.53623       2       1
   10000       2       2       2      11       7     509       6       6      11     358      25      30            24.64000             3.00000             2.38688             0.21348             1.71601             0.39290           822.63552             3.37077             2.50847       2       2
   10000       2       2       2      11       7     509       6       6      12     346      24      23            24.95833             3.04167             2.40798             0.21242             1.71569             0.38953           809.66711             3.36298             2.51184       2       3
   10000       2       2       2      11       7     509       6       6      13     335      23      16            25.26087             3.04348             2.41889             0.20988             1.70988             0.39044           804.70499             3.32341             2.52725       1       2
   10000       2       2       2      11       7     509       6       6      14     328      22      28            26.72727             3.00000             2.44601             0.20117             1.73557             0.40509           759.34746             3.32524             2.56504       2       5
   10000       2       2       2      11       7     509       6       6      15     316      21      14            27.09524             3.09524             2.45544             0.19499             1.73569             0.40796           745.10411             3.31603             2.58209       4       1
   10000       2       2       2      11       7     509       6       6      16     303      20      18            27.35000             3.00000             2.46878             0.19172             1.73502             0.41878           730.32164             3.28669             2.56926       6       1
   10000       2       2       2      11       7     509       6       6      17     295      19      19            27.26316             3.00000             2.48691             0.19243             1.73808             0.40823           715.21963             3.31973             2.44288       1       4
   10000       2       2       2      11       7     509       6       6      18     289      18      24            27.61111             3.05556             2.49861             0.19054             1.77889             0.41401           720.43801             3.32780             2.39862       5       2
   10000       2       2       2      11       7     509       6       6      19     275      17      23            27.88235             3.11765             2.50104             0.19087             1.82438             0.41401           714.89487             3.36495             2.35845       4       6
   10000       2       2       2      11       7     509       6       6      20     266      16      25            28.06250             3.25000             2.46805             0.18847             1.87570             0.40476           703.32279             3.36255             2.31644       3       3
   10000       2       2       2      11       7     509       6       6      21     255      15      28            28.40000             3.33333             2.53057             0.19309             1.88592             0.42314           698.50062             3.37059             2.30339       5       5
   10000       2       2       2      11       7     509       6       6      22     245      14      26            28.42857             3.28571             2.53632             0.19366             1.87048             0.41874           701.25516             3.39642             2.20781       3       4
   10000       2       2       2      11       7     509       6       6      23     232      13      40            27.30769             3.30769             2.51345             0.19971             1.85656             0.42079           727.09515             3.40253             2.07849       3       5
   10000       2       2       2      11       7     509       6       6      24     216      12      25            27.00000             3.16667             2.54506             0.20868             1.85646             0.41826           736.31295             3.40546             2.05295       4       2
   10000       2       2       2      11       7     509       6       6      25     209      11      15            28.09091             3.09091             2.56809             0.19899             1.82107             0.42187           727.77732             3.28906             2.03293       3       2
   10000       2       2       2      11       7     509       6       6      26     204      10      17            29.40000             3.10000             2.58990             0.18643             1.84364             0.40478           707.45162             3.26698             1.86511       5       6
   10000       2       2       2      11       7     509       6       6      27     199       9      24            30.55556             3.11111             2.58173             0.17861             1.86547             0.38283           698.70505             3.24771             1.71718       6       5
   10000       2       2       2      11       7     509       6       6      28     180       8      29            30.50000             3.12500             2.56512             0.17820             1.87910             0.37905           701.29418             3.23512             1.66417       2       4
   10000       2       2       2      11       7     509       6       6      29     163       7      25            31.28571             3.14286             2.59772             0.17603             1.87373             0.39749           694.20214             3.22611             1.61487       6       6
   10000       2       2       2      11       7     509       6       6      30     153       6      27            30.66667             3.50000             2.61313             0.18248             1.92873             0.36556           724.89907             3.34747             1.36506       1       6
