   10000       2       2       2       5      11     503       6       6       0     503      36       0            22.55556             3.00000             2.29326             0.21934             1.68768             0.35119           834.45777             3.74064             2.54979       0       0
   10000       2       2       2       5      11     503       6       6       1     485      35      32            22.97143             2.94286             2.32832             0.21788             1.69074             0.36694           808.33706             3.75398             2.64644       5       3
   10000       2       2       2       5      11     503       6       6       2     466      34      31            23.47059             3.02941             2.33741             0.21447             1.71299             0.37020           798.08484             3.78797             2.74600       5       4
   10000       2       2       2       5      11     503       6       6       3     442      33      36            23.45455             3.03030             2.31609             0.21321             1.72294             0.37833           791.81194             3.81754             2.75740       5       5
   10000       2       2       2       5      11     503       6       6       4     429      32      32            23.62500             3.06250             2.30272             0.20986             1.71962             0.37096           779.40652             3.81063             2.72545       4       4
   10000       2       2       2       5      11     503       6       6       5     410      31      33            23.41935             3.06452             2.28847             0.21002             1.74741             0.37276           785.11440             3.82796             2.73118       4       6
   10000       2       2       2       5      11     503       6       6       6     401      30      32            23.96667             3.10000             2.29981             0.20662             1.75037             0.37809           766.20928             3.80663             2.72880       3       5
   10000       2       2       2       5      11     503       6       6       7     390      29      31            23.68966             3.06897             2.28138             0.20731             1.73677             0.37488           771.22402             3.82231             2.67006       4       5
   10000       2       2       2       5      11     503       6       6       8     380      28      30            23.53571             3.14286             2.29553             0.20931             1.76833             0.38152           773.37002             3.79174             2.57689       3       3
   10000       2       2       2       5      11     503       6       6       9     368      27      29            23.22222             3.03704             2.28879             0.21243             1.73790             0.37405           784.47231             3.83441             2.52871       3       4
   10000       2       2       2       5      11     503       6       6      10     358      26      28            23.26923             3.07692             2.30813             0.21360             1.72305             0.38262           779.09871             3.86663             2.51060       6       3
   10000       2       2       2       5      11     503       6       6      11     346      25      28            23.28000             3.08000             2.31390             0.21529             1.73392             0.38231           776.45855             3.90390             2.48567       6       2
   10000       2       2       2       5      11     503       6       6      12     336      24      31            23.75000             3.00000             2.31137             0.21135             1.72571             0.39027           756.48097             3.93089             2.47330       5       2
   10000       2       2       2       5      11     503       6       6      13     319      23      34            23.78261             3.04348             2.29427             0.20842             1.74952             0.39245           738.35579             3.96058             2.49189       4       2
   10000       2       2       2       5      11     503       6       6      14     302      22      32            23.13636             3.00000             2.21768             0.20623             1.77636             0.38629           758.02940             3.99065             2.45136       5       1
   10000       2       2       2       5      11     503       6       6      15     285      21      30            22.71429             3.00000             2.21439             0.21047             1.76736             0.39814           773.36432             4.02012             2.42363       4       1
   10000       2       2       2       5      11     503       6       6      16     279      20      28            23.20000             3.00000             2.23603             0.20903             1.75279             0.40764           779.83256             3.98533             2.44474       3       2
   10000       2       2       2       5      11     503       6       6      17     266      19      30            23.36842             2.94737             2.24308             0.20693             1.77807             0.38855           746.33262             3.95310             2.38086       2       1
   10000       2       2       2       5      11     503       6       6      18     254      18      30            22.83333             3.00000             2.22236             0.20930             1.80772             0.39466           758.95456             3.97534             2.29010       2       2
   10000       2       2       2       5      11     503       6       6      19     239      17      28            22.47059             3.00000             2.21412             0.21168             1.80295             0.38866           768.39600             3.95728             2.23991       3       1
   10000       2       2       2       5      11     503       6       6      20     225      16      27            21.93750             2.87500             2.20580             0.21548             1.78751             0.39392           779.69641             3.99350             2.19228       3       6
   10000       2       2       2       5      11     503       6       6      21     204      15      25            20.93333             2.80000             2.16139             0.22043             1.75710             0.38990           816.42244             4.01888             2.17265       5       6
   10000       2       2       2       5      11     503       6       6      22     190      14      25            20.85714             2.85714             2.14813             0.21929             1.77843             0.38038           813.56040             4.11741             2.13035       2       3
   10000       2       2       2       5      11     503       6       6      23     175      13      26            21.23077             3.07692             2.12896             0.21589             1.79488             0.38991           783.57164             4.22501             2.12211       2       5
   10000       2       2       2       5      11     503       6       6      24     160      12      28            20.08333             3.33333             2.07543             0.22550             1.85649             0.39238           819.89368             4.22339             1.91194       1       4
   10000       2       2       2       5      11     503       6       6      25     154      11      25            19.90909             3.18182             2.07771             0.22962             1.86627             0.41647           829.32029             4.23943             1.76657       1       5
   10000       2       2       2       5      11     503       6       6      26     146      10      27            19.40000             3.20000             2.06048             0.23283             1.85664             0.40175           847.76889             4.22843             1.61158       2       6
   10000       2       2       2       5      11     503       6       6      27     130       9      21            19.11111             3.22222             2.05044             0.23850             1.86571             0.39392           862.72695             4.23156             1.60990       4       3
   10000       2       2       2       5      11     503       6       6      28     114       8      20            19.00000             3.25000             2.02550             0.23871             1.85550             0.39711           856.12061             4.15583             1.60670       1       6
   10000       2       2       2       5      11     503       6       6      29      95       7      19            19.00000             3.28571             2.03666             0.24190             1.85867             0.38241           858.33397             4.24549             1.69337       6       1
   10000       2       2       2       5      11     503       6       6      30      87       6       9            20.66667             3.16667             2.13536             0.22203             1.81428             0.40447           827.55164             3.98045             1.77884       2       4
