   10000       2       2       1       1      10     487       6       6       0     487      36       0            20.66667             3.16667             2.25710             0.23799             1.67006             0.35268           950.26692             3.56068             2.38376       0       0
   10000       2       2       1       1      10     487       6       6       1     473      35      22            21.54286             3.11429             2.35516             0.23758             1.68206             0.37757           894.85169             3.58905             2.50225       4       4
   10000       2       2       1       1      10     487       6       6       2     456      34      27            22.02941             3.14706             2.36154             0.23310             1.68732             0.38303           874.38137             3.61402             2.57868       6       3
   10000       2       2       1       1      10     487       6       6       3     446      33      19            22.24242             3.21212             2.35817             0.23298             1.70486             0.37305           867.59558             3.60125             2.59950       5       6
   10000       2       2       1       1      10     487       6       6       4     436      32      18            22.43750             3.25000             2.34220             0.23104             1.71663             0.37122           870.75911             3.54861             2.57417       1       2
   10000       2       2       1       1      10     487       6       6       5     425      31      23            22.87097             3.25806             2.36300             0.22992             1.73615             0.39447           857.28566             3.55511             2.58451       6       2
   10000       2       2       1       1      10     487       6       6       6     419      30      15            23.33333             3.26667             2.39133             0.22778             1.74372             0.38637           818.59449             3.57761             2.55917       2       4
   10000       2       2       1       1      10     487       6       6       7     401      29      17            24.03448             3.20690             2.41286             0.22143             1.74985             0.39849           784.93148             3.53942             2.65375       3       1
   10000       2       2       1       1      10     487       6       6       8     388      28      35            23.85714             3.21429             2.40568             0.22144             1.74684             0.39618           782.05817             3.54932             2.60230       2       1
   10000       2       2       1       1      10     487       6       6       9     371      27      28            24.18519             3.25926             2.42654             0.22016             1.75612             0.40162           772.04257             3.58359             2.66119       4       3
   10000       2       2       1       1      10     487       6       6      10     358      26      22            24.00000             3.26923             2.47023             0.22660             1.78420             0.40956           775.70878             3.61785             2.61852       1       3
   10000       2       2       1       1      10     487       6       6      11     346      25      28            23.84000             3.32000             2.45450             0.22770             1.80786             0.41107           777.62748             3.65426             2.65355       4       2
   10000       2       2       1       1      10     487       6       6      12     332      24      27            24.25000             3.33333             2.46239             0.22537             1.81570             0.41979           760.14408             3.67020             2.64935       3       6
   10000       2       2       1       1      10     487       6       6      13     323      23      30            24.17391             3.34783             2.45860             0.22943             1.82192             0.40797           769.22015             3.69763             2.57823       5       4
   10000       2       2       1       1      10     487       6       6      14     319      22       7            25.00000             3.31818             2.48714             0.21477             1.82984             0.41202           716.56639             3.66751             2.53805       6       6
   10000       2       2       1       1      10     487       6       6      15     306      21      26            24.57143             3.33333             2.46805             0.21822             1.83677             0.41042           733.65382             3.69783             2.41915       5       1
   10000       2       2       1       1      10     487       6       6      16     289      20      32            23.65000             3.40000             2.46353             0.22532             1.86506             0.39601           756.32670             3.73362             2.28543       4       5
   10000       2       2       1       1      10     487       6       6      17     280      19      21            23.84211             3.26316             2.42335             0.22135             1.84691             0.39540           773.56636             3.74597             2.23567       2       6
   10000       2       2       1       1      10     487       6       6      18     270      18      22            24.05556             3.27778             2.40301             0.21798             1.87004             0.38691           776.55138             3.76560             2.16109       3       4
   10000       2       2       1       1      10     487       6       6      19     262      17      13            24.88235             3.35294             2.42658             0.21100             1.88708             0.39857           740.91543             3.71251             2.16954       1       6
   10000       2       2       1       1      10     487       6       6      20     249      16      28            24.68750             3.37500             2.44732             0.21504             1.86704             0.42196           741.73245             3.74044             2.11118       2       5
   10000       2       2       1       1      10     487       6       6      21     237      15      25            24.53333             3.33333             2.46711             0.21865             1.89548             0.43493           752.29131             3.75945             2.09268       1       4
   10000       2       2       1       1      10     487       6       6      22     229      14      34            23.85714             3.42857             2.42035             0.22019             1.92373             0.41161           764.61285             3.79333             1.93071       5       2
   10000       2       2       1       1      10     487       6       6      23     211      13      20            24.07692             3.46154             2.40770             0.21723             1.92900             0.41180           752.62593             3.76245             1.97484       1       1
   10000       2       2       1       1      10     487       6       6      24     198      12      20            24.41667             3.58333             2.40037             0.21346             1.94922             0.39184           735.81981             3.69443             1.93395       3       5
   10000       2       2       1       1      10     487       6       6      25     183      11      25            23.72727             3.54545             2.35012             0.21565             1.97044             0.39885           765.87015             3.68618             1.78776       2       2
   10000       2       2       1       1      10     487       6       6      26     174      10      21            24.20000             3.60000             2.38809             0.21569             2.01435             0.40042           743.99121             3.68009             1.69562       2       3
   10000       2       2       1       1      10     487       6       6      27     160       9      24            23.77778             3.55556             2.36375             0.21849             1.98968             0.41406           736.19244             3.78616             1.56549       6       4
   10000       2       2       1       1      10     487       6       6      28     154       8      13            24.87500             3.50000             2.39295             0.20637             1.94578             0.39659           703.34341             3.81568             1.48844       4       1
   10000       2       2       1       1      10     487       6       6      29     141       7      22            24.57143             3.85714             2.38636             0.21085             1.99763             0.38842           705.31292             3.88864             1.36924       5       5
   10000       2       2       1       1      10     487       6       6      30     126       6      25            24.50000             3.50000             2.43176             0.21611             1.95299             0.38875           713.20125             3.93065             1.24991       5       3
   10000       2       2       1       1      10     487       6       6      31     103       5      22            24.80000             3.40000             2.52809             0.22423             1.89510             0.38983           708.08701             4.09852             1.30033       6       1
   10000       2       2       1       1      10     487       6       6      32      82       4      22            25.50000             3.25000             2.51696             0.21920             1.87893             0.41586           706.60067             4.02223             1.35569       1       5
   10000       2       2       1       1      10     487       6       6      33      66       3      19            27.66667             3.00000             2.61942             0.21043             1.85956             0.43262           648.36452             3.97293             1.35988       6       5
   10000       2       2       1       1      10     487       6       6      34      45       2      33            22.50000             3.00000             2.62037             0.25247             1.80656             0.41742           783.38171             4.20534             1.00000       3       3
   10000       2       2       1       1      10     487       6       6      35      27       1      18            27.00000             3.00000             2.74074             0.21083             1.73077             0.42308           710.40630             4.12737             1.00000       4       6
   10000       2       2       1       1      10     487       6       6      36       0       0      27             0.00000             0.00000             0.00000             0.00000             0.00000             0.00000             0.00000             0.00000             0.00000       3       2
