   10000       2       1       2       9      10     487       6       6       0     487      36       0            20.66667             3.16667             2.25710             0.23799             1.67006             0.35268           950.26701             3.56068             2.38376       0       0
   10000       2       1       2       9      10     487       6       6       1     476      35      18            21.05714             3.20000             2.29394             0.23727             1.68574             0.35152           924.86176             3.57740             2.39156       4       5
   10000       2       1       2       9      10     487       6       6       2     464      34      19            21.26471             3.14706             2.30498             0.23608             1.68413             0.34988           916.50082             3.59134             2.40647       5       3
   10000       2       1       2       9      10     487       6       6       3     450      33      27            21.03030             3.18182             2.30682             0.23936             1.68948             0.35143           923.99500             3.60947             2.34419       3       6
   10000       2       1       2       9      10     487       6       6       4     444      32      20            21.34375             3.21875             2.29104             0.23528             1.70542             0.33745           914.81778             3.62347             2.30644       6       2
   10000       2       1       2       9      10     487       6       6       5     439      31      14            21.64516             3.22581             2.31966             0.23520             1.70612             0.34318           897.89772             3.61686             2.26481       4       1
   10000       2       1       2       9      10     487       6       6       6     422      30      27            21.73333             3.16667             2.35100             0.23737             1.72095             0.35364           890.73603             3.61076             2.28887       1       5
   10000       2       1       2       9      10     487       6       6       7     409      29      21            21.72414             3.17241             2.32449             0.23537             1.73606             0.36029           894.53602             3.61440             2.28901       6       1
   10000       2       1       2       9      10     487       6       6       8     401      28      16            22.00000             3.17857             2.34881             0.23527             1.73811             0.36952           881.68779             3.62150             2.25457       5       4
   10000       2       1       2       9      10     487       6       6       9     383      27      28            21.55556             3.18519             2.32841             0.23874             1.71859             0.36467           902.23100             3.64003             2.22277       5       2
   10000       2       1       2       9      10     487       6       6      10     366      26      25            21.65385             3.15385             2.34334             0.23874             1.71805             0.36106           896.02141             3.65284             2.23328       4       2
   10000       2       1       2       9      10     487       6       6      11     356      25      22            21.44000             3.08000             2.32905             0.24197             1.69969             0.35298           917.60039             3.62917             2.17357       2       6
   10000       2       1       2       9      10     487       6       6      12     341      24      17            21.45833             3.16667             2.32216             0.24269             1.70856             0.34964           920.38435             3.61364             2.11628       2       3
   10000       2       1       2       9      10     487       6       6      13     318      23      38            20.69565             3.17391             2.27676             0.24551             1.70697             0.33759           940.97564             3.62501             2.05685       2       1
   10000       2       1       2       9      10     487       6       6      14     304      22      16            20.90909             3.18182             2.27637             0.24274             1.72168             0.34081           941.03625             3.58991             2.08757       1       6
   10000       2       1       2       9      10     487       6       6      15     288      21      27            20.90476             3.14286             2.27995             0.24309             1.70909             0.34512           942.90448             3.58162             2.05271       3       4
   10000       2       1       2       9      10     487       6       6      16     265      20      27            20.20000             3.10000             2.28613             0.25686             1.71135             0.35145           991.75690             3.63840             2.03718       6       3
   10000       2       1       2       9      10     487       6       6      17     251      19      24            19.57895             3.10526             2.28413             0.26506             1.70527             0.34704          1029.58773             3.66742             1.98405       4       3
   10000       2       1       2       9      10     487       6       6      18     236      18      15            19.38889             3.11111             2.26815             0.26388             1.70559             0.34813          1047.54144             3.65783             1.98861       3       1
   10000       2       1       2       9      10     487       6       6      19     220      17      31            18.70588             3.11765             2.23006             0.26726             1.70981             0.34355          1083.97582             3.65765             1.88355       6       5
   10000       2       1       2       9      10     487       6       6      20     207      16      24            18.25000             3.12500             2.22371             0.27226             1.72488             0.34178          1139.73419             3.64235             1.79588       1       4
   10000       2       1       2       9      10     487       6       6      21     192      15      15            18.46667             3.13333             2.25031             0.27252             1.74321             0.34809          1134.22892             3.67500             1.84894       5       1
   10000       2       1       2       9      10     487       6       6      22     184      14      24            17.28571             3.21429             2.16715             0.28423             1.76006             0.30990          1236.50207             3.57648             1.62102       1       2
   10000       2       1       2       9      10     487       6       6      23     167      13      27            16.00000             3.23077             2.12505             0.30307             1.77333             0.31466          1332.91857             3.56258             1.49048       3       2
   10000       2       1       2       9      10     487       6       6      24     152      12      19            15.66667             3.16667             2.11364             0.30893             1.78795             0.30519          1351.08791             3.55785             1.46946       3       5
   10000       2       1       2       9      10     487       6       6      25     139      11      13            15.90909             3.18182             2.10299             0.30321             1.79898             0.30263          1305.16182             3.63567             1.51214       6       4
   10000       2       1       2       9      10     487       6       6      26     128      10      19            15.20000             3.20000             2.14675             0.32438             1.83369             0.32165          1329.21906             3.77853             1.42610       2       4
   10000       2       1       2       9      10     487       6       6      27     115       9      16            14.55556             3.11111             2.01193             0.31862             1.77786             0.29300          1420.88535             3.79359             1.32582       4       6
   10000       2       1       2       9      10     487       6       6      28     106       8      19            13.87500             3.00000             2.04234             0.34271             1.76065             0.33107          1505.02492             3.77353             1.11303       5       6
   10000       2       1       2       9      10     487       6       6      29      94       7      13            14.00000             3.00000             2.04440             0.34524             1.75366             0.35966          1489.92717             3.72853             1.10707       1       3
   10000       2       1       2       9      10     487       6       6      30      79       6      14            13.83333             3.00000             1.95973             0.34148             1.74649             0.38572          1509.85307             3.77679             1.12492       2       5
