   10000       2       2       2       3       9     514       6       6       0     514      36       0            21.69444             3.13889             2.30008             0.22645             1.65036             0.33603           860.60524             3.60649             2.37765       0       0
   10000       2       2       2       3       9     514       6       6       1     499      35      20            22.37143             3.08571             2.35942             0.22440             1.68137             0.34637           830.30754             3.59334             2.46640       4       2
   10000       2       2       2       3       9     514       6       6       2     491      34      18            22.52941             3.05882             2.34367             0.22269             1.67320             0.34371           832.52096             3.60483             2.40138       5       3
   10000       2       2       2       3       9     514       6       6       3     478      33      29            22.78788             3.06061             2.35504             0.22086             1.69834             0.34227           815.13850             3.62737             2.40571       5       1
   10000       2       2       2       3       9     514       6       6       4     463      32      23            22.62500             3.18750             2.34245             0.22143             1.71921             0.35022           817.75012             3.66353             2.38900       3       1
   10000       2       2       2       3       9     514       6       6       5     448      31      23            23.03226             3.19355             2.34619             0.21869             1.73458             0.33808           804.21306             3.69961             2.44471       2       2
   10000       2       2       2       3       9     514       6       6       6     429      30      24            23.40000             3.16667             2.37467             0.21728             1.71843             0.34160           791.33774             3.69129             2.49789       2       4
   10000       2       2       2       3       9     514       6       6       7     417      29      23            24.10345             3.06897             2.42530             0.21731             1.73194             0.35901           761.29308             3.70271             2.56146       6       4
   10000       2       2       2       3       9     514       6       6       8     405      28      22            24.21429             3.07143             2.43702             0.21597             1.72864             0.36595           756.45279             3.70102             2.53607       5       2
   10000       2       2       2       3       9     514       6       6       9     387      27      35            23.59259             3.11111             2.42049             0.22062             1.72301             0.35785           777.47232             3.72060             2.51932       6       2
   10000       2       2       2       3       9     514       6       6      10     376      26      21            23.53846             3.19231             2.40982             0.21980             1.73888             0.35716           778.80764             3.72238             2.47400       3       2
   10000       2       2       2       3       9     514       6       6      11     364      25      27            24.04000             3.16000             2.42058             0.21504             1.73278             0.36781           762.42254             3.74632             2.48562       4       4
   10000       2       2       2       3       9     514       6       6      12     359      24      16            24.29167             3.16667             2.41900             0.21169             1.72769             0.37049           750.73579             3.73639             2.45088       6       1
   10000       2       2       2       3       9     514       6       6      13     342      23      26            24.52174             3.13043             2.41733             0.21015             1.71632             0.37236           744.26581             3.75155             2.44940       4       5
   10000       2       2       2       3       9     514       6       6      14     327      22      27            24.45455             3.22727             2.43755             0.21266             1.75036             0.36140           745.57892             3.75494             2.40325       5       5
   10000       2       2       2       3       9     514       6       6      15     312      21      21            24.33333             3.19048             2.46187             0.21656             1.76567             0.38144           755.64231             3.78084             2.37051       4       6
   10000       2       2       2       3       9     514       6       6      16     298      20      23            24.70000             3.25000             2.49745             0.21693             1.80017             0.40700           753.85139             3.81542             2.34787       2       6
   10000       2       2       2       3       9     514       6       6      17     281      19      30            24.15789             3.36842             2.41882             0.21384             1.81508             0.40486           766.72081             3.80655             2.23538       2       5
   10000       2       2       2       3       9     514       6       6      18     273      18      19            24.50000             3.38889             2.40782             0.20972             1.83032             0.40017           747.03683             3.82196             2.20413       3       6
   10000       2       2       2       3       9     514       6       6      19     264      17      18            24.88235             3.35294             2.40602             0.20571             1.80996             0.40445           751.61817             3.73909             2.18636       5       4
   10000       2       2       2       3       9     514       6       6      20     254      16      32            25.00000             3.43750             2.39092             0.20384             1.85880             0.39154           752.13657             3.73850             2.10076       3       3
   10000       2       2       2       3       9     514       6       6      21     242      15      21            24.53333             3.46667             2.37731             0.20808             1.86593             0.38062           767.22745             3.74630             2.03288       6       6
   10000       2       2       2       3       9     514       6       6      22     223      14      25            24.42857             3.42857             2.37378             0.20901             1.84730             0.37319           782.16053             3.68739             2.05264       6       5
   10000       2       2       2       3       9     514       6       6      23     206      13      18            24.84615             3.46154             2.37383             0.20475             1.85878             0.37695           785.69033             3.64984             2.11975       6       3
   10000       2       2       2       3       9     514       6       6      24     193      12      15            25.66667             3.50000             2.39220             0.19738             1.85048             0.36987           727.62760             3.62264             2.18532       5       6
   10000       2       2       2       3       9     514       6       6      25     178      11      25            24.90909             3.45455             2.43520             0.20781             1.85962             0.38479           744.05249             3.66487             2.13177       3       4
   10000       2       2       2       3       9     514       6       6      26     163      10      22            25.20000             3.50000             2.40419             0.20263             1.86463             0.36755           733.32371             3.68784             2.16846       4       1
   10000       2       2       2       3       9     514       6       6      27     151       9      18            26.00000             3.55556             2.46492             0.20068             1.84959             0.38225           695.76512             3.65431             2.17378       3       5
   10000       2       2       2       3       9     514       6       6      28     130       8      27            25.87500             3.50000             2.47746             0.20308             1.81636             0.37234           703.30719             3.61878             2.24027       4       3
   10000       2       2       2       3       9     514       6       6      29     116       7      31            26.00000             3.28571             2.46360             0.20294             1.72793             0.39524           711.48414             3.59478             2.09256       2       3
   10000       2       2       2       3       9     514       6       6      30     101       6      31            26.00000             3.16667             2.43601             0.20048             1.69369             0.37785           704.49817             3.65923             2.00924       2       1
