   10000       2       1       2       2       6     465       6       6       0     465      36       0            20.86111             3.02778             2.26933             0.23432             1.65535             0.34821           866.06190             3.76657             2.53990       0       0
   10000       2       1       2       2       6     465       6       6       1     450      35      23            20.71429             3.02857             2.27371             0.23726             1.65947             0.34352           872.89699             3.76561             2.51417       3       5
   10000       2       1       2       2       6     465       6       6       2     442      34      19            20.91176             3.08824             2.24734             0.23318             1.66058             0.33524           869.05082             3.76404             2.49269       1       2
   10000       2       1       2       2       6     465       6       6       3     428      33      27            20.84848             3.12121             2.24165             0.23333             1.67378             0.33945           870.05954             3.77660             2.46293       2       3
   10000       2       1       2       2       6     465       6       6       4     412      32      27            20.62500             3.12500             2.24366             0.23709             1.68029             0.34036           880.41938             3.77257             2.42444       5       5
   10000       2       1       2       2       6     465       6       6       5     395      31      28            20.32258             3.09677             2.24874             0.24292             1.67821             0.34220           911.55674             3.75955             2.37139       4       6
   10000       2       1       2       2       6     465       6       6       6     376      30      28            19.90000             3.06667             2.23303             0.24796             1.66883             0.33914           939.48042             3.77926             2.33152       2       6
   10000       2       1       2       2       6     465       6       6       7     359      29      23            19.68966             3.06897             2.21208             0.24848             1.66565             0.34173           942.20940             3.81077             2.34199       1       3
   10000       2       1       2       2       6     465       6       6       8     348      28      19            19.46429             2.96429             2.21130             0.25243             1.63575             0.33983           963.21739             3.82774             2.27647       4       1
   10000       2       1       2       2       6     465       6       6       9     336      27      16            19.59259             3.00000             2.20205             0.24919             1.63420             0.33461           961.38622             3.83674             2.26088       5       4
   10000       2       1       2       2       6     465       6       6      10     323      26      21            19.34615             3.03846             2.22053             0.25617             1.65550             0.34447           971.39876             3.86525             2.21619       6       5
   10000       2       1       2       2       6     465       6       6      11     317      25      14            19.48000             3.04000             2.22138             0.25445             1.66678             0.33302           954.39832             3.87660             2.21038       5       6
   10000       2       1       2       2       6     465       6       6      12     306      24      19            19.50000             3.00000             2.23946             0.25584             1.65367             0.34111           945.11894             3.89088             2.12801       5       3
   10000       2       1       2       2       6     465       6       6      13     287      23      28            18.86957             3.04348             2.16212             0.25495             1.65202             0.33268           972.08888             3.86340             2.06729       5       1
   10000       2       1       2       2       6     465       6       6      14     278      22      22            18.81818             3.04545             2.15980             0.25567             1.67504             0.33199           979.75661             3.87092             2.01786       5       2
   10000       2       1       2       2       6     465       6       6      15     265      21      15            18.95238             3.00000             2.16943             0.25448             1.64799             0.32690           983.34275             3.89384             2.04958       6       6
   10000       2       1       2       2       6     465       6       6      16     259      20       9            19.45000             2.95000             2.19341             0.24722             1.65614             0.33377           946.97527             3.77171             2.05749       4       5
   10000       2       1       2       2       6     465       6       6      17     248      19      21            19.05263             2.94737             2.18897             0.25246             1.63191             0.31625           970.92259             3.77772             1.99726       6       2
   10000       2       1       2       2       6     465       6       6      18     239      18      16            19.16667             2.88889             2.20504             0.25267             1.63150             0.31288           966.80181             3.76411             1.94448       2       2
   10000       2       1       2       2       6     465       6       6      19     229      17      23            18.64706             2.94118             2.18085             0.25905             1.60810             0.32961           997.89270             3.79144             1.84534       2       1
   10000       2       1       2       2       6     465       6       6      20     212      16      18            18.68750             2.93750             2.19911             0.26134             1.61563             0.33788           994.26045             3.74092             1.88756       3       6
   10000       2       1       2       2       6     465       6       6      21     198      15      14            19.00000             2.93333             2.18687             0.25468             1.61156             0.34058           981.72451             3.75178             1.94673       1       1
   10000       2       1       2       2       6     465       6       6      22     185      14      17            19.07143             2.85714             2.21345             0.25875             1.62168             0.35150           974.76265             3.73240             1.96609       3       1
   10000       2       1       2       2       6     465       6       6      23     179      13      10            20.00000             3.00000             2.22661             0.24099             1.66659             0.32322           889.09652             3.76443             1.99034       1       6
   10000       2       1       2       2       6     465       6       6      24     160      12      25            19.58333             3.08333             2.18312             0.24389             1.71823             0.31447           905.50589             3.83410             1.97304       1       4
   10000       2       1       2       2       6     465       6       6      25     146      11      19            19.18182             3.09091             2.17674             0.25690             1.70639             0.32915           978.21375             3.82641             1.94605       6       4
   10000       2       1       2       2       6     465       6       6      26     137      10      16            19.10000             3.30000             2.12869             0.25282             1.73091             0.32503          1001.45948             3.83846             1.87735       1       5
   10000       2       1       2       2       6     465       6       6      27     125       9      10            20.00000             3.44444             2.13000             0.22862             1.80385             0.30047           892.31732             3.86387             1.98749       6       3
   10000       2       1       2       2       6     465       6       6      28     111       8      23            18.75000             3.25000             2.05876             0.23821             1.77953             0.25817           975.51965             3.85250             1.84079       2       4
   10000       2       1       2       2       6     465       6       6      29      97       7      14            19.42857             3.14286             2.06743             0.23029             1.76938             0.24460           902.66082             3.83182             1.96090       2       5
   10000       2       1       2       2       6     465       6       6      30      80       6      17            19.83333             2.83333             2.09827             0.22946             1.68928             0.27495           914.75145             3.73979             2.12105       6       1
