   10000       2       1       2      10       4     514       6       6       0     514      36       0            21.69444             3.13889             2.30008             0.22645             1.65036             0.33603           860.60524             3.60649             2.37765       0       0
   10000       2       1       2      10       4     514       6       6       1     505      35      21            21.88571             3.20000             2.29030             0.22439             1.65932             0.33311           850.55106             3.61179             2.34804       3       6
   10000       2       1       2      10       4     514       6       6       2     494      34      19            21.94118             3.08824             2.30483             0.22463             1.65349             0.33646           845.69562             3.62264             2.32386       6       4
   10000       2       1       2      10       4     514       6       6       3     480      33      28            21.81818             3.09091             2.28825             0.22441             1.65155             0.33148           850.07398             3.62008             2.29009       6       2
   10000       2       1       2      10       4     514       6       6       4     467      32      18            21.90625             3.18750             2.30404             0.22512             1.66648             0.32022           841.90133             3.62188             2.25127       3       1
   10000       2       1       2      10       4     514       6       6       5     451      31      20            21.96774             3.22581             2.29335             0.22370             1.66282             0.31674           846.59800             3.59651             2.25956       6       5
   10000       2       1       2      10       4     514       6       6       6     438      30      28            21.73333             3.23333             2.30247             0.22677             1.66774             0.32135           851.74923             3.61028             2.20930       5       6
   10000       2       1       2      10       4     514       6       6       7     423      29      23            21.72414             3.20690             2.28750             0.22565             1.65996             0.31541           852.32325             3.60640             2.18407       4       3
   10000       2       1       2      10       4     514       6       6       8     415      28      22            21.67857             3.21429             2.28925             0.22624             1.65940             0.31411           854.73716             3.62571             2.09551       5       2
   10000       2       1       2      10       4     514       6       6       9     391      27      32            21.11111             3.25926             2.29145             0.23169             1.63670             0.31505           873.79945             3.64615             2.08489       2       1
   10000       2       1       2      10       4     514       6       6      10     377      26      19            21.11538             3.23077             2.28507             0.23301             1.61993             0.31910           879.01689             3.63895             2.07739       1       6
   10000       2       1       2      10       4     514       6       6      11     361      25      26            20.80000             3.24000             2.29724             0.23845             1.62435             0.31228           890.68823             3.66365             2.04342       5       1
   10000       2       1       2      10       4     514       6       6      12     349      24      21            21.16667             3.25000             2.25554             0.22985             1.63031             0.30903           873.76888             3.65720             2.05786       4       4
   10000       2       1       2      10       4     514       6       6      13     342      23      24            20.91304             3.26087             2.27437             0.23561             1.65209             0.31371           894.80534             3.62516             1.97457       5       3
   10000       2       1       2      10       4     514       6       6      14     333      22      14            21.00000             3.27273             2.28936             0.23718             1.66273             0.31420           907.55013             3.58293             1.94110       5       4
   10000       2       1       2      10       4     514       6       6      15     304      21      27            20.23810             3.14286             2.31645             0.24647             1.62423             0.31542           927.80573             3.61021             1.91547       3       5
   10000       2       1       2      10       4     514       6       6      16     292      20      26            19.75000             3.25000             2.28877             0.24951             1.63897             0.30052           956.77278             3.59717             1.86495       4       5
   10000       2       1       2      10       4     514       6       6      17     276      19      15            20.00000             3.15789             2.30881             0.24849             1.60723             0.30920           945.53431             3.54724             1.92020       5       5
   10000       2       1       2      10       4     514       6       6      18     267      18      20            19.88889             3.16667             2.31416             0.25245             1.63232             0.30270           965.84457             3.51340             1.80077       2       5
   10000       2       1       2      10       4     514       6       6      19     249      17      24            19.35294             3.23529             2.26102             0.25569             1.64342             0.28905           999.40911             3.53393             1.75948       4       2
   10000       2       1       2      10       4     514       6       6      20     236      16      16            19.56250             3.18750             2.26370             0.25365             1.67444             0.30842           988.10541             3.54866             1.73671       3       2
   10000       2       1       2      10       4     514       6       6      21     220      15      17            19.73333             3.13333             2.24997             0.24995             1.66230             0.31779           976.25694             3.59444             1.77499       4       1
   10000       2       1       2      10       4     514       6       6      22     204      14      16            19.92857             3.14286             2.28938             0.25185             1.67802             0.32952           954.49756             3.56279             1.82489       6       6
   10000       2       1       2      10       4     514       6       6      23     184      13      26            19.84615             3.15385             2.27510             0.25183             1.67802             0.32146           959.84590             3.57195             1.86008       3       3
   10000       2       1       2      10       4     514       6       6      24     169      12      27            19.00000             3.16667             2.22412             0.25804             1.65464             0.28816          1010.92927             3.53886             1.69374       2       3
   10000       2       1       2      10       4     514       6       6      25     160      11      24            18.36364             3.27273             2.15803             0.26153             1.69617             0.27477          1035.29357             3.60126             1.46264       1       4
   10000       2       1       2      10       4     514       6       6      26     153      10      26            17.10000             3.40000             2.09314             0.27226             1.72911             0.25581          1107.40009             3.66207             1.19081       1       2
   10000       2       1       2      10       4     514       6       6      27     140       9      21            16.00000             3.55556             2.08958             0.28563             1.77376             0.27078          1125.66019             3.76353             1.07342       3       4
   10000       2       1       2      10       4     514       6       6      28     125       8      15            16.12500             3.62500             2.07787             0.28258             1.79905             0.27785          1134.88714             3.67119             1.08260       6       3
   10000       2       1       2      10       4     514       6       6      29     114       7      11            16.85714             3.42857             2.16691             0.28139             1.77035             0.30325          1082.79076             3.68414             1.09440       6       1
   10000       2       1       2      10       4     514       6       6      30      94       6      20            16.33333             3.50000             2.18640             0.29233             1.76716             0.29239          1108.18344             3.72985             1.11013       4       6
