   10000       2       2       1       1       6     509       6       6       0     509      36       0            22.55556             2.97222             2.25679             0.22020             1.60747             0.37073           901.40110             3.36120             2.56709       0       0
   10000       2       2       1       1       6     509       6       6       1     495      35      19            22.88571             2.91429             2.28761             0.21994             1.61667             0.37505           889.78320             3.38581             2.59641       3       6
   10000       2       2       1       1       6     509       6       6       2     486      34      24            22.82353             2.94118             2.28123             0.22004             1.63725             0.37310           893.43727             3.37451             2.54966       5       6
   10000       2       2       1       1       6     509       6       6       3     473      33      17            22.54545             2.96970             2.26160             0.22176             1.65632             0.36544           923.71259             3.30419             2.50842       1       1
   10000       2       2       1       1       6     509       6       6       4     459      32      27            23.06250             3.00000             2.29760             0.22007             1.67119             0.35794           888.38084             3.31725             2.56478       2       4
   10000       2       2       1       1       6     509       6       6       5     451      31       7            24.06452             3.09677             2.34688             0.20950             1.68993             0.36905           825.81083             3.30560             2.62469       4       3
   10000       2       2       1       1       6     509       6       6       6     433      30      30            24.40000             3.16667             2.33272             0.20623             1.72676             0.38314           816.95544             3.30700             2.67037       3       4
   10000       2       2       1       1       6     509       6       6       7     430      29      23            24.93103             3.17241             2.32096             0.20064             1.73657             0.37713           808.70705             3.28284             2.61756       3       2
   10000       2       2       1       1       6     509       6       6       8     409      28      24            25.35714             3.17857             2.35077             0.19948             1.74580             0.38988           798.43312             3.28813             2.67970       6       3
   10000       2       2       1       1       6     509       6       6       9     400      27      21            25.40741             3.22222             2.36250             0.20020             1.76667             0.39017           798.33566             3.27973             2.61744       2       1
   10000       2       2       1       1       6     509       6       6      10     393      26      20            25.80769             3.19231             2.38521             0.19925             1.75723             0.39520           779.19257             3.30571             2.56305       4       4
   10000       2       2       1       1       6     509       6       6      11     380      25      36            25.88000             3.24000             2.38561             0.19664             1.74792             0.38996           767.15096             3.31670             2.52709       2       3
   10000       2       2       1       1       6     509       6       6      12     369      24      25            26.50000             3.20833             2.43292             0.19600             1.77491             0.41625           746.95750             3.32963             2.52884       2       5
   10000       2       2       1       1       6     509       6       6      13     363      23      25            27.00000             3.26087             2.40455             0.19044             1.80983             0.41095           725.32897             3.34566             2.47538       1       4
   10000       2       2       1       1       6     509       6       6      14     344      22      25            26.81818             3.31818             2.41839             0.19275             1.83766             0.41158           728.10158             3.34426             2.44246       6       2
   10000       2       2       1       1       6     509       6       6      15     330      21      32            26.19048             3.38095             2.40725             0.19697             1.85021             0.39110           746.66655             3.35852             2.33659       3       5
   10000       2       2       1       1       6     509       6       6      16     321      20      25            26.80000             3.30000             2.44564             0.19533             1.83668             0.41969           725.94565             3.38104             2.36343       4       5
   10000       2       2       1       1       6     509       6       6      17     313      19      24            26.89474             3.31579             2.43116             0.19322             1.82395             0.41513           727.62488             3.39576             2.26989       1       3
   10000       2       2       1       1       6     509       6       6      18     291      18      38            26.27778             3.33333             2.45479             0.19832             1.82198             0.41036           733.33918             3.42390             2.24051       2       6
   10000       2       2       1       1       6     509       6       6      19     278      17      21            26.52941             3.35294             2.47458             0.19746             1.85119             0.43188           719.59351             3.42977             2.23858       6       1
   10000       2       2       1       1       6     509       6       6      20     266      16      20            26.56250             3.37500             2.45211             0.19490             1.85942             0.42626           718.58009             3.43725             2.18429       3       1
   10000       2       2       1       1       6     509       6       6      21     250      15      35            26.53333             3.40000             2.44787             0.19488             1.90023             0.43872           716.70451             3.43136             2.18649       5       4
   10000       2       2       1       1       6     509       6       6      22     233      14      27            25.85714             3.35714             2.41915             0.19742             1.87529             0.42825           732.75636             3.48333             2.13534       1       6
   10000       2       2       1       1       6     509       6       6      23     230      13      21            26.23077             3.38462             2.45139             0.19662             1.86838             0.42378           722.12412             3.50866             1.95502       5       5
   10000       2       2       1       1       6     509       6       6      24     210      12      29            26.00000             3.41667             2.44222             0.19953             1.85682             0.43973           731.68412             3.49801             1.92794       5       3
   10000       2       2       1       1       6     509       6       6      25     193      11      31            26.09091             3.45455             2.44054             0.20182             1.89473             0.44174           719.14213             3.54447             1.87567       5       1
   10000       2       2       1       1       6     509       6       6      26     177      10      27            25.30000             3.30000             2.35771             0.19863             1.87847             0.44687           753.90679             3.48214             1.78508       4       1
   10000       2       2       1       1       6     509       6       6      27     154       9      27            25.11111             3.11111             2.32625             0.19804             1.86069             0.44101           737.02799             3.56142             1.81254       1       5
   10000       2       2       1       1       6     509       6       6      28     141       8      24            24.75000             3.37500             2.33684             0.20675             1.92457             0.42347           765.26692             3.56723             1.71245       2       2
   10000       2       2       1       1       6     509       6       6      29     127       7      25            24.28571             3.14286             2.39889             0.21698             1.91647             0.47065           775.97437             3.60951             1.61874       6       6
   10000       2       2       1       1       6     509       6       6      30     123       6      17            25.16667             3.50000             2.45430             0.21610             2.07253             0.44905           801.28508             3.57733             1.45066       5       2
   10000       2       2       1       1       6     509       6       6      31     113       5      13            27.60000             3.40000             2.54752             0.19433             2.02037             0.48886           716.11725             3.58113             1.44172       1       2
   10000       2       2       1       1       6     509       6       6      32     105       4      24            28.50000             3.75000             2.54592             0.18720             2.13152             0.48822           729.80326             3.63447             1.17501       6       5
   10000       2       2       1       1       6     509       6       6      33      81       3      25            29.66667             3.66667             2.62123             0.18516             2.20314             0.48429           668.11221             3.62704             1.20711       3       3
   10000       2       2       1       1       6     509       6       6      34      54       2      34            27.50000             3.50000             2.62302             0.19841             2.09259             0.45370           731.43118             3.63435             1.03775       6       4
   10000       2       2       1       1       6     509       6       6      35      28       1      27            28.00000             4.00000             2.35714             0.17460             2.18519             0.40741           760.37269             3.94738             1.00000       4       6
   10000       2       2       1       1       6     509       6       6      36       0       0      28             0.00000             0.00000             0.00000             0.00000             0.00000             0.00000             0.00000             0.00000             0.00000       4       2
