   10000       2       2       2       7       4     467       6       6       0     467      36       0            20.41667             3.19444             2.11294             0.23015             1.72272             0.31714           954.81477             3.61434             2.49732       0       0
   10000       2       2       2       7       4     467       6       6       1     458      35      26            21.00000             3.22857             2.16522             0.22518             1.72577             0.33552           902.26225             3.60043             2.51725       1       4
   10000       2       2       2       7       4     467       6       6       2     449      34      29            21.32353             3.26471             2.18597             0.22367             1.74450             0.33664           888.79288             3.61624             2.54213       5       1
   10000       2       2       2       7       4     467       6       6       3     434      33      28            20.96970             3.27273             2.18721             0.22655             1.76243             0.34087           898.49017             3.62475             2.52215       6       2
   10000       2       2       2       7       4     467       6       6       4     422      32      26            20.96875             3.34375             2.17475             0.22606             1.79744             0.34634           892.16868             3.58614             2.46959       1       3
   10000       2       2       2       7       4     467       6       6       5     411      31      20            21.70968             3.38710             2.19291             0.22059             1.79292             0.35819           863.02102             3.58459             2.54458       3       6
   10000       2       2       2       7       4     467       6       6       6     401      30      24            22.26667             3.36667             2.23615             0.22109             1.80359             0.35968           847.83232             3.58332             2.54212       3       1
   10000       2       2       2       7       4     467       6       6       7     391      29      18            22.27586             3.31034             2.24232             0.22166             1.81416             0.35715           845.18341             3.58644             2.51872       4       6
   10000       2       2       2       7       4     467       6       6       8     381      28      18            23.10714             3.21429             2.34020             0.22208             1.78001             0.39364           786.22273             3.59167             2.57421       4       5
   10000       2       2       2       7       4     467       6       6       9     370      27      23            23.48148             3.33333             2.35112             0.21887             1.81032             0.38938           771.99562             3.61553             2.58210       6       3
   10000       2       2       2       7       4     467       6       6      10     360      26      18            23.88462             3.34615             2.37738             0.21687             1.82874             0.40085           762.08753             3.63330             2.58600       6       6
   10000       2       2       2       7       4     467       6       6      11     357      25      15            24.24000             3.28000             2.35216             0.20992             1.83867             0.38908           742.12156             3.64717             2.55656       1       6
   10000       2       2       2       7       4     467       6       6      12     337      24      25            24.08333             3.29167             2.36931             0.21251             1.84163             0.38903           745.49973             3.65604             2.56533       6       1
   10000       2       2       2       7       4     467       6       6      13     331      23      20            24.56522             3.34783             2.35934             0.20788             1.85493             0.40088           735.45195             3.65052             2.51350       2       4
   10000       2       2       2       7       4     467       6       6      14     327      22      17            25.04545             3.31818             2.34895             0.20190             1.84895             0.38947           720.94896             3.65037             2.48975       4       1
   10000       2       2       2       7       4     467       6       6      15     321      21      19            25.19048             3.38095             2.36080             0.20134             1.86273             0.39579           727.87405             3.61561             2.42175       6       5
   10000       2       2       2       7       4     467       6       6      16     301      20      23            25.30000             3.30000             2.37691             0.20271             1.86413             0.41409           733.53553             3.58663             2.47122       6       4
   10000       2       2       2       7       4     467       6       6      17     286      19      23            25.78947             3.31579             2.33744             0.19428             1.90553             0.41564           716.59519             3.60084             2.48525       5       4
   10000       2       2       2       7       4     467       6       6      18     274      18      29            26.00000             3.44444             2.36054             0.19361             1.95818             0.42886           700.48762             3.59549             2.47129       2       1
   10000       2       2       2       7       4     467       6       6      19     270      17      16            26.88235             3.41176             2.40006             0.18858             1.97510             0.43724           695.07476             3.55302             2.41839       2       3
   10000       2       2       2       7       4     467       6       6      20     254      16      24            26.43750             3.37500             2.36699             0.19237             1.94125             0.42687           710.59920             3.60044             2.32974       5       3
   10000       2       2       2       7       4     467       6       6      21     241      15      26            26.33333             3.40000             2.36607             0.19549             1.95024             0.43451           727.34814             3.60031             2.27141       4       4
   10000       2       2       2       7       4     467       6       6      22     227      14      30            26.14286             3.35714             2.35824             0.19676             1.94907             0.43389           728.08489             3.61624             2.24157       1       5
   10000       2       2       2       7       4     467       6       6      23     218      13      26            25.92308             3.30769             2.34556             0.19766             1.90012             0.40276           727.04538             3.65330             2.06495       2       2
   10000       2       2       2       7       4     467       6       6      24     202      12      38            25.75000             3.50000             2.29082             0.19547             1.94224             0.39520           720.24391             3.65545             2.00491       2       5
   10000       2       2       2       7       4     467       6       6      25     182      11      27            25.54545             3.45455             2.27417             0.19630             1.91903             0.39437           727.92982             3.69609             2.03454       2       6
   10000       2       2       2       7       4     467       6       6      26     177      10      13            27.00000             3.40000             2.32704             0.18286             1.95417             0.40297           669.05475             3.67641             1.96524       5       2
   10000       2       2       2       7       4     467       6       6      27     167       9      22            27.66667             3.33333             2.36952             0.18125             1.96800             0.41818           666.76416             3.66554             1.84817       4       3
   10000       2       2       2       7       4     467       6       6      28     154       8      30            28.12500             3.50000             2.42966             0.18390             1.99064             0.42847           665.87721             3.72482             1.71325       3       2
   10000       2       2       2       7       4     467       6       6      29     129       7      33            26.71429             3.42857             2.29576             0.18486             1.94884             0.41790           710.44604             3.70659             1.68414       4       2
   10000       2       2       2       7       4     467       6       6      30     111       6      32            25.50000             3.16667             2.28541             0.19047             1.92233             0.45510           726.93273             3.76667             1.57909       3       5
