   10000       2       1       1       1       7     525       6       6       0     525      36       0            21.69444             2.91667             2.24134             0.22026             1.60306             0.30909           825.34602             4.00950             2.38234       0       0
   10000       2       1       1       1       7     525       6       6       1     514      35      18            21.68571             2.94286             2.23725             0.21952             1.61033             0.31056           828.65365             4.01202             2.32589       5       4
   10000       2       1       1       1       7     525       6       6       2     502      34      23            21.70588             2.91176             2.24437             0.22031             1.58832             0.31052           828.64060             4.02672             2.26551       2       3
   10000       2       1       1       1       7     525       6       6       3     485      33      24            21.96970             2.84848             2.25464             0.21923             1.58804             0.31394           822.48852             4.00973             2.28502       1       5
   10000       2       1       1       1       7     525       6       6       4     469      32      26            21.75000             2.84375             2.24641             0.22093             1.58771             0.30931           837.94834             4.03107             2.25572       6       2
   10000       2       1       1       1       7     525       6       6       5     458      31      10            21.90323             2.90323             2.26508             0.22059             1.60747             0.31300           816.70188             4.02063             2.22298       6       6
   10000       2       1       1       1       7     525       6       6       6     441      30      17            21.86667             2.90000             2.26065             0.22034             1.59871             0.32407           821.99439             4.01955             2.21816       5       6
   10000       2       1       1       1       7     525       6       6       7     428      29      18            21.93103             2.86207             2.25494             0.21948             1.59465             0.32109           818.69915             4.02958             2.18938       4       4
   10000       2       1       1       1       7     525       6       6       8     408      28      26            22.03571             2.85714             2.27102             0.22015             1.58545             0.32070           811.04851             4.00025             2.19234       3       6
   10000       2       1       1       1       7     525       6       6       9     395      27      25            22.18519             2.85185             2.27690             0.21948             1.59011             0.31920           801.72554             3.99993             2.14037       4       2
   10000       2       1       1       1       7     525       6       6      10     376      26      22            21.88462             2.80769             2.29266             0.22466             1.56593             0.32261           821.67948             3.98234             2.12783       6       5
   10000       2       1       1       1       7     525       6       6      11     362      25      25            21.80000             2.72000             2.29305             0.22762             1.53892             0.31466           832.45669             4.01740             2.08163       5       3
   10000       2       1       1       1       7     525       6       6      12     353      24      27            21.37500             2.70833             2.25275             0.22854             1.52836             0.31754           859.99541             4.01080             1.96648       4       5
   10000       2       1       1       1       7     525       6       6      13     337      23      24            21.78261             2.69565             2.27143             0.22622             1.51586             0.32160           843.06160             4.01179             1.96568       2       1
   10000       2       1       1       1       7     525       6       6      14     324      22      21            21.77273             2.81818             2.26095             0.22591             1.55712             0.32892           854.24952             3.98070             1.96093       2       6
   10000       2       1       1       1       7     525       6       6      15     311      21      20            21.57143             2.76190             2.28562             0.23128             1.53169             0.33216           873.18855             3.94621             1.89640       2       5
   10000       2       1       1       1       7     525       6       6      16     302      20      16            21.75000             2.75000             2.27706             0.22849             1.55514             0.32993           883.79904             3.86804             1.87788       3       5
   10000       2       1       1       1       7     525       6       6      17     282      19      20            21.73684             2.78947             2.24229             0.22586             1.54868             0.32626           886.88035             3.83156             1.90632       1       6
   10000       2       1       1       1       7     525       6       6      18     267      18      26            21.50000             2.88889             2.22370             0.22844             1.58504             0.32555           895.26758             3.87415             1.84197       1       3
   10000       2       1       1       1       7     525       6       6      19     259      17      22            21.17647             2.94118             2.24717             0.23366             1.60333             0.34929           920.95850             3.91087             1.76986       1       2
   10000       2       1       1       1       7     525       6       6      20     241      16      19            21.25000             3.00000             2.24819             0.23389             1.61584             0.34337           896.54926             3.96595             1.80892       1       1
   10000       2       1       1       1       7     525       6       6      21     227      15      23            21.00000             2.93333             2.24998             0.23521             1.57434             0.33377           893.99248             3.90440             1.72516       3       4
   10000       2       1       1       1       7     525       6       6      22     216      14      13            21.71429             3.07143             2.28372             0.22845             1.60937             0.30845           819.92907             3.93110             1.78400       5       5
   10000       2       1       1       1       7     525       6       6      23     200      13      24            21.46154             3.23077             2.24078             0.22794             1.63519             0.27957           837.45443             3.92457             1.70382       4       1
   10000       2       1       1       1       7     525       6       6      24     187      12      16            21.58333             3.08333             2.24547             0.22466             1.58574             0.29494           823.06535             3.94375             1.65629       3       1
   10000       2       1       1       1       7     525       6       6      25     169      11      23            21.18182             3.00000             2.22798             0.22773             1.53212             0.26927           857.99740             3.86455             1.63402       2       2
   10000       2       1       1       1       7     525       6       6      26     159      10      17            21.40000             3.00000             2.24908             0.22639             1.53106             0.27267           835.68256             3.88251             1.57097       5       2
   10000       2       1       1       1       7     525       6       6      27     150       9      20            21.22222             3.00000             2.21882             0.22561             1.52466             0.26498           842.94945             3.87236             1.49492       6       3
   10000       2       1       1       1       7     525       6       6      28     138       8      18            21.75000             3.00000             2.28408             0.22445             1.51694             0.27396           853.44847             3.76175             1.42825       3       2
   10000       2       1       1       1       7     525       6       6      29     119       7      27            20.14286             3.28571             2.19904             0.23728             1.60966             0.24285           912.43067             3.76047             1.31250       3       3
   10000       2       1       1       1       7     525       6       6      30     104       6      23            19.16667             3.50000             2.10178             0.23945             1.70131             0.22750           955.67836             3.79175             1.19792       6       1
   10000       2       1       1       1       7     525       6       6      31      89       5      15            20.00000             3.60000             2.17547             0.23781             1.74157             0.23015           859.66901             3.91870             1.23750       4       6
   10000       2       1       1       1       7     525       6       6      32      69       4      20            20.00000             3.75000             2.21934             0.24464             1.70327             0.23505           839.94623             4.03626             1.29688       5       1
   10000       2       1       1       1       7     525       6       6      33      52       3      23            17.33333             3.66667             2.20222             0.29830             1.83315             0.20545          1084.36604             3.89935             1.00000       2       4
   10000       2       1       1       1       7     525       6       6      34      37       2      15            18.50000             3.00000             2.20333             0.29030             1.71402             0.23674          1057.44704             4.09411             1.00000       4       3
   10000       2       1       1       1       7     525       6       6      35      12       1      25            12.00000             3.00000             2.16667             0.39394             1.63636             0.18182          1527.94710             3.89961             1.00000       6       4
   10000       2       1       1       1       7     525       6       6      36       0       0      12             0.00000             0.00000             0.00000             0.00000             0.00000             0.00000             0.00000             0.00000             0.00000       1       4
