   10000       2       2       2       1       2     487       6       6       0     487      36       0            20.66667             3.16667             2.25710             0.23799             1.67006             0.35268           950.26701             3.56068             2.38376       0       0
   10000       2       2       2       1       2     487       6       6       1     478      35       9            20.94286             3.22857             2.29160             0.23593             1.68884             0.35269           929.82460             3.54139             2.36483       6       6
   10000       2       2       2       1       2     487       6       6       2     465      34      16            21.97059             3.23529             2.32117             0.22793             1.71108             0.35453           877.92443             3.54769             2.49097       4       3
   10000       2       2       2       1       2     487       6       6       3     449      33      27            22.69697             3.15152             2.36832             0.22618             1.72820             0.37822           839.10847             3.56261             2.60910       4       4
   10000       2       2       2       1       2     487       6       6       4     440      32      15            22.90625             3.21875             2.38990             0.22478             1.72838             0.38236           831.41613             3.55573             2.58960       5       6
   10000       2       2       2       1       2     487       6       6       5     428      31      22            23.29032             3.19355             2.41188             0.22286             1.72007             0.38080           810.95464             3.59020             2.60230       2       5
   10000       2       2       2       1       2     487       6       6       6     411      30      31            23.50000             3.20000             2.41944             0.21989             1.73457             0.38452           795.18483             3.61532             2.63583       6       3
   10000       2       2       2       1       2     487       6       6       7     395      29      24            23.65517             3.13793             2.39110             0.21569             1.73512             0.37922           792.04904             3.61518             2.61536       3       3
   10000       2       2       2       1       2     487       6       6       8     384      28      21            23.35714             3.28571             2.38771             0.21867             1.76496             0.38404           805.09059             3.63419             2.54773       5       3
   10000       2       2       2       1       2     487       6       6       9     364      27      24            23.11111             3.29630             2.38804             0.22173             1.81043             0.39218           814.26429             3.62034             2.57129       1       5
   10000       2       2       2       1       2     487       6       6      10     352      26      24            23.11538             3.34615             2.43109             0.22539             1.82530             0.41569           798.98465             3.63061             2.53484       5       1
   10000       2       2       2       1       2     487       6       6      11     342      25      19            23.68000             3.32000             2.45814             0.22344             1.79941             0.41294           786.61324             3.64308             2.54726       4       6
   10000       2       2       2       1       2     487       6       6      12     330      24      18            24.00000             3.25000             2.48176             0.22222             1.78853             0.41258           783.77781             3.61758             2.52189       3       1
   10000       2       2       2       1       2     487       6       6      13     318      23      24            24.17391             3.30435             2.46363             0.22058             1.77180             0.41831           767.98993             3.64022             2.46021       2       4
   10000       2       2       2       1       2     487       6       6      14     303      22      27            24.04545             3.31818             2.43533             0.21888             1.78730             0.41977           767.54263             3.65709             2.42304       4       5
   10000       2       2       2       1       2     487       6       6      15     282      21      25            23.23810             3.33333             2.39777             0.22323             1.77445             0.41330           787.67248             3.68711             2.36162       5       2
   10000       2       2       2       1       2     487       6       6      16     275      20      23            23.25000             3.30000             2.38942             0.22310             1.78430             0.41569           791.69103             3.70873             2.29320       6       2
   10000       2       2       2       1       2     487       6       6      17     266      19      32            22.84211             3.26316             2.39257             0.22659             1.75984             0.41989           803.56415             3.73530             2.21145       3       5
   10000       2       2       2       1       2     487       6       6      18     255      18      28            23.05556             3.27778             2.37843             0.22509             1.78514             0.41983           802.75834             3.79806             2.18598       6       5
   10000       2       2       2       1       2     487       6       6      19     246      17      23            23.05882             3.29412             2.33106             0.22029             1.81097             0.40111           813.04577             3.79309             2.11719       2       6
   10000       2       2       2       1       2     487       6       6      20     233      16      19            22.87500             3.25000             2.32611             0.22179             1.81468             0.40343           817.12978             3.79023             2.07958       1       4
   10000       2       2       2       1       2     487       6       6      21     221      15      22            22.93333             3.40000             2.29270             0.21873             1.82710             0.39528           814.22606             3.75847             2.03611       3       6
   10000       2       2       2       1       2     487       6       6      22     207      14      15            23.50000             3.35714             2.32301             0.21474             1.83484             0.41911           800.74500             3.71074             2.10125       1       6
   10000       2       2       2       1       2     487       6       6      23     199      13      16            24.07692             3.23077             2.34544             0.21024             1.82727             0.42144           781.70006             3.64890             2.09756       3       4
   10000       2       2       2       1       2     487       6       6      24     184      12      28            24.00000             3.25000             2.36872             0.21788             1.84595             0.43303           803.17280             3.70503             2.11192       4       2
   10000       2       2       2       1       2     487       6       6      25     168      11      18            23.90909             3.36364             2.35911             0.21713             1.84551             0.42346           813.02874             3.74236             2.06397       6       1
   10000       2       2       2       1       2     487       6       6      26     148      10      34            22.40000             3.10000             2.40279             0.24056             1.76991             0.44190           869.82802             3.82680             2.02815       5       4
   10000       2       2       2       1       2     487       6       6      27     141       9      10            23.77778             3.22222             2.43754             0.21695             1.79704             0.45242           799.75611             3.86247             2.04161       4       1
   10000       2       2       2       1       2     487       6       6      28     129       8      27            24.75000             3.25000             2.42478             0.20715             1.77542             0.44587           775.44652             3.82980             2.08737       3       2
   10000       2       2       2       1       2     487       6       6      29     115       7      24            24.57143             3.28571             2.41033             0.20839             1.75122             0.44837           780.35765             3.80886             2.10747       5       5
   10000       2       2       2       1       2     487       6       6      30      93       6      24            24.66667             3.33333             2.33495             0.20178             1.75324             0.43614           757.78367             3.80432             2.24779       6       4
