   10000       2       2       2      10       5     467       6       6       0     467      36       0            20.41667             3.19444             2.11294             0.23015             1.72272             0.31714           954.81477             3.61434             2.49732       0       0
   10000       2       2       2      10       5     467       6       6       1     451      35      23            21.00000             3.14286             2.15602             0.22773             1.71124             0.34592           930.54604             3.61769             2.57220       5       2
   10000       2       2       2      10       5     467       6       6       2     442      34      16            21.38235             3.08824             2.18291             0.22622             1.68988             0.37080           920.10349             3.56229             2.58903       4       3
   10000       2       2       2      10       5     467       6       6       3     431      33      27            21.75758             3.03030             2.21294             0.22508             1.69449             0.37442           903.61591             3.55344             2.58053       3       2
   10000       2       2       2      10       5     467       6       6       4     420      32      26            21.87500             3.18750             2.21521             0.22377             1.72409             0.37698           890.44745             3.57121             2.58029       2       1
   10000       2       2       2      10       5     467       6       6       5     409      31      25            21.54839             3.12903             2.20367             0.22770             1.71872             0.38812           912.56136             3.56432             2.50179       1       2
   10000       2       2       2      10       5     467       6       6       6     396      30      26            21.46667             3.13333             2.20866             0.22844             1.73327             0.37674           915.60263             3.58925             2.45989       6       3
   10000       2       2       2      10       5     467       6       6       7     380      29      25            22.10345             3.10345             2.24862             0.22651             1.74479             0.38772           884.34897             3.59716             2.51919       3       5
   10000       2       2       2      10       5     467       6       6       8     369      28      25            22.50000             3.10714             2.28491             0.22612             1.74687             0.39780           873.17122             3.60855             2.52883       5       4
   10000       2       2       2      10       5     467       6       6       9     358      27      21            22.37037             3.07407             2.28694             0.22767             1.71598             0.40331           882.56375             3.64125             2.44992       3       4
   10000       2       2       2      10       5     467       6       6      10     352      26      20            22.50000             3.07692             2.32267             0.23062             1.71850             0.40574           877.75580             3.64740             2.38234       3       1
   10000       2       2       2      10       5     467       6       6      11     338      25      32            22.20000             3.04000             2.31742             0.23358             1.74480             0.39743           889.83295             3.64195             2.34675       4       5
   10000       2       2       2      10       5     467       6       6      12     326      24      24            22.58333             3.25000             2.34500             0.22661             1.77211             0.39866           830.28839             3.67586             2.35837       1       4
   10000       2       2       2      10       5     467       6       6      13     313      23      25            23.04348             3.17391             2.34342             0.22209             1.76100             0.40282           802.19351             3.74231             2.35854       2       5
   10000       2       2       2      10       5     467       6       6      14     304      22      28            23.04545             3.18182             2.36763             0.22471             1.74900             0.40410           798.26265             3.77048             2.28792       3       6
   10000       2       2       2      10       5     467       6       6      15     283      21      27            22.76190             3.23810             2.33365             0.22406             1.77316             0.40237           802.40392             3.75314             2.28839       6       4
   10000       2       2       2      10       5     467       6       6      16     281      20      23            22.90000             3.35000             2.34316             0.22380             1.82995             0.40809           810.99571             3.76592             2.15576       2       3
   10000       2       2       2      10       5     467       6       6      17     272      19      18            22.78947             3.36842             2.36717             0.22769             1.85329             0.41839           824.55394             3.77015             2.09989       6       2
   10000       2       2       2      10       5     467       6       6      18     267      18      17            23.22222             3.50000             2.37003             0.22388             1.88691             0.40541           807.31765             3.75099             2.02305       6       6
   10000       2       2       2      10       5     467       6       6      19     256      17      23            23.23529             3.47059             2.38500             0.22571             1.87047             0.40865           801.41529             3.75386             1.99564       5       3
   10000       2       2       2      10       5     467       6       6      20     250      16      24            23.56250             3.62500             2.36153             0.22004             1.91938             0.40648           793.03224             3.77855             1.92441       4       1
   10000       2       2       2      10       5     467       6       6      21     243      15      18            24.06667             3.53333             2.40028             0.22148             1.89257             0.41093           774.14801             3.82144             1.86743       4       6
   10000       2       2       2      10       5     467       6       6      22     233      14      24            23.78571             3.57143             2.40985             0.22494             1.90854             0.39927           779.94657             3.84798             1.83428       6       1
   10000       2       2       2      10       5     467       6       6      23     208      13      29            23.38462             3.53846             2.39108             0.22762             1.89601             0.39701           796.85777             3.85285             1.86875       5       1
   10000       2       2       2      10       5     467       6       6      24     196      12      26            23.16667             3.58333             2.36598             0.22864             1.90735             0.40010           809.44713             3.81453             1.79249       3       3
   10000       2       2       2      10       5     467       6       6      25     180      11      21            23.36364             3.63636             2.36895             0.22821             1.93529             0.40011           804.40634             3.83295             1.82427       4       4
   10000       2       2       2      10       5     467       6       6      26     174      10      19            23.40000             3.70000             2.37351             0.22714             1.97709             0.39019           797.46332             3.91140             1.68999       1       6
   10000       2       2       2      10       5     467       6       6      27     155       9      38            21.77778             4.00000             2.32074             0.23344             2.05378             0.38200           819.38482             4.00316             1.53243       5       5
   10000       2       2       2      10       5     467       6       6      28     132       8      26            21.12500             4.00000             2.29021             0.23828             2.01550             0.37138           845.55050             4.01815             1.55429       4       2
   10000       2       2       2      10       5     467       6       6      29     121       7      18            21.57143             4.00000             2.29992             0.23497             2.02612             0.38242           827.40389             4.02063             1.51827       5       6
   10000       2       2       2      10       5     467       6       6      30     103       6      18            22.16667             3.83333             2.32213             0.23165             2.03048             0.40694           852.70136             3.92919             1.60465       6       5
