   10000       2       2       2       9      10     504       6       6       0     504      36       0            21.11111             2.88889             2.22961             0.22955             1.55904             0.32370           873.83773             3.92412             2.46365       0       0
   10000       2       2       2       9      10     504       6       6       1     495      35      24            21.31429             2.94286             2.25725             0.23091             1.56684             0.33016           861.76923             3.95306             2.44853       2       6
   10000       2       2       2       9      10     504       6       6       2     482      34      20            21.14706             2.94118             2.25701             0.23327             1.56948             0.33227           866.16683             3.95605             2.42810       1       6
   10000       2       2       2       9      10     504       6       6       3     474      33      14            21.33333             2.96970             2.24026             0.22934             1.59197             0.34194           862.91612             3.95107             2.34577       3       2
   10000       2       2       2       9      10     504       6       6       4     461      32      15            21.93750             3.00000             2.27661             0.22492             1.60276             0.34519           839.71939             3.91505             2.37762       2       5
   10000       2       2       2       9      10     504       6       6       5     451      31      25            22.19355             2.96774             2.27790             0.22345             1.61996             0.34606           828.84111             3.92824             2.37135       3       6
   10000       2       2       2       9      10     504       6       6       6     434      30      20            22.63333             2.93333             2.34911             0.22551             1.63936             0.36817           793.73630             3.91502             2.39225       6       3
   10000       2       2       2       9      10     504       6       6       7     411      29      29            22.62069             2.93103             2.31671             0.22234             1.66283             0.37296           791.02459             3.90640             2.41901       1       4
   10000       2       2       2       9      10     504       6       6       8     401      28      18            23.00000             2.92857             2.33393             0.21936             1.68122             0.37870           779.52326             3.85377             2.44208       2       4
   10000       2       2       2       9      10     504       6       6       9     388      27      21            23.18519             3.03704             2.31561             0.21532             1.70861             0.37892           774.37403             3.82755             2.48384       6       4
   10000       2       2       2       9      10     504       6       6      10     370      26      27            23.69231             3.03846             2.34174             0.21589             1.70652             0.37377           755.10445             3.85146             2.51221       5       2
   10000       2       2       2       9      10     504       6       6      11     364      25      19            23.88000             3.00000             2.33732             0.21487             1.71543             0.37794           761.62528             3.82890             2.43242       1       2
   10000       2       2       2       9      10     504       6       6      12     343      24      30            23.87500             3.08333             2.33694             0.21322             1.74508             0.38290           753.71796             3.84896             2.45319       4       6
   10000       2       2       2       9      10     504       6       6      13     328      23      23            24.13043             3.00000             2.37147             0.21433             1.73074             0.38256           742.73820             3.89034             2.46363       3       1
   10000       2       2       2       9      10     504       6       6      14     314      22      27            24.27273             3.18182             2.34862             0.20722             1.75845             0.37306           724.12025             3.91498             2.47506       4       5
   10000       2       2       2       9      10     504       6       6      15     302      21      30            24.00000             3.14286             2.30758             0.20709             1.75346             0.36978           732.14944             3.92864             2.41477       6       2
   10000       2       2       2       9      10     504       6       6      16     291      20      26            23.95000             3.25000             2.30028             0.20757             1.78427             0.35259           730.97594             3.98450             2.38403       3       4
   10000       2       2       2       9      10     504       6       6      17     274      19      24            23.73684             3.26316             2.30903             0.20983             1.79933             0.36940           736.37539             4.02631             2.38195       6       1
   10000       2       2       2       9      10     504       6       6      18     262      18      31            23.11111             3.33333             2.30381             0.21508             1.82882             0.37940           745.69436             4.12583             2.27027       2       3
   10000       2       2       2       9      10     504       6       6      19     251      17      29            22.23529             3.35294             2.30009             0.22437             1.82660             0.39649           775.80689             4.21016             2.17259       2       1
   10000       2       2       2       9      10     504       6       6      20     236      16      24            22.37500             3.37500             2.30522             0.22429             1.82298             0.39581           756.90953             4.28762             2.18805       5       1
   10000       2       2       2       9      10     504       6       6      21     222      15      24            22.60000             3.33333             2.31012             0.22111             1.84772             0.39446           738.98701             4.42457             2.08368       5       4
   10000       2       2       2       9      10     504       6       6      22     209      14      24            22.35714             3.28571             2.29826             0.22303             1.84920             0.40408           751.20831             4.41379             2.03127       1       3
   10000       2       2       2       9      10     504       6       6      23     200      13      15            23.15385             3.23077             2.33597             0.21792             1.84993             0.41078           740.67315             4.41286             2.00936       5       3
   10000       2       2       2       9      10     504       6       6      24     183      12      22            22.83333             3.25000             2.30421             0.21846             1.84697             0.42322           757.27992             4.39392             1.96232       3       5
   10000       2       2       2       9      10     504       6       6      25     168      11      18            23.18182             3.27273             2.33280             0.21871             1.84063             0.40681           763.22322             4.25361             1.96285       1       5
   10000       2       2       2       9      10     504       6       6      26     152      10      28            22.60000             3.30000             2.39219             0.23034             1.86833             0.41112           786.48342             4.32834             1.83740       6       5
   10000       2       2       2       9      10     504       6       6      27     136       9      30            21.66667             3.22222             2.30835             0.23170             1.83882             0.39005           799.58588             4.38086             1.70330       4       2
   10000       2       2       2       9      10     504       6       6      28     120       8      21            21.75000             3.12500             2.32409             0.23347             1.82709             0.38256           808.00341             4.41673             1.71052       4       1
   10000       2       2       2       9      10     504       6       6      29     114       7      27            21.57143             3.28571             2.25096             0.22924             1.87214             0.38393           810.93210             4.49715             1.54182       5       6
   10000       2       2       2       9      10     504       6       6      30     102       6      29            19.83333             3.33333             2.16748             0.23839             1.90167             0.39892           863.08610             4.73092             1.31354       4       3
