   10000       2       2       2       4       6     504       6       6       0     504      36       0            21.11111             2.88889             2.22961             0.22955             1.55904             0.32370           873.83773             3.92412             2.46365       0       0
   10000       2       2       2       4       6     504       6       6       1     492      35      22            21.60000             3.00000             2.23779             0.22536             1.56848             0.32512           857.45877             3.88857             2.50766       1       3
   10000       2       2       2       4       6     504       6       6       2     471      34      23            22.64706             3.11765             2.28132             0.21791             1.62118             0.31890           797.92911             3.91447             2.64398       5       2
   10000       2       2       2       4       6     504       6       6       3     455      33      22            22.60606             3.12121             2.28976             0.21816             1.63082             0.32000           793.49926             3.92167             2.64068       6       4
   10000       2       2       2       4       6     504       6       6       4     431      32      14            22.78125             3.09375             2.29087             0.21574             1.65182             0.31684           781.13151             3.90553             2.68747       2       4
   10000       2       2       2       4       6     504       6       6       5     419      31      25            22.70968             3.12903             2.29415             0.21741             1.65731             0.32282           778.87057             3.92121             2.63604       2       3
   10000       2       2       2       4       6     504       6       6       6     410      30      18            22.90000             3.13333             2.31609             0.21719             1.66433             0.33315           767.45606             3.89904             2.62296       1       6
   10000       2       2       2       4       6     504       6       6       7     403      29      18            22.82759             3.10345             2.30114             0.21694             1.67824             0.33306           778.90380             3.88489             2.57339       1       2
   10000       2       2       2       4       6     504       6       6       8     396      28      19            23.35714             3.03571             2.30897             0.21235             1.67703             0.32344           762.97865             3.88978             2.54579       2       2
   10000       2       2       2       4       6     504       6       6       9     386      27      16            24.14815             3.03704             2.36749             0.20920             1.68528             0.33710           731.56167             3.90457             2.57432       4       4
   10000       2       2       2       4       6     504       6       6      10     370      26      24            24.69231             3.19231             2.36226             0.20345             1.72915             0.32813           713.00984             3.94028             2.60464       5       6
   10000       2       2       2       4       6     504       6       6      11     354      25      36            24.12000             3.20000             2.36466             0.20856             1.71337             0.33651           724.15902             3.99241             2.58400       2       1
   10000       2       2       2       4       6     504       6       6      12     341      24      23            24.20833             3.12500             2.35837             0.20645             1.66390             0.33087           722.22387             4.02559             2.53216       4       3
   10000       2       2       2       4       6     504       6       6      13     333      23      18            24.30435             3.13043             2.37163             0.20755             1.65891             0.32480           740.76199             3.98245             2.38303       5       3
   10000       2       2       2       4       6     504       6       6      14     325      22      26            24.31818             3.18182             2.36533             0.20660             1.68257             0.32870           733.38724             4.01286             2.34980       6       1
   10000       2       2       2       4       6     504       6       6      15     315      21      25            24.09524             3.14286             2.34698             0.20725             1.67205             0.33340           739.12748             4.01923             2.31488       6       3
   10000       2       2       2       4       6     504       6       6      16     307      20      27            24.55000             3.30000             2.36074             0.20505             1.69536             0.33359           724.05338             4.01613             2.22779       4       5
   10000       2       2       2       4       6     504       6       6      17     292      19      18            24.94737             3.31579             2.37710             0.20290             1.69920             0.33720           710.20946             3.98444             2.23656       1       1
   10000       2       2       2       4       6     504       6       6      18     281      18      22            24.50000             3.27778             2.36469             0.20730             1.69977             0.33598           731.81920             4.00151             2.16163       1       5
   10000       2       2       2       4       6     504       6       6      19     265      17      26            24.52941             3.35294             2.37396             0.20699             1.70773             0.33101           736.59119             4.04161             2.15177       4       1
   10000       2       2       2       4       6     504       6       6      20     254      16      24            23.87500             3.25000             2.34795             0.21067             1.69259             0.32508           766.10092             4.05550             2.05086       5       5
   10000       2       2       2       4       6     504       6       6      21     243      15      21            23.80000             3.06667             2.33046             0.21231             1.71115             0.31716           769.20478             4.18472             1.98925       2       6
   10000       2       2       2       4       6     504       6       6      22     219      14      24            23.64286             3.14286             2.31251             0.21252             1.73483             0.32356           776.14995             4.15544             2.01697       1       4
   10000       2       2       2       4       6     504       6       6      23     209      13      25            23.46154             3.07692             2.32036             0.21597             1.72216             0.31018           781.38212             4.22046             1.92257       4       2
   10000       2       2       2       4       6     504       6       6      24     194      12      24            22.91667             3.00000             2.32720             0.22389             1.72402             0.33230           812.88839             4.24725             1.86688       6       6
   10000       2       2       2       4       6     504       6       6      25     179      11      19            23.27273             2.90909             2.32663             0.22091             1.72923             0.33725           793.43103             4.24082             1.90783       5       4
   10000       2       2       2       4       6     504       6       6      26     172      10      11            24.20000             3.10000             2.38771             0.20938             1.76155             0.34434           758.59818             4.07992             1.83118       2       5
   10000       2       2       2       4       6     504       6       6      27     151       9      28            23.55556             3.00000             2.39691             0.21727             1.75112             0.35826           778.28651             4.17876             1.81385       4       6
   10000       2       2       2       4       6     504       6       6      28     134       8      24            23.50000             2.87500             2.39036             0.21785             1.70371             0.37044           754.06461             4.30953             1.78576       5       1
   10000       2       2       2       4       6     504       6       6      29     120       7      14            24.85714             2.85714             2.48425             0.21056             1.72732             0.36841           671.31831             4.37812             1.89802       6       5
   10000       2       2       2       4       6     504       6       6      30      94       6      29            24.16667             2.83333             2.42703             0.21200             1.68782             0.36434           681.95103             4.44722             2.00830       6       2
