   10000       2       1       2       4       7     523       6       6       0     523      36       0            22.19444             3.02778             2.32437             0.22473             1.62973             0.34372           814.90618             3.76329             2.41033       0       0
   10000       2       1       2       4       7     523       6       6       1     508      35      22            22.31429             3.08571             2.31572             0.22359             1.64871             0.34081           818.71203             3.75988             2.40681       1       4
   10000       2       1       2       4       7     523       6       6       2     499      34      18            22.29412             3.00000             2.30054             0.22234             1.63474             0.34098           820.93624             3.76225             2.38297       6       1
   10000       2       1       2       4       7     523       6       6       3     487      33      17            22.51515             3.06061             2.32147             0.22166             1.63069             0.34714           809.91737             3.76258             2.37845       6       2
   10000       2       1       2       4       7     523       6       6       4     472      32      22            22.53125             3.06250             2.30783             0.22023             1.63413             0.35172           809.37581             3.74245             2.36140       4       4
   10000       2       1       2       4       7     523       6       6       5     463      31      22            22.58065             3.03226             2.31566             0.22161             1.63276             0.35116           812.16652             3.72546             2.28394       4       6
   10000       2       1       2       4       7     523       6       6       6     449      30      20            22.70000             3.03333             2.32537             0.22109             1.63592             0.34028           803.43159             3.74269             2.23767       2       2
   10000       2       1       2       4       7     523       6       6       7     435      29      25            22.75862             3.06897             2.33787             0.22207             1.63334             0.34937           799.78921             3.72870             2.21461       4       3
   10000       2       1       2       4       7     523       6       6       8     413      28      24            22.46429             3.07143             2.28935             0.22332             1.62462             0.34966           826.09115             3.74150             2.20486       6       6
   10000       2       1       2       4       7     523       6       6       9     399      27      25            22.48148             3.00000             2.27153             0.22138             1.61389             0.33984           826.04867             3.76213             2.18656       2       1
   10000       2       1       2       4       7     523       6       6      10     389      26      19            22.50000             2.92308             2.27463             0.22178             1.60995             0.33789           833.98478             3.74709             2.09526       4       2
   10000       2       1       2       4       7     523       6       6      11     378      25      15            22.80000             3.00000             2.25320             0.21329             1.64494             0.33991           821.54965             3.66983             2.11693       4       5
   10000       2       1       2       4       7     523       6       6      12     360      24      28            22.91667             2.91667             2.23446             0.20983             1.64657             0.35325           810.21547             3.67618             2.12127       5       4
   10000       2       1       2       4       7     523       6       6      13     347      23      23            22.82609             2.91304             2.24945             0.21253             1.65972             0.35455           815.14835             3.69651             2.08767       6       4
   10000       2       1       2       4       7     523       6       6      14     335      22      14            23.18182             2.86364             2.27031             0.20938             1.64943             0.35225           803.23429             3.69913             2.09199       5       6
   10000       2       1       2       4       7     523       6       6      15     322      21      21            23.09524             2.85714             2.29227             0.21311             1.63827             0.35666           800.97026             3.67868             2.09001       5       5
   10000       2       1       2       4       7     523       6       6      16     304      20      19            23.30000             2.90000             2.28137             0.20990             1.64833             0.36338           794.52731             3.70317             2.13965       6       5
   10000       2       1       2       4       7     523       6       6      17     291      19      26            23.00000             2.94737             2.29172             0.21460             1.66135             0.37142           817.70202             3.68957             2.06822       4       1
   10000       2       1       2       4       7     523       6       6      18     273      18      25            22.66667             2.94444             2.26219             0.21580             1.67834             0.37564           834.52537             3.67114             2.06296       6       3
   10000       2       1       2       4       7     523       6       6      19     257      17      19            22.76471             2.94118             2.27236             0.21605             1.65782             0.36277           835.38964             3.68635             2.08050       5       3
   10000       2       1       2       4       7     523       6       6      20     240      16      28            22.18750             2.93750             2.23748             0.21968             1.63848             0.36010           859.23880             3.68386             2.05452       5       1
   10000       2       1       2       4       7     523       6       6      21     227      15      24            21.73333             3.06667             2.23443             0.22589             1.63122             0.33699           895.53439             3.64458             1.93705       1       6
   10000       2       1       2       4       7     523       6       6      22     212      14      20            21.92857             3.00000             2.30437             0.22987             1.59727             0.36340           880.15380             3.61757             1.92641       2       4
   10000       2       1       2       4       7     523       6       6      23     196      13      17            22.07692             2.92308             2.31025             0.22918             1.59026             0.38185           873.46273             3.58560             1.89836       2       6
   10000       2       1       2       4       7     523       6       6      24     180      12      24            21.66667             2.91667             2.30983             0.23442             1.59635             0.36972           885.58389             3.61532             1.83804       2       3
   10000       2       1       2       4       7     523       6       6      25     165      11      23            21.72727             3.00000             2.26979             0.23145             1.60374             0.34704           867.29025             3.65068             1.82688       1       3
   10000       2       1       2       4       7     523       6       6      26     150      10      15            22.50000             3.00000             2.27906             0.22296             1.63033             0.33274           856.56032             3.56102             1.93288       5       2
   10000       2       1       2       4       7     523       6       6      27     131       9      33            20.55556             2.88889             2.18847             0.23306             1.63424             0.32660           919.09213             3.56694             1.77833       2       5
   10000       2       1       2       4       7     523       6       6      28     118       8      23            19.75000             2.87500             2.14354             0.23981             1.64534             0.32695           932.62912             3.62944             1.71274       1       1
   10000       2       1       2       4       7     523       6       6      29     100       7      18            20.00000             2.85714             2.11048             0.23434             1.62829             0.30643           923.59598             3.70468             1.81456       1       2
   10000       2       1       2       4       7     523       6       6      30      82       6      19            20.16667             2.66667             2.15338             0.23891             1.53856             0.32046           937.41711             3.64713             1.93381       1       5
