   10000       2       1       2       3       9     508       6       6       0     508      36       0            20.91667             3.02778             2.17896             0.23201             1.65907             0.34872           966.72845             3.87881             2.34215       0       0
   10000       2       1       2       3       9     508       6       6       1     495      35      18            20.97143             2.97143             2.17679             0.23175             1.63530             0.33875           960.18216             3.90521             2.31005       4       6
   10000       2       1       2       3       9     508       6       6       2     478      34      23            21.23529             3.00000             2.16123             0.22564             1.64549             0.34068           945.60147             3.86419             2.33920       3       2
   10000       2       1       2       3       9     508       6       6       3     464      33      25            21.39394             3.03030             2.18440             0.22812             1.62993             0.34799           934.90272             3.88803             2.35794       6       5
   10000       2       1       2       3       9     508       6       6       4     447      32      18            21.59375             3.03125             2.19842             0.22701             1.63330             0.35405           929.38288             3.82459             2.40062       4       5
   10000       2       1       2       3       9     508       6       6       5     439      31      16            21.80645             3.12903             2.19424             0.22344             1.65834             0.35771           923.04893             3.82728             2.35832       3       3
   10000       2       1       2       3       9     508       6       6       6     422      30      28            21.46667             3.00000             2.17618             0.22643             1.62428             0.34562           946.03748             3.83523             2.30497       4       3
   10000       2       1       2       3       9     508       6       6       7     408      29      18            21.72414             3.00000             2.19708             0.22507             1.60596             0.34005           932.27207             3.84727             2.31996       5       3
   10000       2       1       2       3       9     508       6       6       8     391      28      28            21.39286             2.96429             2.17108             0.22640             1.59411             0.34907           952.81619             3.87108             2.27540       5       4
   10000       2       1       2       3       9     508       6       6       9     376      27      24            21.33333             2.96296             2.16957             0.22736             1.58539             0.34840           965.91964             3.88806             2.22881       2       2
   10000       2       1       2       3       9     508       6       6      10     363      26      18            21.38462             2.96154             2.15693             0.22598             1.59014             0.34211           957.40509             3.92449             2.23739       6       4
   10000       2       1       2       3       9     508       6       6      11     350      25      24            21.16000             2.96000             2.14690             0.23274             1.57842             0.35143           989.79036             3.96818             2.20864       2       1
   10000       2       1       2       3       9     508       6       6      12     346      24      12            21.25000             3.00000             2.13941             0.24114             1.59455             0.32614          1192.37905             3.81682             2.05528       4       1
   10000       2       1       2       3       9     508       6       6      13     339      23      12            21.60870             2.95652             2.16949             0.23999             1.57757             0.33038          1170.93663             3.82577             2.03807       4       4
   10000       2       1       2       3       9     508       6       6      14     325      22      18            21.63636             2.95455             2.17768             0.24113             1.57581             0.34204          1167.73195             3.78625             2.04525       4       2
   10000       2       1       2       3       9     508       6       6      15     309      21      26            21.28571             2.90476             2.12868             0.24019             1.57782             0.33608          1194.67520             3.76183             1.98795       5       2
   10000       2       1       2       3       9     508       6       6      16     289      20      25            21.10000             2.90000             2.17255             0.25030             1.58785             0.34057          1231.79946             3.79701             1.96323       3       5
   10000       2       1       2       3       9     508       6       6      17     271      19      23            20.63158             2.94737             2.15306             0.25709             1.60438             0.34374          1270.52560             3.73146             1.95827       5       1
   10000       2       1       2       3       9     508       6       6      18     255      18      20            20.55556             2.88889             2.15387             0.25976             1.62233             0.35264          1305.64618             3.71177             1.96131       6       6
   10000       2       1       2       3       9     508       6       6      19     244      17      26            20.11765             2.94118             2.13331             0.26720             1.63573             0.35953          1378.69255             3.70234             1.83557       2       6
   10000       2       1       2       3       9     508       6       6      20     228      16      18            19.93750             3.00000             2.11967             0.27060             1.65036             0.34215          1377.19240             3.72616             1.86026       3       4
   10000       2       1       2       3       9     508       6       6      21     214      15      14            19.80000             3.00000             2.09501             0.26941             1.63615             0.33744          1415.14649             3.72557             1.82767       6       1
   10000       2       1       2       3       9     508       6       6      22     197      14      26            18.92857             3.00000             2.06194             0.27819             1.63025             0.34696          1485.26805             3.74346             1.80299       5       5
   10000       2       1       2       3       9     508       6       6      23     194      13      10            20.07692             2.92308             2.06527             0.25854             1.63879             0.33442          1380.33424             3.77374             1.71994       2       3
   10000       2       1       2       3       9     508       6       6      24     180      12      22            19.58333             2.83333             2.05012             0.27002             1.58311             0.31260          1579.24103             3.78664             1.62123       2       4
   10000       2       1       2       3       9     508       6       6      25     160      11      20            19.54545             2.81818             2.03799             0.27321             1.59665             0.32467          1636.20545             3.78301             1.67771       5       6
   10000       2       1       2       3       9     508       6       6      26     144      10      17            19.80000             2.80000             2.02414             0.27333             1.61882             0.32589          1698.89594             3.79028             1.73090       3       6
   10000       2       1       2       3       9     508       6       6      27     141       9       3            21.77778             3.00000             2.16751             0.22760             1.68757             0.36051          1176.75874             3.56261             1.85880       3       1
   10000       2       1       2       3       9     508       6       6      28     138       8       6            24.12500             3.12500             2.30279             0.20360             1.75374             0.38222           757.59276             3.49039             1.76974       2       5
   10000       2       1       2       3       9     508       6       6      29     119       7      26            23.14286             3.28571             2.31181             0.21533             1.77686             0.36080           805.24424             3.48128             1.73321       6       2
   10000       2       1       2       3       9     508       6       6      30      99       6      18            23.66667             3.16667             2.32905             0.21158             1.76807             0.37960           759.24685             3.61986             1.87060       6       3
