   10000       2       1       2       8       5     514       6       6       0     514      36       0            21.69444             3.13889             2.30008             0.22645             1.65036             0.33603           860.60524             3.60649             2.37765       0       0
   10000       2       1       2       8       5     514       6       6       1     501      35      19            21.71429             3.11429             2.32387             0.22978             1.63484             0.34360           863.51912             3.60060             2.37208       1       6
   10000       2       1       2       8       5     514       6       6       2     487      34      24            21.52941             3.05882             2.33073             0.23217             1.63578             0.34195           861.49677             3.60210             2.33098       5       1
   10000       2       1       2       8       5     514       6       6       3     477      33      19            21.57576             3.15152             2.31650             0.23081             1.64656             0.32985           858.90498             3.61362             2.28250       3       1
   10000       2       1       2       8       5     514       6       6       4     465      32      21            21.75000             3.06250             2.34878             0.23287             1.62615             0.33499           853.82404             3.62882             2.28087       5       2
   10000       2       1       2       8       5     514       6       6       5     456      31      14            21.87097             3.09677             2.35375             0.23142             1.62942             0.33703           857.80290             3.59679             2.25172       1       5
   10000       2       1       2       8       5     514       6       6       6     448      30      16            22.23333             3.10000             2.37700             0.22990             1.64300             0.33916           852.62114             3.56527             2.20951       5       4
   10000       2       1       2       8       5     514       6       6       7     441      29      15            22.37931             3.10345             2.37920             0.22770             1.64348             0.33790           846.43189             3.56765             2.19122       6       1
   10000       2       1       2       8       5     514       6       6       8     432      28      21            22.67857             3.17857             2.34847             0.22307             1.66026             0.32712           833.33251             3.57210             2.16049       3       6
   10000       2       1       2       8       5     514       6       6       9     420      27      19            22.59259             3.11111             2.39156             0.22740             1.64933             0.33934           835.60039             3.56689             2.08389       5       5
   10000       2       1       2       8       5     514       6       6      10     400      26      23            22.07692             3.15385             2.40273             0.23469             1.64857             0.33176           866.57563             3.56942             2.04710       4       6
   10000       2       1       2       8       5     514       6       6      11     375      25      28            21.88000             3.12000             2.37366             0.23432             1.63087             0.33057           873.15903             3.59693             2.06151       3       5
   10000       2       1       2       8       5     514       6       6      12     354      24      23            21.54167             3.08333             2.38604             0.23950             1.63703             0.33411           890.55848             3.55651             2.02272       4       4
   10000       2       1       2       8       5     514       6       6      13     340      23      23            21.69565             3.13043             2.37183             0.23581             1.64760             0.33642           882.17784             3.52466             2.00618       2       3
   10000       2       1       2       8       5     514       6       6      14     326      22      19            21.86364             3.13636             2.35846             0.23324             1.64283             0.34033           872.55041             3.56066             2.03102       4       1
   10000       2       1       2       8       5     514       6       6      15     314      21      20            21.76190             3.04762             2.33855             0.23313             1.61318             0.33570           872.84973             3.59301             1.96646       1       3
   10000       2       1       2       8       5     514       6       6      16     300      20      15            21.85000             3.05000             2.37080             0.23645             1.61938             0.36054           860.73134             3.63676             1.98330       5       6
   10000       2       1       2       8       5     514       6       6      17     275      19      33            21.26316             2.94737             2.34750             0.23968             1.60266             0.35260           877.39470             3.66334             1.97805       2       1
   10000       2       1       2       8       5     514       6       6      18     263      18      21            21.22222             2.94444             2.33206             0.23772             1.58699             0.33995           869.95090             3.66417             1.92172       6       4
   10000       2       1       2       8       5     514       6       6      19     250      17      23            20.94118             3.00000             2.35183             0.24346             1.58850             0.34635           887.24132             3.70120             1.86444       1       2
   10000       2       1       2       8       5     514       6       6      20     230      16      27            20.87500             2.93750             2.32972             0.24257             1.57644             0.34935           898.41476             3.70881             1.83651       3       3
   10000       2       1       2       8       5     514       6       6      21     213      15      19            20.86667             2.93333             2.26979             0.23848             1.62495             0.34784           919.92820             3.70187             1.87541       2       6
   10000       2       1       2       8       5     514       6       6      22     202      14      18            20.85714             3.00000             2.26751             0.23727             1.65257             0.35270           900.25691             3.75345             1.80254       1       4
   10000       2       1       2       8       5     514       6       6      23     180      13      26            20.23077             3.00000             2.25948             0.24423             1.62990             0.35828           926.97009             3.76853             1.80606       6       2
   10000       2       1       2       8       5     514       6       6      24     171      12      15            20.33333             3.08333             2.25811             0.24055             1.66787             0.34851           924.55213             3.73946             1.75223       2       5
   10000       2       1       2       8       5     514       6       6      25     156      11      21            19.81818             3.09091             2.22669             0.25162             1.62358             0.30783          1017.00987             3.73491             1.69919       6       5
   10000       2       1       2       8       5     514       6       6      26     145      10      17            19.40000             3.10000             2.18247             0.25720             1.66703             0.32339          1086.65798             3.70026             1.59939       6       3
   10000       2       1       2       8       5     514       6       6      27     127       9      26            18.33333             3.11111             2.06756             0.25651             1.65495             0.29285          1141.80355             3.73296             1.44805       4       2
   10000       2       1       2       8       5     514       6       6      28     113       8      22            17.50000             3.25000             2.07367             0.27225             1.69321             0.26756          1210.52821             3.72314             1.34691       4       3
   10000       2       1       2       8       5     514       6       6      29      98       7      22            15.71429             3.14286             2.05806             0.29356             1.69113             0.28694          1266.70681             3.87831             1.20798       3       4
   10000       2       1       2       8       5     514       6       6      30      87       6      17            14.50000             3.33333             2.03016             0.31594             1.75006             0.27945          1387.48656             3.97083             1.00000       2       2
