   10000       2       1       1       1       1     508       6       6       0     508      36       0            20.91667             3.02778             2.17896             0.23201             1.65907             0.34872           966.72843             3.87881             2.34215       0       0
   10000       2       1       1       1       1     508       6       6       1     504      35      11            21.34286             3.11429             2.17850             0.22680             1.69146             0.34470           917.16225             3.90751             2.28706       2       3
   10000       2       1       1       1       1     508       6       6       2     488      34      24            21.32353             3.05882             2.18766             0.22839             1.68360             0.33376           918.23300             3.90735             2.26902       5       6
   10000       2       1       1       1       1     508       6       6       3     474      33      24            21.42424             3.12121             2.16627             0.22710             1.68770             0.33718           925.91854             3.92192             2.24626       5       4
   10000       2       1       1       1       1     508       6       6       4     456      32      25            21.53125             3.00000             2.21030             0.22997             1.66732             0.33202           935.93829             3.90742             2.23784       4       5
   10000       2       1       1       1       1     508       6       6       5     440      31      26            21.38710             3.00000             2.20751             0.23516             1.65768             0.34469           954.61571             3.93515             2.21691       2       1
   10000       2       1       1       1       1     508       6       6       6     429      30      18            21.50000             3.03333             2.19976             0.23315             1.67116             0.34106           940.52260             3.96951             2.21474       6       4
   10000       2       1       1       1       1     508       6       6       7     414      29      25            21.82759             3.06897             2.17807             0.22650             1.68057             0.32849           893.60397             3.96901             2.19970       3       4
   10000       2       1       1       1       1     508       6       6       8     404      28      18            21.92857             3.00000             2.21604             0.22874             1.67337             0.33675           886.26286             3.97646             2.18173       6       1
   10000       2       1       1       1       1     508       6       6       9     394      27      19            21.88889             2.96296             2.20078             0.22804             1.66834             0.32977           917.62356             3.98080             2.14749       2       4
   10000       2       1       1       1       1     508       6       6      10     381      26      21            22.03846             2.92308             2.21786             0.22732             1.66430             0.34404           893.44314             3.89347             2.12872       4       2
   10000       2       1       1       1       1     508       6       6      11     377      25      10            22.56000             3.00000             2.24162             0.22365             1.69156             0.35268           830.73144             3.93482             2.05649       2       5
   10000       2       1       1       1       1     508       6       6      12     357      24      28            22.16667             2.95833             2.23729             0.22730             1.67754             0.35884           842.65617             3.94632             2.04414       5       5
   10000       2       1       1       1       1     508       6       6      13     344      23      20            22.04348             2.95652             2.21050             0.22639             1.67875             0.35578           834.76485             3.97914             2.02613       3       5
   10000       2       1       1       1       1     508       6       6      14     334      22      21            22.36364             2.81818             2.23778             0.22548             1.64805             0.35499           821.42566             4.00384             1.97706       5       3
   10000       2       1       1       1       1     508       6       6      15     318      21      24            22.28571             2.90476             2.22409             0.22501             1.68053             0.34425           811.38373             4.03700             1.94308       1       4
   10000       2       1       1       1       1     508       6       6      16     303      20      24            22.15000             3.00000             2.24763             0.22909             1.68654             0.34873           823.96019             4.05734             1.90857       3       6
   10000       2       1       1       1       1     508       6       6      17     289      19      24            22.15789             3.05263             2.24174             0.23237             1.70166             0.35961           828.81663             4.03445             1.84832       5       1
   10000       2       1       1       1       1     508       6       6      18     276      18      21            21.94444             3.05556             2.23534             0.23491             1.70615             0.36708           849.37160             4.03558             1.82907       6       6
   10000       2       1       1       1       1     508       6       6      19     256      17      25            21.35294             3.11765             2.21754             0.23859             1.72989             0.36718           857.74345             4.13416             1.81112       6       3
   10000       2       1       1       1       1     508       6       6      20     236      16      28            20.68750             3.12500             2.19281             0.24449             1.72285             0.35594           881.07344             4.14113             1.80058       6       2
   10000       2       1       1       1       1     508       6       6      21     215      15      30            19.53333             3.20000             2.13966             0.25486             1.71967             0.33202           942.38576             4.14141             1.71287       4       3
   10000       2       1       1       1       1     508       6       6      22     199      14      16            19.78571             3.21429             2.14089             0.25295             1.69084             0.31993           906.53206             4.16529             1.76378       4       6
   10000       2       1       1       1       1     508       6       6      23     184      13      29            18.92308             3.15385             2.09480             0.26759             1.64574             0.34011           976.53578             4.25407             1.56813       3       2
   10000       2       1       1       1       1     508       6       6      24     170      12      22            18.33333             3.16667             2.11337             0.27632             1.62638             0.33641           998.16732             4.34142             1.49724       2       2
   10000       2       1       1       1       1     508       6       6      25     164      11       8            19.18182             3.27273             2.13553             0.26246             1.69094             0.30882           956.88884             4.06860             1.44106       3       1
   10000       2       1       1       1       1     508       6       6      26     151      10      12            19.70000             3.20000             2.14541             0.25748             1.69695             0.32969           930.10152             4.07112             1.47034       3       3
   10000       2       1       1       1       1     508       6       6      27     137       9      14            20.33333             3.22222             2.13587             0.24570             1.75523             0.31931           914.34233             4.03102             1.52260       5       2
   10000       2       1       1       1       1     508       6       6      28     130       8       7            22.00000             3.37500             2.23751             0.22248             1.82151             0.32237           833.31622             3.69778             1.58793       4       1
   10000       2       1       1       1       1     508       6       6      29     118       7      12            23.42857             3.42857             2.30054             0.20706             1.85630             0.33695           716.46897             3.67643             1.67192       4       4
   10000       2       1       1       1       1     508       6       6      30      98       6      20            24.00000             3.33333             2.28612             0.19986             1.81385             0.34689           684.86820             3.72391             1.78390       6       5
   10000       2       1       1       1       1     508       6       6      31      79       5      23            22.80000             3.20000             2.23010             0.20517             1.74628             0.30652           748.74945             3.75591             1.69791       1       3
   10000       2       1       1       1       1     508       6       6      32      66       4      20            22.50000             3.25000             2.33763             0.21939             1.78094             0.28075           696.68305             3.88090             1.60809       1       2
   10000       2       1       1       1       1     508       6       6      33      48       3      25            19.33333             3.33333             2.23977             0.24894             1.83292             0.29407           806.88500             3.78203             1.38095       1       5
   10000       2       1       1       1       1     508       6       6      34      32       2      22            16.00000             3.00000             2.21667             0.31308             1.73206             0.26794           961.25632             3.75725             1.00000       2       6
   10000       2       1       1       1       1     508       6       6      35      20       1      12            20.00000             3.00000             2.35000             0.24737             1.73684             0.26316           797.96605             3.43861             1.00000       1       6
   10000       2       1       1       1       1     508       6       6      36       0       0      20             0.00000             0.00000             0.00000             0.00000             0.00000             0.00000             0.00000             0.00000             0.00000       1       1
