   10000       2       1       2       3       8     509       6       6       0     509      36       0            22.55556             2.97222             2.25679             0.22020             1.60747             0.37073           901.40119             3.36120             2.56709       0       0
   10000       2       1       2       3       8     509       6       6       1     495      35      24            22.62857             2.97143             2.25872             0.22005             1.61913             0.37237           903.04331             3.35111             2.56090       6       3
   10000       2       1       2       3       8     509       6       6       2     479      34      24            22.79412             2.97059             2.27923             0.22251             1.60337             0.37371           903.64351             3.34979             2.52866       3       3
   10000       2       1       2       3       8     509       6       6       3     469      33      24            22.57576             3.03030             2.28193             0.22661             1.62041             0.37384           915.25931             3.33574             2.42845       2       1
   10000       2       1       2       3       8     509       6       6       4     458      32      23            22.40625             3.03125             2.29932             0.23053             1.62172             0.37503           930.75845             3.32913             2.35472       6       5
   10000       2       1       2       3       8     509       6       6       5     445      31      19            22.38710             3.03226             2.29855             0.22648             1.61667             0.36501           910.77909             3.31134             2.33006       3       4
   10000       2       1       2       3       8     509       6       6       6     430      30      21            22.26667             3.00000             2.29830             0.22824             1.61293             0.37234           915.28076             3.31118             2.33602       6       6
   10000       2       1       2       3       8     509       6       6       7     418      29      18            22.41379             3.06897             2.30834             0.23171             1.62091             0.37282           915.44892             3.33752             2.27292       4       4
   10000       2       1       2       3       8     509       6       6       8     400      28      21            22.64286             3.03571             2.33469             0.23282             1.62551             0.38598           912.92852             3.34017             2.31109       6       2
   10000       2       1       2       3       8     509       6       6       9     379      27      24            22.40741             3.00000             2.31174             0.23382             1.61501             0.39089           923.64325             3.33407             2.33380       6       4
   10000       2       1       2       3       8     509       6       6      10     368      26      19            22.65385             3.00000             2.31860             0.23050             1.63159             0.39262           908.48862             3.30705             2.32353       3       2
   10000       2       1       2       3       8     509       6       6      11     357      25      25            22.64000             3.04000             2.29689             0.23015             1.63204             0.39055           911.79325             3.31267             2.26324       3       5
   10000       2       1       2       3       8     509       6       6      12     344      24      16            22.66667             3.00000             2.27624             0.22761             1.62773             0.38563           923.31914             3.28146             2.27558       3       1
   10000       2       1       2       3       8     509       6       6      13     340      23       7            23.73913             3.08696             2.30603             0.21232             1.64664             0.39172           858.60734             3.24363             2.29386       4       3
   10000       2       1       2       3       8     509       6       6      14     316      22      35            23.04545             3.09091             2.34073             0.22280             1.65554             0.38473           885.38044             3.24906             2.21845       2       6
   10000       2       1       2       3       8     509       6       6      15     301      21      28            22.76190             3.04762             2.34706             0.22488             1.64962             0.38813           893.55457             3.23255             2.15334       5       2
   10000       2       1       2       3       8     509       6       6      16     291      20      21            22.60000             3.05000             2.31690             0.22381             1.67780             0.37951           909.65382             3.22684             2.06299       5       6
   10000       2       1       2       3       8     509       6       6      17     277      19      17            22.78947             3.15789             2.30614             0.21983             1.70278             0.37498           892.24739             3.22512             2.06732       6       1
   10000       2       1       2       3       8     509       6       6      18     266      18      20            22.72222             3.16667             2.29490             0.22005             1.69996             0.36854           909.73590             3.21370             2.04259       3       6
   10000       2       1       2       3       8     509       6       6      19     249      17      32            21.94118             3.11765             2.25718             0.22473             1.69110             0.36693           943.25232             3.25034             1.96422       4       5
   10000       2       1       2       3       8     509       6       6      20     234      16      29            21.75000             3.06250             2.27296             0.22912             1.69623             0.37617           956.76065             3.27376             1.88557       2       4
   10000       2       1       2       3       8     509       6       6      21     214      15      28            21.13333             3.06667             2.26032             0.23551             1.68567             0.38373           966.22853             3.30036             1.88045       5       1
   10000       2       1       2       3       8     509       6       6      22     200      14      26            20.85714             3.00000             2.26296             0.23911             1.67823             0.39294           977.41988             3.27612             1.85827       5       3
   10000       2       1       2       3       8     509       6       6      23     185      13      15            21.30769             3.00000             2.30616             0.23859             1.65397             0.40976           946.21730             3.30114             1.92429       4       6
   10000       2       1       2       3       8     509       6       6      24     173      12      22            21.16667             3.00000             2.28779             0.23975             1.61582             0.40744           965.49234             3.28686             1.81733       2       2
   10000       2       1       2       3       8     509       6       6      25     159      11      19            21.18182             3.09091             2.31713             0.24303             1.62876             0.40549           956.41496             3.30923             1.82130       2       3
   10000       2       1       2       3       8     509       6       6      26     142      10      26            20.60000             3.10000             2.29262             0.24710             1.63264             0.40022           969.09553             3.32006             1.81518       5       4
   10000       2       1       2       3       8     509       6       6      27     126       9      21            20.11111             3.11111             2.29714             0.25313             1.64094             0.40775           985.45867             3.39339             1.81829       2       5
   10000       2       1       2       3       8     509       6       6      28     110       8      22            19.12500             3.12500             2.31791             0.28218             1.64582             0.43689          1064.77697             3.42297             1.74915       4       2
   10000       2       1       2       3       8     509       6       6      29     100       7      10            20.42857             3.14286             2.35683             0.25838             1.65871             0.43582           998.07417             3.35322             1.85617       4       1
   10000       2       1       2       3       8     509       6       6      30      82       6      18            20.83333             3.16667             2.37001             0.25679             1.64105             0.42022           986.62303             3.35897             1.99887       5       5
