   10000       2       1       2      10       3     508       6       6       0     508      36       0            20.91667             3.02778             2.17896             0.23201             1.65907             0.34872           966.72845             3.87881             2.34215       0       0
   10000       2       1       2      10       3     508       6       6       1     490      35      25            21.08571             3.02857             2.18480             0.23069             1.65312             0.35033           964.84354             3.84391             2.38673       4       3
   10000       2       1       2      10       3     508       6       6       2     481      34      14            21.38235             3.05882             2.17467             0.22471             1.66976             0.34392           954.64758             3.83410             2.38703       3       3
   10000       2       1       2      10       3     508       6       6       3     475      33       8            21.87879             3.09091             2.20471             0.22043             1.69489             0.34519           848.17481             3.84779             2.35428       2       5
   10000       2       1       2      10       3     508       6       6       4     460      32      24            22.21875             3.12500             2.24398             0.22189             1.70086             0.35540           845.10277             3.85587             2.35321       5       4
   10000       2       1       2      10       3     508       6       6       5     440      31      30            21.64516             3.06452             2.20748             0.22468             1.72395             0.35295           871.02384             3.86060             2.25678       5       2
   10000       2       1       2      10       3     508       6       6       6     430      30      18            21.80000             3.03333             2.19881             0.21925             1.73023             0.34588           859.93510             3.82396             2.23026       6       1
   10000       2       1       2      10       3     508       6       6       7     412      29      25            21.68966             3.00000             2.19310             0.22032             1.72859             0.35086           870.63962             3.85242             2.22011       3       2
   10000       2       1       2      10       3     508       6       6       8     396      28      26            21.60714             2.96429             2.16687             0.21981             1.72425             0.34750           876.62860             3.86058             2.18418       5       6
   10000       2       1       2      10       3     508       6       6       9     389      27      19            21.22222             3.03704             2.15744             0.23642             1.73487             0.33150          1009.66656             3.74789             2.10092       4       1
   10000       2       1       2      10       3     508       6       6      10     373      26      33            20.65385             3.00000             2.12588             0.24089             1.73110             0.32934          1038.40712             3.79158             2.03939       6       3
   10000       2       1       2      10       3     508       6       6      11     352      25      22            20.56000             3.00000             2.13645             0.24401             1.72139             0.32235          1049.01254             3.79719             2.07229       6       2
   10000       2       1       2      10       3     508       6       6      12     340      24      18            20.50000             3.00000             2.10859             0.24251             1.70807             0.31773          1042.14069             3.82222             2.04285       4       6
   10000       2       1       2      10       3     508       6       6      13     327      23      24            20.43478             3.00000             2.07404             0.24202             1.69632             0.30251          1057.07270             3.83954             1.97578       3       4
   10000       2       1       2      10       3     508       6       6      14     315      22      14            20.77273             3.00000             2.09311             0.24053             1.68559             0.29532          1048.19414             3.84007             2.00600       5       3
   10000       2       1       2      10       3     508       6       6      15     299      21      23            20.61905             3.00000             2.10585             0.24181             1.66958             0.29041          1040.00649             3.90357             1.99174       3       5
   10000       2       1       2      10       3     508       6       6      16     289      20      16            20.75000             2.95000             2.11539             0.24244             1.65127             0.29769          1029.68463             3.88682             1.97325       4       4
   10000       2       1       2      10       3     508       6       6      17     279      19      31            20.10526             2.94737             2.09064             0.24717             1.64053             0.29702          1057.13552             3.91348             1.88458       6       5
   10000       2       1       2      10       3     508       6       6      18     263      18      17            20.27778             2.94444             2.09863             0.24765             1.65093             0.31005          1071.70362             3.91205             1.92833       6       6
   10000       2       1       2      10       3     508       6       6      19     247      17      16            20.52941             2.94118             2.11424             0.24738             1.66662             0.30868          1050.91225             3.98110             1.98294       6       4
   10000       2       1       2      10       3     508       6       6      20     233      16      16            20.81250             2.93750             2.11096             0.24527             1.66563             0.31548          1024.60932             3.89548             2.02946       4       2
   10000       2       1       2      10       3     508       6       6      21     229      15      13            21.73333             3.00000             2.13609             0.23909             1.67173             0.30545           992.68277             3.94000             1.92973       2       3
   10000       2       1       2      10       3     508       6       6      22     221      14      14            22.85714             3.14286             2.14512             0.22893             1.70135             0.28501           971.47473             3.94140             1.87560       1       6
   10000       2       1       2      10       3     508       6       6      23     208      13      27            22.92308             3.07692             2.10024             0.20932             1.69167             0.28502           903.29731             3.95371             1.79237       1       2
   10000       2       1       2      10       3     508       6       6      24     184      12      30            21.83333             3.16667             2.05946             0.21558             1.69249             0.28906           942.65705             3.96663             1.78057       5       5
   10000       2       1       2      10       3     508       6       6      25     165      11      18            22.00000             3.00000             2.06322             0.21616             1.65532             0.29035           968.17985             3.92011             1.84989       4       5
   10000       2       1       2      10       3     508       6       6      26     154      10      29            20.80000             3.00000             1.99326             0.24902             1.61792             0.26762          1339.45482             4.06472             1.52310       2       1
   10000       2       1       2      10       3     508       6       6      27     134       9      20            20.88889             3.00000             1.97241             0.25128             1.62809             0.27926          1379.80256             3.92473             1.58122       5       1
   10000       2       1       2      10       3     508       6       6      28     122       8      38            18.00000             3.12500             1.80950             0.26657             1.65812             0.22541          1514.43662             4.00363             1.27343       1       4
   10000       2       1       2      10       3     508       6       6      29     119       7       3            20.14286             3.42857             1.97926             0.21003             1.75213             0.26442           823.90639             3.72854             1.31249       3       1
   10000       2       1       2      10       3     508       6       6      30     107       6      22            19.00000             3.50000             1.97968             0.22308             1.77432             0.28914           876.07279             3.67451             1.13143       3       6
