   10000       2       2       2       7       7     467       6       6       0     467      36       0            20.41667             3.19444             2.11294             0.23015             1.72272             0.31714           954.81477             3.61434             2.49732       0       0
   10000       2       2       2       7       7     467       6       6       1     457      35      20            21.02857             3.17143             2.12809             0.22430             1.70895             0.32624           930.08104             3.61258             2.54900       3       6
   10000       2       2       2       7       7     467       6       6       2     448      34      18            20.97059             3.11765             2.13563             0.22607             1.70347             0.31643           926.56954             3.61486             2.52093       4       6
   10000       2       2       2       7       7     467       6       6       3     436      33      19            21.90909             3.12121             2.19361             0.22143             1.70550             0.32751           881.05332             3.62063             2.63133       5       4
   10000       2       2       2       7       7     467       6       6       4     425      32      26            22.65625             3.25000             2.25660             0.21751             1.73285             0.34009           821.30830             3.61479             2.66572       1       4
   10000       2       2       2       7       7     467       6       6       5     414      31      31            22.96774             3.19355             2.25558             0.21498             1.72378             0.35314           800.63013             3.63219             2.66973       3       5
   10000       2       2       2       7       7     467       6       6       6     401      30      14            23.23333             3.26667             2.30198             0.21619             1.76135             0.36753           796.05821             3.59541             2.67366       2       3
   10000       2       2       2       7       7     467       6       6       7     391      29      21            24.17241             3.31034             2.38818             0.21511             1.76752             0.40478           764.81088             3.60538             2.73978       4       2
   10000       2       2       2       7       7     467       6       6       8     381      28      26            24.21429             3.17857             2.37300             0.21221             1.77641             0.40888           756.19073             3.60635             2.72199       2       6
   10000       2       2       2       7       7     467       6       6       9     371      27      30            24.37037             3.33333             2.38372             0.21196             1.81621             0.41325           750.26882             3.60376             2.72341       6       2
   10000       2       2       2       7       7     467       6       6      10     360      26      24            24.61538             3.34615             2.38869             0.21029             1.80633             0.41508           745.91556             3.60712             2.64552       5       2
   10000       2       2       2       7       7     467       6       6      11     347      25      27            24.48000             3.28000             2.38558             0.21081             1.81398             0.43744           753.59598             3.57501             2.60129       6       4
   10000       2       2       2       7       7     467       6       6      12     335      24      23            24.41667             3.29167             2.38654             0.21157             1.80417             0.43310           761.12895             3.52961             2.52598       2       4
   10000       2       2       2       7       7     467       6       6      13     330      23      20            24.82609             3.30435             2.41022             0.21044             1.81380             0.43680           753.15526             3.54069             2.45288       4       3
   10000       2       2       2       7       7     467       6       6      14     319      22      21            24.86364             3.27273             2.42803             0.21304             1.82538             0.44404           761.20976             3.56405             2.42385       6       6
   10000       2       2       2       7       7     467       6       6      15     311      21      19            25.38095             3.23810             2.44810             0.21024             1.81396             0.44320           750.82885             3.56520             2.39326       4       1
   10000       2       2       2       7       7     467       6       6      16     299      20      27            25.40000             3.30000             2.46832             0.21186             1.82938             0.44071           751.98343             3.58396             2.38740       6       3
   10000       2       2       2       7       7     467       6       6      17     283      19      30            25.15789             3.31579             2.42033             0.21048             1.83427             0.43299           757.61987             3.56478             2.35488       5       3
   10000       2       2       2       7       7     467       6       6      18     271      18      29            25.50000             3.27778             2.40566             0.20488             1.87578             0.43459           732.28344             3.59009             2.37379       2       1
   10000       2       2       2       7       7     467       6       6      19     256      17      18            25.47059             3.23529             2.41525             0.20432             1.86954             0.44048           732.39883             3.60098             2.34825       1       6
   10000       2       2       2       7       7     467       6       6      20     246      16      26            25.62500             3.25000             2.41471             0.20349             1.85899             0.44025           721.35369             3.64345             2.34131       1       5
   10000       2       2       2       7       7     467       6       6      21     233      15      27            25.86667             3.26667             2.44673             0.20549             1.88362             0.43740           723.27579             3.68730             2.31757       4       4
   10000       2       2       2       7       7     467       6       6      22     225      14      24            26.35714             3.21429             2.47118             0.20231             1.85374             0.42361           691.00304             3.71682             2.20806       2       2
   10000       2       2       2       7       7     467       6       6      23     213      13      31            26.23077             3.30769             2.45663             0.19987             1.85969             0.40818           686.85451             3.70894             2.12734       4       5
   10000       2       2       2       7       7     467       6       6      24     196      12      32            25.41667             3.33333             2.41664             0.20277             1.86453             0.40146           705.89413             3.72669             2.07998       6       1
   10000       2       2       2       7       7     467       6       6      25     177      11      25            25.27273             3.27273             2.43258             0.20556             1.85765             0.40358           714.40783             3.72618             2.08251       5       1
   10000       2       2       2       7       7     467       6       6      26     163      10      31            25.00000             3.30000             2.40634             0.20641             1.86380             0.42997           724.12069             3.72766             1.96776       3       2
   10000       2       2       2       7       7     467       6       6      27     156       9      18            25.44444             3.22222             2.38286             0.19749             1.88547             0.44270           731.01331             3.67254             1.84756       6       5
   10000       2       2       2       7       7     467       6       6      28     147       8      25            25.50000             3.12500             2.39655             0.19820             1.86594             0.42512           736.83740             3.71451             1.70393       3       1
   10000       2       2       2       7       7     467       6       6      29     135       7      25            26.00000             3.14286             2.36966             0.19255             1.88726             0.45807           732.04020             3.69543             1.57902       1       3
   10000       2       2       2       7       7     467       6       6      30     112       6      28            25.66667             3.16667             2.33604             0.19290             1.87464             0.46034           722.19681             3.73759             1.59800       2       5
