   10000       2       1       2       1       5     508       6       6       0     508      36       0            20.91667             3.02778             2.17896             0.23201             1.65907             0.34872           966.72845             3.87881             2.34215       0       0
   10000       2       1       2       1       5     508       6       6       1     499      35      19            20.97143             2.94286             2.17965             0.23114             1.63799             0.34755           961.24933             3.88710             2.29013       5       3
   10000       2       1       2       1       5     508       6       6       2     483      34      28            21.05882             2.94118             2.16357             0.22858             1.62609             0.34840           954.32886             3.89851             2.28885       5       5
   10000       2       1       2       1       5     508       6       6       3     475      33      19            21.39394             2.96970             2.17538             0.22668             1.63561             0.34213           940.42031             3.90703             2.25155       4       4
   10000       2       1       2       1       5     508       6       6       4     460      32      20            21.59375             3.00000             2.19464             0.22507             1.64062             0.34718           924.53519             3.91169             2.25406       3       6
   10000       2       1       2       1       5     508       6       6       5     441      31      21            21.41935             3.03226             2.19745             0.22617             1.64026             0.34560           925.47908             3.93410             2.26557       5       4
   10000       2       1       2       1       5     508       6       6       6     426      30      21            21.50000             3.13333             2.16412             0.22026             1.69324             0.35356           868.71040             3.98694             2.24896       1       4
   10000       2       1       2       1       5     508       6       6       7     409      29      27            21.13793             3.13793             2.15158             0.22229             1.69910             0.35300           880.53189             4.03377             2.21090       6       3
   10000       2       1       2       1       5     508       6       6       8     404      28      16            21.57143             3.21429             2.17692             0.22022             1.68778             0.34718           841.51192             4.01826             2.18249       1       6
   10000       2       1       2       1       5     508       6       6       9     389      27      23            21.70370             3.25926             2.15732             0.21761             1.69530             0.34650           832.42437             4.03985             2.17191       3       4
   10000       2       1       2       1       5     508       6       6      10     369      26      25            21.53846             3.15385             2.19251             0.22293             1.69492             0.36205           827.27828             4.04063             2.18394       1       5
   10000       2       1       2       1       5     508       6       6      11     352      25      27            21.28000             3.12000             2.17870             0.22480             1.69217             0.36556           835.18534             4.04938             2.15230       6       2
   10000       2       1       2       1       5     508       6       6      12     334      24      20            21.41667             3.12500             2.18338             0.22307             1.70895             0.36315           827.34898             4.04632             2.16290       6       6
   10000       2       1       2       1       5     508       6       6      13     321      23      26            21.04348             3.04348             2.13818             0.22363             1.68414             0.35830           846.00552             4.07940             2.14543       6       5
   10000       2       1       2       1       5     508       6       6      14     312      22      18            20.95455             3.00000             2.12367             0.22332             1.68799             0.36386           856.71989             4.09231             2.07909       2       4
   10000       2       1       2       1       5     508       6       6      15     295      21      22            20.71429             2.95238             2.12696             0.22741             1.68458             0.37445           864.85971             4.12848             2.08863       5       6
   10000       2       1       2       1       5     508       6       6      16     278      20      24            20.60000             2.90000             2.12097             0.22733             1.66040             0.37429           871.76599             4.09945             2.11529       4       3
   10000       2       1       2       1       5     508       6       6      17     264      19      30            19.73684             2.89474             2.08800             0.23765             1.66410             0.36265           918.04871             4.10728             1.99050       5       1
   10000       2       1       2       1       5     508       6       6      18     249      18      19            19.72222             2.88889             2.04409             0.23383             1.64238             0.33343           905.72729             4.12370             1.99049       4       6
   10000       2       1       2       1       5     508       6       6      19     241      17      11            20.23529             3.05882             2.09615             0.23417             1.67303             0.33350           892.18565             3.95035             1.93346       3       1
   10000       2       1       2       1       5     508       6       6      20     226      16      19            20.12500             3.00000             2.08542             0.23651             1.66319             0.34948           907.82470             3.95703             1.93795       2       6
   10000       2       1       2       1       5     508       6       6      21     210      15      30            19.06667             3.00000             2.03322             0.24472             1.67453             0.34877           943.85372             3.99924             1.85243       3       5
   10000       2       1       2       1       5     508       6       6      22     193      14      27            18.64286             2.92857             2.01799             0.24664             1.64970             0.35042           951.75605             3.98184             1.74988       3       2
   10000       2       1       2       1       5     508       6       6      23     178      13      15            18.92308             2.92308             2.00296             0.24166             1.64473             0.33342           946.19677             3.99646             1.80756       6       1
   10000       2       1       2       1       5     508       6       6      24     160      12      18            19.00000             2.91667             2.02173             0.24437             1.63963             0.34160           964.52918             3.94802             1.87486       4       5
   10000       2       1       2       1       5     508       6       6      25     155      11       8            20.00000             3.00000             2.09220             0.23308             1.68345             0.34343           935.52198             3.71206             1.82316       4       1
   10000       2       1       2       1       5     508       6       6      26     139      10      16            20.40000             3.10000             2.10913             0.23088             1.71689             0.35111           888.91332             3.79731             1.90548       6       4
   10000       2       1       2       1       5     508       6       6      27     125       9      21            19.66667             3.22222             2.09628             0.24210             1.76748             0.34523           971.03900             3.81060             1.85784       5       2
   10000       2       1       2       1       5     508       6       6      28     111       8      14            20.37500             3.25000             2.10724             0.23444             1.79611             0.36915           879.33111             3.61447             1.96507       4       2
   10000       2       1       2       1       5     508       6       6      29     105       7      13            21.14286             3.42857             2.12394             0.22312             1.87115             0.37392           847.28455             3.60223             1.89058       3       3
   10000       2       1       2       1       5     508       6       6      30      93       6      12            22.66667             3.50000             2.16570             0.20420             1.89513             0.34533           760.46476             3.57083             2.03902       2       5
