   10000       2       1       2       4      10     535       6       6       0     535      36       0            22.11111             3.11111             2.31878             0.22761             1.62375             0.35631           910.11748             3.38373             2.28553       0       0
   10000       2       1       2       4      10     535       6       6       1     526      35      23            22.11429             3.08571             2.34042             0.22948             1.61932             0.36353           915.94844             3.37603             2.23281       5       2
   10000       2       1       2       4      10     535       6       6       2     510      34      23            22.05882             3.05882             2.34691             0.23693             1.59344             0.36628           954.07434             3.36702             2.20137       1       2
   10000       2       1       2       4      10     535       6       6       3     507      33       7            22.54545             3.12121             2.36612             0.22538             1.61220             0.35283           885.91323             3.38132             2.19324       1       3
   10000       2       1       2       4      10     535       6       6       4     491      32      29            22.37500             3.12500             2.35731             0.22571             1.61756             0.33998           889.44939             3.37652             2.17479       6       2
   10000       2       1       2       4      10     535       6       6       5     472      31      22            22.32258             3.12903             2.36728             0.22721             1.62456             0.34501           894.85666             3.35644             2.15884       4       2
   10000       2       1       2       4      10     535       6       6       6     455      30      24            22.46667             3.13333             2.36228             0.22508             1.61781             0.35666           886.76564             3.35187             2.17156       4       3
   10000       2       1       2       4      10     535       6       6       7     443      29      20            22.55172             3.13793             2.34179             0.22235             1.62995             0.34987           888.54407             3.35094             2.15727       4       1
   10000       2       1       2       4      10     535       6       6       8     429      28      18            22.64286             3.07143             2.34578             0.22197             1.63306             0.35194           890.17246             3.35360             2.15223       1       4
   10000       2       1       2       4      10     535       6       6       9     417      27      20            22.77778             3.11111             2.33863             0.22017             1.64320             0.35916           893.07922             3.33397             2.13273       4       6
   10000       2       1       2       4      10     535       6       6      10     403      26      16            23.00000             3.07692             2.41589             0.22488             1.64021             0.38612           879.44661             3.33914             2.14936       1       1
   10000       2       1       2       4      10     535       6       6      11     389      25      28            22.88000             3.04000             2.35959             0.22232             1.63871             0.38424           890.88636             3.30305             2.09206       2       6
   10000       2       1       2       4      10     535       6       6      12     378      24      12            23.16667             3.08333             2.38025             0.21936             1.65276             0.37659           895.39490             3.18507             2.08581       1       6
   10000       2       1       2       4      10     535       6       6      13     361      23      24            23.26087             3.04348             2.35419             0.21646             1.64978             0.37339           894.78728             3.18700             2.06456       4       5
   10000       2       1       2       4      10     535       6       6      14     349      22      26            23.27273             3.09091             2.35804             0.21758             1.65720             0.36657           897.15139             3.18769             1.98329       5       4
   10000       2       1       2       4      10     535       6       6      15     328      21      29            22.57143             3.04762             2.36598             0.22582             1.61584             0.38175           928.04854             3.20634             1.93311       5       6
   10000       2       1       2       4      10     535       6       6      16     320      20      21            22.85000             3.05000             2.32979             0.22137             1.61112             0.36992           927.05645             3.22833             1.87156       2       5
   10000       2       1       2       4      10     535       6       6      17     302      19      23            23.15789             3.05263             2.36133             0.22055             1.58882             0.36207           911.32339             3.21504             1.89134       2       4
   10000       2       1       2       4      10     535       6       6      18     286      18      24            22.66667             3.05556             2.34736             0.22633             1.59148             0.37238           941.08215             3.19511             1.84284       5       1
   10000       2       1       2       4      10     535       6       6      19     272      17      25            22.35294             3.05882             2.30448             0.22670             1.59687             0.36284           959.22073             3.20255             1.79004       6       3
   10000       2       1       2       4      10     535       6       6      20     261      16      19            22.62500             3.06250             2.31589             0.22367             1.61662             0.35129           942.16931             3.16612             1.79162       6       4
   10000       2       1       2       4      10     535       6       6      21     244      15      20            22.60000             3.06667             2.28224             0.22208             1.61507             0.33033           947.56792             3.20186             1.78174       2       1
   10000       2       1       2       4      10     535       6       6      22     228      14      22            22.14286             3.00000             2.26101             0.22383             1.62107             0.33763           972.54473             3.14873             1.75461       4       4
   10000       2       1       2       4      10     535       6       6      23     215      13      14            22.76923             3.00000             2.27999             0.21674             1.62227             0.34585           896.29164             3.16061             1.80389       1       5
   10000       2       1       2       4      10     535       6       6      24     193      12      23            22.75000             3.00000             2.26773             0.21647             1.61269             0.34437           901.29497             3.13435             1.86363       5       3
   10000       2       1       2       4      10     535       6       6      25     180      11      24            22.36364             3.00000             2.23407             0.22108             1.60353             0.35806           934.65303             3.15230             1.72200       2       3
   10000       2       1       2       4      10     535       6       6      26     163      10      18            22.40000             3.10000             2.19698             0.21754             1.63362             0.33177           951.35616             3.08389             1.70758       5       5
   10000       2       1       2       4      10     535       6       6      27     153       9      13            23.00000             3.11111             2.25152             0.21206             1.66918             0.34384           908.62243             3.07737             1.64811       2       2
   10000       2       1       2       4      10     535       6       6      28     140       8      13            24.00000             3.12500             2.30602             0.20573             1.66727             0.34167           923.17864             2.89415             1.70020       6       1
   10000       2       1       2       4      10     535       6       6      29     126       7      23            23.57143             3.00000             2.34268             0.21745             1.61521             0.35223           966.95171             2.89286             1.61807       6       5
   10000       2       1       2       4      10     535       6       6      30     110       6      16            24.83333             3.00000             2.37569             0.20569             1.62081             0.35537           923.20525             2.86164             1.72108       6       6
