   10000       2       2       2       6       2     525       6       6       0     525      36       0            21.69444             2.91667             2.24134             0.22026             1.60306             0.30909           825.34604             4.00950             2.38234       0       0
   10000       2       2       2       6       2     525       6       6       1     513      35      24            22.20000             2.97143             2.28784             0.21929             1.63930             0.31571           810.57327             3.97799             2.40582       3       5
   10000       2       2       2       6       2     525       6       6       2     494      34      24            22.38235             3.02941             2.28579             0.21767             1.67192             0.31957           808.08558             3.98928             2.42820       1       5
   10000       2       2       2       6       2     525       6       6       3     481      33      22            22.63636             3.06061             2.30072             0.21672             1.68986             0.32187           795.91269             4.00511             2.42772       6       1
   10000       2       2       2       6       2     525       6       6       4     475      32      16            23.15625             3.06250             2.32228             0.21412             1.70654             0.33242           780.40625             4.00235             2.40698       1       2
   10000       2       2       2       6       2     525       6       6       5     459      31      22            23.19355             3.09677             2.31104             0.21181             1.71840             0.33418           763.09339             4.04008             2.42697       1       1
   10000       2       2       2       6       2     525       6       6       6     440      30      27            23.23333             3.20000             2.33542             0.21371             1.72854             0.34626           736.69649             4.06487             2.45216       6       5
   10000       2       2       2       6       2     525       6       6       7     424      29      25            24.03448             3.17241             2.36649             0.20933             1.75326             0.36098           711.06851             4.09566             2.53125       5       2
   10000       2       2       2       6       2     525       6       6       8     416      28      12            24.64286             3.17857             2.39266             0.20497             1.76457             0.37009           692.08784             4.05742             2.52937       6       6
   10000       2       2       2       6       2     525       6       6       9     398      27      22            24.59259             3.22222             2.37741             0.20460             1.78795             0.36548           694.60513             4.09507             2.53418       1       4
   10000       2       2       2       6       2     525       6       6      10     385      26      27            24.61538             3.26923             2.35715             0.20317             1.81097             0.36507           697.82997             4.09428             2.47514       2       4
   10000       2       2       2       6       2     525       6       6      11     376      25      21            24.88000             3.20000             2.35932             0.20103             1.80781             0.37986           693.91473             4.06699             2.46487       2       5
   10000       2       2       2       6       2     525       6       6      12     363      24      27            24.83333             3.16667             2.36063             0.20123             1.80340             0.38756           702.05642             4.05517             2.43258       6       2
   10000       2       2       2       6       2     525       6       6      13     345      23      24            25.39130             3.13043             2.43114             0.20222             1.81849             0.39807           674.11952             4.09357             2.49465       4       2
   10000       2       2       2       6       2     525       6       6      14     331      22      26            25.22727             3.27273             2.43980             0.20403             1.82334             0.38646           679.54682             4.07334             2.48055       2       6
   10000       2       2       2       6       2     525       6       6      15     315      21      27            25.14286             3.23810             2.46450             0.20736             1.83417             0.38996           675.57567             4.11888             2.44837       5       5
   10000       2       2       2       6       2     525       6       6      16     303      20      22            25.50000             3.25000             2.44897             0.20441             1.87319             0.39787           669.61016             4.16168             2.41742       4       3
   10000       2       2       2       6       2     525       6       6      17     284      19      27            25.42105             3.26316             2.44300             0.20435             1.87551             0.39115           665.12986             4.18430             2.43361       1       3
   10000       2       2       2       6       2     525       6       6      18     269      18      30            25.11111             3.27778             2.42226             0.20467             1.87816             0.37974           676.91419             4.21338             2.36095       2       3
   10000       2       2       2       6       2     525       6       6      19     257      17      20            25.17647             3.23529             2.44550             0.20573             1.88254             0.39297           673.32708             4.13608             2.36092       1       6
   10000       2       2       2       6       2     525       6       6      20     242      16      25            25.37500             3.25000             2.46873             0.20690             1.86456             0.37738           670.92220             4.17511             2.36023       5       4
   10000       2       2       2       6       2     525       6       6      21     226      15      24            25.26667             3.20000             2.42773             0.20392             1.84692             0.37762           678.15306             4.24006             2.33944       3       6
   10000       2       2       2       6       2     525       6       6      22     212      14      25            25.57143             3.14286             2.38470             0.19867             1.85779             0.37676           668.20492             4.28603             2.31217       2       1
   10000       2       2       2       6       2     525       6       6      23     201      13      26            24.92308             3.15385             2.36310             0.20184             1.84079             0.38511           688.95666             4.35100             2.24436       6       3
   10000       2       2       2       6       2     525       6       6      24     192      12      16            25.66667             3.08333             2.39970             0.19695             1.82197             0.38387           652.93666             4.35828             2.17669       5       3
   10000       2       2       2       6       2     525       6       6      25     184      11      16            26.45455             3.18182             2.44262             0.19360             1.86308             0.41518           617.29181             4.35900             2.11620       5       6
   10000       2       2       2       6       2     525       6       6      26     169      10      32            25.70000             3.10000             2.48982             0.20219             1.84687             0.43674           621.11033             4.48823             1.98769       3       4
   10000       2       2       2       6       2     525       6       6      27     157       9      28            25.55556             3.22222             2.43793             0.19909             1.84253             0.40922           641.48921             4.46695             1.86432       2       2
   10000       2       2       2       6       2     525       6       6      28     142       8      27            25.12500             3.25000             2.40479             0.20086             1.92651             0.45379           668.69783             4.54144             1.76634       4       1
   10000       2       2       2       6       2     525       6       6      29     124       7      23            25.57143             3.28571             2.42573             0.19878             1.94742             0.44697           670.47976             4.52381             1.80693       6       4
   10000       2       2       2       6       2     525       6       6      30     102       6      24            25.83333             3.33333             2.44955             0.19893             1.93745             0.45655           651.26840             4.61782             1.91178       5       1
