   10000       2       2       1       1       8     478       6       6       0     478      36       0            20.97222             2.94444             2.17468             0.22490             1.64555             0.34265           881.77583             3.80360             2.53724       0       0
   10000       2       2       1       1       8     478       6       6       1     464      35      27            21.51429             3.02857             2.15623             0.21805             1.68248             0.34444           857.62746             3.81823             2.58008       5       5
   10000       2       2       1       1       8     478       6       6       2     451      34      26            21.29412             3.00000             2.15393             0.21958             1.67487             0.34674           864.64800             3.84010             2.55044       6       6
   10000       2       2       1       1       8     478       6       6       3     440      33      24            21.27273             3.00000             2.15775             0.22043             1.67756             0.35155           862.58116             3.85477             2.53437       6       5
   10000       2       2       1       1       8     478       6       6       4     423      32      30            21.37500             3.06250             2.18875             0.22177             1.68124             0.34882           854.45619             3.85627             2.54616       6       4
   10000       2       2       1       1       8     478       6       6       5     410      31      15            22.25806             3.09677             2.25127             0.21849             1.67795             0.35232           812.54057             3.87843             2.63312       3       3
   10000       2       2       1       1       8     478       6       6       6     398      30      22            22.40000             3.16667             2.27506             0.21856             1.71922             0.35922           791.87263             3.88315             2.59076       2       3
   10000       2       2       1       1       8     478       6       6       7     384      29      25            22.17241             3.10345             2.23333             0.21711             1.72658             0.35518           799.60171             3.88800             2.53815       5       4
   10000       2       2       1       1       8     478       6       6       8     367      28      21            22.03571             3.07143             2.19344             0.21537             1.72451             0.34298           807.35480             3.87575             2.57359       5       6
   10000       2       2       1       1       8     478       6       6       9     357      27      21            22.14815             3.14815             2.20015             0.21489             1.74750             0.35403           797.87332             3.88585             2.54194       1       6
   10000       2       2       1       1       8     478       6       6      10     346      26      22            22.34615             3.11538             2.23025             0.21589             1.75548             0.36030           787.88398             3.90291             2.52004       4       3
   10000       2       2       1       1       8     478       6       6      11     331      25      27            22.64000             3.20000             2.26071             0.21577             1.77318             0.36937           782.25019             3.91550             2.50937       4       5
   10000       2       2       1       1       8     478       6       6      12     321      24      22            23.25000             3.25000             2.28445             0.20981             1.81362             0.37650           757.54161             3.90814             2.52067       1       5
   10000       2       2       1       1       8     478       6       6      13     307      23      23            23.00000             3.13043             2.29428             0.21413             1.79761             0.38884           756.65209             3.92522             2.50743       4       6
   10000       2       2       1       1       8     478       6       6      14     297      22      18            23.09091             3.04545             2.28925             0.21372             1.77694             0.38281           746.57937             3.93327             2.50234       1       3
   10000       2       2       1       1       8     478       6       6      15     286      21      29            24.04762             3.09524             2.32185             0.20679             1.79103             0.37844           705.36696             3.93147             2.55489       5       2
   10000       2       2       1       1       8     478       6       6      16     274      20      21            23.65000             3.10000             2.32380             0.20953             1.79070             0.38803           723.68959             3.94305             2.47572       6       3
   10000       2       2       1       1       8     478       6       6      17     265      19      26            24.00000             3.00000             2.32675             0.20853             1.77529             0.39541           712.01118             3.96898             2.41852       4       2
   10000       2       2       1       1       8     478       6       6      18     261      18      14            24.72222             3.00000             2.35816             0.20319             1.76782             0.39101           708.80428             3.91008             2.36572       1       4
   10000       2       2       1       1       8     478       6       6      19     247      17      20            25.05882             2.94118             2.41684             0.20543             1.75436             0.41753           697.96587             4.00038             2.35361       2       6
   10000       2       2       1       1       8     478       6       6      20     234      16      21            25.25000             3.00000             2.44974             0.20756             1.74905             0.42770           680.42195             4.04319             2.32637       1       2
   10000       2       2       1       1       8     478       6       6      21     221      15      26            24.86667             3.00000             2.42495             0.21005             1.75562             0.42935           700.57065             4.06235             2.29122       6       1
   10000       2       2       1       1       8     478       6       6      22     196      14      27            23.78571             2.92857             2.37693             0.21568             1.73119             0.40526           717.07069             4.15305             2.28045       2       4
   10000       2       2       1       1       8     478       6       6      23     190      13      22            23.92308             2.92308             2.36620             0.21410             1.73357             0.41115           719.25962             4.19347             2.16779       3       4
   10000       2       2       1       1       8     478       6       6      24     175      12      26            23.66667             2.91667             2.37556             0.21820             1.70194             0.41176           721.57654             4.24870             2.15711       4       4
   10000       2       2       1       1       8     478       6       6      25     164      11      21            23.90909             2.90909             2.35884             0.21485             1.69806             0.41737           725.97727             4.23685             2.16467       6       2
   10000       2       2       1       1       8     478       6       6      26     159      10      21            24.10000             2.90000             2.35490             0.21537             1.68947             0.38733           751.22414             4.30455             1.94859       2       1
   10000       2       2       1       1       8     478       6       6      27     139       9      41            22.66667             3.22222             2.31856             0.22087             1.80072             0.40956           770.32485             4.45581             1.87860       3       2
   10000       2       2       1       1       8     478       6       6      28     132       8      23            22.75000             3.00000             2.36129             0.22505             1.73464             0.42442           772.10604             4.49848             1.75329       3       1
   10000       2       2       1       1       8     478       6       6      29     122       7      17            23.57143             3.42857             2.32494             0.21103             1.84930             0.40589           772.38026             4.53680             1.66851       3       6
   10000       2       2       1       1       8     478       6       6      30     109       6      23            22.83333             3.16667             2.35986             0.22135             1.82083             0.39025           811.35795             4.56014             1.53960       4       1
   10000       2       2       1       1       8     478       6       6      31      90       5      21            23.20000             3.20000             2.34874             0.21751             1.79500             0.38830           813.56743             4.53799             1.58794       5       1
   10000       2       2       1       1       8     478       6       6      32      74       4      29            21.00000             3.25000             2.23710             0.23003             1.76500             0.34819           899.73687             4.43198             1.35961       3       5
   10000       2       2       1       1       8     478       6       6      33      52       3      23            20.00000             3.00000             2.22624             0.24251             1.68500             0.34917          1000.21782             4.40137             1.35667       5       3
   10000       2       2       1       1       8     478       6       6      34      37       2      17            21.50000             3.00000             2.30995             0.23509             1.68375             0.36750           920.32198             4.18502             1.30750       2       5
   10000       2       2       1       1       8     478       6       6      35      26       1      17            26.00000             3.00000             2.38462             0.19077             1.68000             0.36000           677.77538             4.53376             1.00000       1       1
   10000       2       2       1       1       8     478       6       6      36       0       0      26             0.00000             0.00000             0.00000             0.00000             0.00000             0.00000             0.00000             0.00000             0.00000       2       2
