   10000       2       1       2       7      11     503       6       6       0     503      36       0            22.55556             3.00000             2.29326             0.21934             1.68768             0.35119           834.45777             3.74064             2.54979       0       0
   10000       2       1       2       7      11     503       6       6       1     487      35      32            22.31429             2.94286             2.27702             0.21989             1.67742             0.34611           838.88777             3.76358             2.52196       5       3
   10000       2       1       2       7      11     503       6       6       2     471      34      29            22.05882             2.94118             2.26561             0.22125             1.66210             0.34850           844.01117             3.79431             2.50357       6       3
   10000       2       1       2       7      11     503       6       6       3     449      33      29            22.12121             2.93939             2.26150             0.22054             1.67851             0.35623           841.60844             3.80496             2.53154       6       5
   10000       2       1       2       7      11     503       6       6       4     427      32      29            21.96875             2.93750             2.23533             0.21960             1.67650             0.35625           844.79100             3.84054             2.52936       4       4
   10000       2       1       2       7      11     503       6       6       5     410      31      28            21.80645             2.96774             2.21275             0.21927             1.69175             0.34785           850.01369             3.85171             2.50590       4       6
   10000       2       1       2       7      11     503       6       6       6     396      30      27            21.73333             2.96667             2.21320             0.22013             1.71246             0.34480           844.76976             3.88397             2.47061       5       2
   10000       2       1       2       7      11     503       6       6       7     385      29      29            21.79310             3.00000             2.17919             0.21668             1.71467             0.34083           840.91973             3.86929             2.42957       3       5
   10000       2       1       2       7      11     503       6       6       8     370      28      27            21.46429             3.03571             2.21965             0.22571             1.71764             0.35678           853.48638             3.84390             2.40230       5       4
   10000       2       1       2       7      11     503       6       6       9     352      27      26            21.07407             3.00000             2.20606             0.22854             1.72611             0.35469           864.88461             3.86457             2.40373       3       6
   10000       2       1       2       7      11     503       6       6      10     338      26      26            20.76923             3.00000             2.20807             0.23621             1.73164             0.35185           898.98698             3.85572             2.32236       2       1
   10000       2       1       2       7      11     503       6       6      11     323      25      25            20.48000             3.00000             2.18980             0.23791             1.72705             0.35134           914.38901             3.86458             2.26349       4       1
   10000       2       1       2       7      11     503       6       6      12     315      24      25            20.33333             3.00000             2.17234             0.23653             1.72954             0.34281           922.69724             3.86656             2.15371       1       5
   10000       2       1       2       7      11     503       6       6      13     304      23      24            19.86957             3.00000             2.13504             0.23836             1.73578             0.33810           951.49704             3.87956             2.10584       6       1
   10000       2       1       2       7      11     503       6       6      14     293      22      23            19.72727             2.90909             2.13429             0.23541             1.69981             0.33618           924.70699             3.88000             2.03483       1       3
   10000       2       1       2       7      11     503       6       6      15     285      21      22            19.85714             2.85714             2.09867             0.23045             1.67745             0.32892           926.92516             3.86289             1.96468       3       2
   10000       2       1       2       7      11     503       6       6      16     272      20      23            19.25000             2.90000             2.13070             0.24542             1.69289             0.35499           969.23139             3.81175             1.81760       2       3
   10000       2       1       2       7      11     503       6       6      17     258      19      22            18.94737             2.84211             2.12016             0.24798             1.65580             0.36240           974.00626             3.85579             1.79725       4       5
   10000       2       1       2       7      11     503       6       6      18     244      18      21            18.44444             2.83333             2.11719             0.25320             1.64269             0.36823           987.62523             3.88401             1.76548       6       6
   10000       2       1       2       7      11     503       6       6      19     225      17      20            18.35294             2.82353             2.09129             0.25251             1.61845             0.36105           987.97499             3.93570             1.80474       6       4
   10000       2       1       2       7      11     503       6       6      20     216      16      20            18.25000             2.68750             2.09044             0.25533             1.58115             0.36306          1009.80606             4.01361             1.72354       2       6
   10000       2       1       2       7      11     503       6       6      21     214      15      20            18.13333             2.80000             2.08261             0.25790             1.60320             0.35753          1047.92910             3.95427             1.57200       2       4
   10000       2       1       2       7      11     503       6       6      22     201      14      20            17.57143             2.71429             2.07407             0.26542             1.64443             0.35007          1089.12923             3.99085             1.47477       4       3
   10000       2       1       2       7      11     503       6       6      23     183      13      19            17.38462             2.61538             2.07081             0.26924             1.63915             0.34429          1112.03233             4.02522             1.48462       3       1
   10000       2       1       2       7      11     503       6       6      24     169      12      17            17.41667             2.75000             2.08788             0.27279             1.65123             0.34520          1108.86285             3.88908             1.48542       2       5
   10000       2       1       2       7      11     503       6       6      25     153      11      17            17.45455             2.63636             2.11577             0.27675             1.63035             0.36711          1089.48359             3.89027             1.51932       1       4
   10000       2       1       2       7      11     503       6       6      26     137      10      17            17.50000             2.70000             2.12311             0.27956             1.61273             0.35799          1091.92100             3.96010             1.55667       6       2
   10000       2       1       2       7      11     503       6       6      27     122       9      15            17.77778             2.44444             2.17679             0.28353             1.57698             0.37528          1073.21473             4.01314             1.61852       5       1
   10000       2       1       2       7      11     503       6       6      28     108       8      14            18.25000             2.62500             2.17889             0.27885             1.61138             0.36370          1034.06717             4.10246             1.69583       1       6
   10000       2       1       2       7      11     503       6       6      29      97       7      13            19.00000             2.42857             2.21631             0.27113             1.59073             0.40375           937.28603             4.26953             1.75844       4       2
   10000       2       1       2       7      11     503       6       6      30      94       6      10            21.00000             2.66667             2.17960             0.22110             1.65314             0.34141           795.44635             4.16795             1.57374       2       2
