   10000       2       1       2       9       2     509       6       6       0     509      36       0            22.55556             2.97222             2.25679             0.22020             1.60747             0.37073           901.40119             3.36120             2.56709       0       0
   10000       2       1       2       9       2     509       6       6       1     483      35      37            22.28571             2.94286             2.26994             0.22332             1.59467             0.37121           901.98081             3.38184             2.57093       5       1
   10000       2       1       2       9       2     509       6       6       2     474      34      22            22.35294             3.00000             2.25874             0.22245             1.60546             0.36496           906.78081             3.38140             2.52923       6       5
   10000       2       1       2       9       2     509       6       6       3     470      33       7            22.93939             3.03030             2.30260             0.21529             1.61894             0.37936           869.90613             3.33223             2.46913       4       3
   10000       2       1       2       9       2     509       6       6       4     452      32      33            22.65625             3.06250             2.27704             0.21632             1.62583             0.36449           879.14126             3.34685             2.42045       2       6
   10000       2       1       2       9       2     509       6       6       5     438      31      28            22.77419             3.03226             2.26720             0.21513             1.61526             0.36641           878.14178             3.33861             2.41078       5       3
   10000       2       1       2       9       2     509       6       6       6     429      30      20            22.93333             3.06667             2.28761             0.21528             1.61379             0.36621           882.69178             3.32196             2.32254       3       2
   10000       2       1       2       9       2     509       6       6       7     415      29      18            23.31034             3.13793             2.33723             0.21629             1.63795             0.35730           853.64908             3.34215             2.32727       1       4
   10000       2       1       2       9       2     509       6       6       8     410      28      20            23.39286             3.10714             2.33153             0.21652             1.63151             0.35673           864.71335             3.31275             2.21998       1       2
   10000       2       1       2       9       2     509       6       6       9     400      27      25            23.44444             3.11111             2.32529             0.21661             1.61833             0.34901           866.98179             3.33302             2.16374       3       4
   10000       2       1       2       9       2     509       6       6      10     394      26      19            23.50000             3.00000             2.36611             0.21882             1.60722             0.33846           869.58595             3.32410             2.11514       3       6
   10000       2       1       2       9       2     509       6       6      11     382      25      16            23.80000             2.96000             2.37076             0.21528             1.61316             0.35166           854.69591             3.32587             2.13722       1       3
   10000       2       1       2       9       2     509       6       6      12     371      24      16            24.00000             2.91667             2.36575             0.21174             1.60444             0.36107           840.26851             3.35437             2.13591       1       6
   10000       2       1       2       9       2     509       6       6      13     359      23      26            23.78261             2.91304             2.36441             0.21444             1.60378             0.35990           848.92539             3.33494             2.07806       4       2
   10000       2       1       2       9       2     509       6       6      14     343      22      24            23.59091             2.90909             2.39809             0.21875             1.61220             0.36856           859.55054             3.32068             2.04481       6       3
   10000       2       1       2       9       2     509       6       6      15     324      21      36            23.00000             2.90476             2.38502             0.22308             1.60250             0.37242           880.54884             3.35167             1.94296       4       5
   10000       2       1       2       9       2     509       6       6      16     311      20      32            22.60000             2.95000             2.36983             0.22556             1.60614             0.36754           892.77375             3.38930             1.87336       2       5
   10000       2       1       2       9       2     509       6       6      17     297      19      18            22.68421             2.94737             2.36196             0.22356             1.60522             0.36503           884.84322             3.41164             1.86711       6       1
   10000       2       1       2       9       2     509       6       6      18     284      18      33            22.05556             3.11111             2.32026             0.22549             1.63082             0.36093           911.64489             3.43293             1.76190       5       4
   10000       2       1       2       9       2     509       6       6      19     264      17      22            22.05882             3.05882             2.29745             0.22364             1.61471             0.37096           913.51288             3.42739             1.79508       6       4
   10000       2       1       2       9       2     509       6       6      20     251      16      29            21.06250             3.06250             2.28228             0.23498             1.63726             0.36399           951.03900             3.43210             1.61278       2       1
   10000       2       1       2       9       2     509       6       6      21     239      15      33            19.80000             3.06667             2.21710             0.24180             1.61236             0.33867          1007.95979             3.47080             1.44888       2       3
   10000       2       1       2       9       2     509       6       6      22     222      14      20            19.42857             3.07143             2.21818             0.24586             1.61061             0.33152          1016.64199             3.50876             1.40782       4       6
   10000       2       1       2       9       2     509       6       6      23     203      13      25            18.61538             3.15385             2.18220             0.25245             1.62575             0.32441          1076.07633             3.48401             1.35941       5       2
   10000       2       1       2       9       2     509       6       6      24     188      12      15            18.91667             3.16667             2.20516             0.25099             1.65787             0.33359          1065.17526             3.45118             1.38936       6       2
   10000       2       1       2       9       2     509       6       6      25     179      11      25            18.09091             3.18182             2.16142             0.25631             1.69450             0.32505          1119.80933             3.45426             1.23145       5       6
   10000       2       1       2       9       2     509       6       6      26     159      10      22            17.70000             3.20000             2.13665             0.25900             1.68300             0.32898          1115.88614             3.55038             1.22579       1       5
   10000       2       1       2       9       2     509       6       6      27     140       9      22            17.22222             3.11111             2.11648             0.26325             1.67423             0.33379          1129.03653             3.63813             1.21648       2       4
   10000       2       1       2       9       2     509       6       6      28     131       8      15            16.87500             3.00000             2.14568             0.27808             1.67071             0.37026          1185.45632             3.68497             1.06751       4       1
   10000       2       1       2       9       2     509       6       6      29     119       7      13            17.42857             3.14286             2.10056             0.25920             1.70700             0.35173          1168.08279             3.61081             1.05573       3       1
   10000       2       1       2       9       2     509       6       6      30      98       6      21            16.83333             3.16667             2.10144             0.26748             1.67483             0.35202          1208.25003             3.66935             1.06501       3       5
