   10000       2       1       2       3       1     504       6       6       0     504      36       0            21.11111             2.88889             2.22961             0.22955             1.55904             0.32370           873.83773             3.92412             2.46365       0       0
   10000       2       1       2       3       1     504       6       6       1     489      35      21            21.17143             2.94286             2.24679             0.23109             1.56502             0.32980           871.70069             3.93753             2.44577       3       6
   10000       2       1       2       3       1     504       6       6       2     481      34      20            21.55882             2.94118             2.23193             0.22692             1.56159             0.32290           872.24066             3.90824             2.41989       2       5
   10000       2       1       2       3       1     504       6       6       3     465      33      25            21.60606             2.87879             2.27417             0.23097             1.55509             0.33916           874.77206             3.88601             2.42935       5       6
   10000       2       1       2       3       1     504       6       6       4     453      32      22            21.75000             2.90625             2.28392             0.22936             1.56815             0.33547           857.55247             3.86977             2.43306       5       5
   10000       2       1       2       3       1     504       6       6       5     439      31      17            21.93548             2.96774             2.27044             0.22500             1.60009             0.34725           840.88887             3.89841             2.41710       4       4
   10000       2       1       2       3       1     504       6       6       6     434      30      13            22.13333             2.93333             2.26587             0.22141             1.62014             0.34392           838.14712             3.88835             2.28714       3       2
   10000       2       1       2       3       1     504       6       6       7     422      29      22            22.06897             3.00000             2.25757             0.22172             1.62793             0.33681           836.59481             3.92173             2.27199       2       6
   10000       2       1       2       3       1     504       6       6       8     406      28      28            21.85714             2.96429             2.25891             0.22442             1.60989             0.32739           844.70832             3.96823             2.21199       2       1
   10000       2       1       2       3       1     504       6       6       9     397      27      22            21.92593             2.96296             2.25748             0.22468             1.62031             0.33344           851.90652             3.95604             2.13844       3       4
   10000       2       1       2       3       1     504       6       6      10     379      26      22            21.69231             3.03846             2.25162             0.22646             1.63158             0.32196           864.40385             3.96435             2.14065       3       5
   10000       2       1       2       3       1     504       6       6      11     366      25      19            21.68000             3.04000             2.24004             0.22562             1.62949             0.32120           864.79121             3.96501             2.14040       3       1
   10000       2       1       2       3       1     504       6       6      12     353      24      22            21.58333             2.95833             2.23144             0.22742             1.60710             0.31651           875.65743             3.96686             2.05596       4       3
   10000       2       1       2       3       1     504       6       6      13     338      23      20            21.82609             3.00000             2.22861             0.22443             1.60765             0.30723           859.72703             3.97804             2.06220       4       2
   10000       2       1       2       3       1     504       6       6      14     320      22      30            21.45455             3.00000             2.23087             0.22744             1.60385             0.29778           862.93781             4.03307             2.01900       5       1
   10000       2       1       2       3       1     504       6       6      15     309      21      16            21.76190             3.04762             2.21963             0.22315             1.61471             0.29640           845.24967             4.06095             2.02604       6       6
   10000       2       1       2       3       1     504       6       6      16     285      20      27            21.15000             3.00000             2.18564             0.22821             1.60874             0.28863           874.70069             4.11936             2.04097       4       6
   10000       2       1       2       3       1     504       6       6      17     280      19      10            21.94737             3.05263             2.21915             0.21843             1.62162             0.28486           815.97052             4.00285             2.02162       2       4
   10000       2       1       2       3       1     504       6       6      18     265      18      30            21.66667             3.11111             2.20488             0.21875             1.64263             0.29502           821.18167             4.03002             1.95551       6       4
   10000       2       1       2       3       1     504       6       6      19     254      17      19            21.64706             3.17647             2.21310             0.22064             1.65272             0.29999           809.34085             4.00660             1.91983       5       4
   10000       2       1       2       3       1     504       6       6      20     240      16      28            21.31250             3.25000             2.19054             0.22202             1.68920             0.31042           820.71060             3.99231             1.85308       2       3
   10000       2       1       2       3       1     504       6       6      21     225      15      18            21.53333             3.26667             2.16923             0.21804             1.68799             0.30402           812.76699             4.04954             1.88258       4       1
   10000       2       1       2       3       1     504       6       6      22     211      14      22            21.35714             3.28571             2.20847             0.22773             1.67006             0.30890           822.75544             4.06538             1.80568       5       2
   10000       2       1       2       3       1     504       6       6      23     192      13      27            21.00000             3.15385             2.21078             0.23282             1.65437             0.31162           831.03767             4.14470             1.80865       6       1
   10000       2       1       2       3       1     504       6       6      24     185      12      12            21.83333             3.16667             2.20671             0.21908             1.64710             0.28867           831.94240             4.10188             1.76966       5       3
   10000       2       1       2       3       1     504       6       6      25     164      11      19            21.90909             3.09091             2.21596             0.21928             1.64073             0.28643           826.01917             4.10217             1.84418       6       5
   10000       2       1       2       3       1     504       6       6      26     150      10      14            22.70000             3.10000             2.22615             0.20954             1.63086             0.29969           776.40681             4.14867             1.92860       4       5
   10000       2       1       2       3       1     504       6       6      27     136       9      25            22.00000             3.11111             2.26314             0.22025             1.66452             0.31632           796.80963             4.16456             1.89289       6       3
   10000       2       1       2       3       1     504       6       6      28     118       8      18            22.50000             3.00000             2.30913             0.21980             1.63557             0.33188           755.55152             4.20445             2.00450       3       3
   10000       2       1       2       3       1     504       6       6      29      97       7      21            22.71429             3.00000             2.25588             0.21272             1.62595             0.32930           747.84605             4.29848             2.14800       6       2
   10000       2       1       2       3       1     504       6       6      30      86       6      17            23.16667             3.00000             2.30792             0.21138             1.57942             0.32842           723.52079             4.31583             2.03968       2       2
