   10000       2       1       2      12       4     546       6       6       0     546      36       0            21.88889             3.11111             2.26232             0.22006             1.62450             0.32094           843.01095             3.63284             2.18994       0       0
   10000       2       1       2      12       4     546       6       6       1     528      35      23            21.68571             3.14286             2.25372             0.22121             1.62877             0.31646           853.46277             3.63695             2.15368       3       1
   10000       2       1       2      12       4     546       6       6       2     515      34      21            21.91176             3.14706             2.26411             0.21986             1.64342             0.32138           850.23920             3.62180             2.13673       1       2
   10000       2       1       2      12       4     546       6       6       3     502      33      22            21.78788             3.15152             2.29211             0.22466             1.64728             0.32181           851.31317             3.62918             2.10258       6       6
   10000       2       1       2      12       4     546       6       6       4     487      32      24            21.81250             3.09375             2.30353             0.22537             1.63553             0.32225           853.39867             3.63127             2.09422       1       4
   10000       2       1       2      12       4     546       6       6       5     475      31      21            22.00000             3.12903             2.31044             0.22429             1.64991             0.32526           850.05844             3.62163             2.08120       3       5
   10000       2       1       2      12       4     546       6       6       6     456      30      25            21.96667             3.10000             2.34677             0.22857             1.64967             0.32143           856.34113             3.62523             2.08424       1       6
   10000       2       1       2      12       4     546       6       6       7     447      29      20            21.79310             3.06897             2.33030             0.22920             1.64260             0.31987           867.95107             3.63755             2.03248       2       1
   10000       2       1       2      12       4     546       6       6       8     428      28      31            21.21429             3.10714             2.29616             0.23201             1.65273             0.32017           890.03208             3.65291             1.98015       2       5
   10000       2       1       2      12       4     546       6       6       9     423      27      26            21.18519             3.18519             2.27603             0.23046             1.67138             0.30989           892.20659             3.68648             1.91481       2       3
   10000       2       1       2      12       4     546       6       6      10     410      26      20            21.46154             3.11538             2.26920             0.22781             1.66821             0.29720           889.11979             3.65794             1.88976       4       6
   10000       2       1       2      12       4     546       6       6      11     397      25      17            21.84000             3.24000             2.23076             0.22014             1.70212             0.28142           869.06242             3.65445             1.90122       4       4
   10000       2       1       2      12       4     546       6       6      12     381      24      27            21.58333             3.20833             2.21486             0.22167             1.69497             0.28510           879.21846             3.68893             1.84900       3       2
   10000       2       1       2      12       4     546       6       6      13     368      23      24            21.26087             3.21739             2.21378             0.22470             1.67783             0.27668           886.13960             3.72772             1.80023       3       4
   10000       2       1       2      12       4     546       6       6      14     349      22      27            20.77273             3.22727             2.19585             0.22860             1.65259             0.27868           906.19629             3.75129             1.78520       2       6
   10000       2       1       2      12       4     546       6       6      15     332      21      25            20.85714             3.19048             2.17316             0.22575             1.65090             0.27640           902.20643             3.78834             1.77147       6       3
   10000       2       1       2      12       4     546       6       6      16     315      20      24            20.80000             3.30000             2.15329             0.22416             1.67419             0.26654           897.40842             3.82221             1.74484       5       3
   10000       2       1       2      12       4     546       6       6      17     296      19      28            20.36842             3.36842             2.14907             0.22818             1.66421             0.27268           922.31453             3.81658             1.73910       4       3
   10000       2       1       2      12       4     546       6       6      18     273      18      24            20.05556             3.27778             2.12761             0.22991             1.64317             0.26781           930.68519             3.84548             1.75996       3       3
   10000       2       1       2      12       4     546       6       6      19     253      17      27            19.52941             3.35294             2.10585             0.23393             1.65906             0.26863           967.47447             3.81380             1.68657       6       5
   10000       2       1       2      12       4     546       6       6      20     241      16      20            19.50000             3.37500             2.12694             0.23751             1.69092             0.27147           971.05454             3.83259             1.61581       6       2
   10000       2       1       2      12       4     546       6       6      21     229      15      19            20.06667             3.46667             2.14315             0.23448             1.70064             0.27442           959.66431             3.82439             1.59809       4       2
   10000       2       1       2      12       4     546       6       6      22     212      14      21            19.64286             3.35714             2.15309             0.23845             1.67619             0.26530           977.59927             3.83672             1.58168       4       1
   10000       2       1       2      12       4     546       6       6      23     200      13      18            19.46154             3.23077             2.10311             0.23663             1.66792             0.26066           977.37811             3.87150             1.50269       4       5
   10000       2       1       2      12       4     546       6       6      24     192      12      17            19.50000             3.08333             2.12636             0.23851             1.61982             0.26925           984.53930             3.84244             1.41977       6       4
   10000       2       1       2      12       4     546       6       6      25     171      11      22            19.18182             3.18182             2.12139             0.24197             1.60810             0.26478          1012.40775             3.72539             1.43250       1       1
   10000       2       1       2      12       4     546       6       6      26     157      10      14            19.70000             3.20000             2.14411             0.23732             1.62276             0.27588           976.80687             3.76196             1.47575       1       5
   10000       2       1       2      12       4     546       6       6      27     144       9      18            19.44444             3.33333             2.17057             0.24238             1.65465             0.28794           955.40842             3.85754             1.39238       6       1
   10000       2       1       2      12       4     546       6       6      28     127       8      16            19.75000             3.37500             2.20811             0.24367             1.66718             0.30124           929.87407             3.93515             1.44571       3       6
   10000       2       1       2      12       4     546       6       6      29     114       7      14            20.57143             3.42857             2.25111             0.23692             1.67796             0.32229           882.70398             3.82251             1.49046       2       2
   10000       2       1       2      12       4     546       6       6      30     100       6      14            20.66667             3.33333             2.22469             0.23161             1.62843             0.32943           940.94525             3.74332             1.41310       5       6
