   10000       2       2       2       4       4     502       6       6       0     502      36       0            21.30556             2.97222             2.18550             0.22404             1.60095             0.31630           871.56841             3.81060             2.43201       0       0
   10000       2       2       2       4       4     502       6       6       1     485      35      24            21.42857             2.97143             2.21479             0.22537             1.59682             0.30788           865.87484             3.83396             2.44320       1       2
   10000       2       2       2       4       4     502       6       6       2     473      34      18            21.88235             3.02941             2.23231             0.22353             1.61416             0.31305           855.78054             3.82409             2.47792       4       6
   10000       2       2       2       4       4     502       6       6       3     459      33      21            22.81818             3.06061             2.29955             0.22038             1.64665             0.33576           814.73175             3.84408             2.58849       4       2
   10000       2       2       2       4       4     502       6       6       4     446      32      15            23.40625             3.12500             2.31344             0.21463             1.67253             0.33912           803.26181             3.77859             2.60016       4       5
   10000       2       2       2       4       4     502       6       6       5     432      31      26            23.54839             3.19355             2.32504             0.21534             1.70081             0.34263           798.56834             3.80085             2.58478       4       1
   10000       2       2       2       4       4     502       6       6       6     410      30      33            24.13333             3.20000             2.36666             0.21109             1.72121             0.37535           764.64536             3.78598             2.66030       2       4
   10000       2       2       2       4       4     502       6       6       7     401      29      15            24.34483             3.13793             2.36321             0.20862             1.70898             0.37717           757.75389             3.79113             2.63689       1       3
   10000       2       2       2       4       4     502       6       6       8     388      28      27            24.57143             3.14286             2.37432             0.20758             1.71904             0.38201           750.92316             3.79865             2.63360       2       6
   10000       2       2       2       4       4     502       6       6       9     382      27      16            25.33333             3.14815             2.40756             0.20301             1.72001             0.39354           731.47906             3.79488             2.63061       6       2
   10000       2       2       2       4       4     502       6       6      10     369      26      23            25.07692             3.15385             2.42277             0.20792             1.72362             0.39687           737.63519             3.80897             2.59997       6       1
   10000       2       2       2       4       4     502       6       6      11     362      25      22            25.40000             3.20000             2.41316             0.20365             1.74326             0.39589           716.91122             3.86979             2.59351       4       4
   10000       2       2       2       4       4     502       6       6      12     357      24      26            25.54167             3.20833             2.39986             0.20215             1.76144             0.39577           721.18971             3.87003             2.53254       5       2
   10000       2       2       2       4       4     502       6       6      13     345      23      24            25.82609             3.21739             2.43577             0.20314             1.75908             0.40257           713.73483             3.87212             2.49278       5       5
   10000       2       2       2       4       4     502       6       6      14     333      22      22            25.95455             3.22727             2.41846             0.20097             1.76631             0.40158           705.89402             3.89319             2.48119       1       1
   10000       2       2       2       4       4     502       6       6      15     327      21      19            26.57143             3.19048             2.41814             0.19484             1.74886             0.40310           678.95997             3.88378             2.41634       4       3
   10000       2       2       2       4       4     502       6       6      16     319      20      24            27.30000             3.20000             2.47075             0.19428             1.76123             0.39890           669.34908             3.87767             2.38130       5       4
   10000       2       2       2       4       4     502       6       6      17     304      19      33            26.78947             3.26316             2.44555             0.19618             1.76382             0.39376           690.96182             3.88870             2.34849       6       3
   10000       2       2       2       4       4     502       6       6      18     289      18      27            26.22222             3.22222             2.41181             0.19860             1.73820             0.39426           708.11996             3.92299             2.29966       6       5
   10000       2       2       2       4       4     502       6       6      19     281      17      20            26.23529             3.35294             2.43239             0.20058             1.77308             0.39809           716.02366             3.94557             2.20871       1       5
   10000       2       2       2       4       4     502       6       6      20     261      16      27            25.56250             3.31250             2.38916             0.20288             1.77841             0.39281           725.25154             3.99713             2.21210       5       6
   10000       2       2       2       4       4     502       6       6      21     242      15      22            25.73333             3.33333             2.39662             0.20265             1.78190             0.39910           739.36513             3.95095             2.22013       6       4
   10000       2       2       2       4       4     502       6       6      22     219      14      34            25.57143             3.35714             2.36563             0.20128             1.83766             0.37627           740.31056             3.98844             2.20302       2       1
   10000       2       2       2       4       4     502       6       6      23     210      13      29            25.46154             3.30769             2.34152             0.20171             1.80811             0.37657           745.02902             4.07107             2.06531       2       2
   10000       2       2       2       4       4     502       6       6      24     195      12      19            25.83333             3.41667             2.38617             0.20248             1.81951             0.37443           726.87528             4.05624             2.06309       6       6
   10000       2       2       2       4       4     502       6       6      25     177      11      35            24.81818             3.27273             2.36381             0.20774             1.79655             0.36231           746.47114             4.13713             1.96081       2       5
   10000       2       2       2       4       4     502       6       6      26     168      10      18            25.40000             3.30000             2.33955             0.19977             1.78400             0.35853           748.73225             4.16650             1.94511       1       4
   10000       2       2       2       4       4     502       6       6      27     151       9      20            26.00000             3.22222             2.35506             0.19623             1.73660             0.35159           693.45298             4.12427             1.96622       5       3
   10000       2       2       2       4       4     502       6       6      28     141       8      23            26.62500             3.25000             2.38587             0.19486             1.73670             0.37107           669.43484             4.20104             1.91379       2       3
   10000       2       2       2       4       4     502       6       6      29     128       7      15            28.00000             3.14286             2.43459             0.18276             1.72255             0.37300           616.75983             4.11424             1.97746       5       1
   10000       2       2       2       4       4     502       6       6      30     108       6      26            28.33333             3.16667             2.40926             0.17906             1.68323             0.36979           612.17833             4.14559             2.01642       1       6
