   10000       2       1       2       7       1     502       6       6       0     502      36       0            21.30556             2.97222             2.18550             0.22404             1.60095             0.31630           871.56841             3.81060             2.43201       0       0
   10000       2       1       2       7       1     502       6       6       1     488      35      25            21.28571             2.94286             2.17851             0.22433             1.59375             0.31892           881.15060             3.78955             2.41010       6       3
   10000       2       1       2       7       1     502       6       6       2     478      34      19            21.41176             3.00000             2.18034             0.22397             1.60125             0.30444           876.06432             3.81336             2.37032       3       2
   10000       2       1       2       7       1     502       6       6       3     468      33      18            21.78788             2.96970             2.20576             0.22294             1.61633             0.31612           852.87520             3.83817             2.35239       4       4
   10000       2       1       2       7       1     502       6       6       4     459      32      21            21.71875             3.06250             2.19392             0.22382             1.61905             0.30376           869.92653             3.83362             2.27479       1       4
   10000       2       1       2       7       1     502       6       6       5     448      31      23            21.80645             3.00000             2.20794             0.22455             1.60724             0.30814           868.18410             3.82558             2.24604       6       5
   10000       2       1       2       7       1     502       6       6       6     435      30      21            21.96667             2.90000             2.24347             0.22577             1.60331             0.31279           861.50049             3.80903             2.25425       5       4
   10000       2       1       2       7       1     502       6       6       7     419      29      24            21.75862             2.96552             2.23046             0.22633             1.60500             0.30272           857.88593             3.85873             2.23071       5       3
   10000       2       1       2       7       1     502       6       6       8     410      28      24            21.60714             2.96429             2.22003             0.22677             1.61225             0.29775           861.14250             3.88501             2.16213       2       2
   10000       2       1       2       7       1     502       6       6       9     401      27      18            21.92593             2.96296             2.23209             0.22422             1.62941             0.29123           859.92865             3.82175             2.10596       3       5
   10000       2       1       2       7       1     502       6       6      10     388      26      20            22.07692             2.92308             2.24217             0.22485             1.63256             0.29331           861.19011             3.80065             2.04862       4       2
   10000       2       1       2       7       1     502       6       6      11     379      25      13            22.48000             2.84000             2.24475             0.21871             1.59307             0.30003           834.33194             3.80441             2.06465       4       3
   10000       2       1       2       7       1     502       6       6      12     363      24      19            22.83333             2.79167             2.27480             0.21728             1.59994             0.30869           819.86318             3.79503             2.10749       3       6
   10000       2       1       2       7       1     502       6       6      13     352      23      22            22.95652             2.86957             2.28772             0.21751             1.63627             0.32507           814.48951             3.78809             2.04464       5       1
   10000       2       1       2       7       1     502       6       6      14     341      22      16            22.95455             2.81818             2.25980             0.21516             1.62835             0.31448           816.47864             3.81907             2.01574       6       1
   10000       2       1       2       7       1     502       6       6      15     323      21      26            22.66667             2.80952             2.27847             0.22108             1.61108             0.30879           826.68546             3.86875             2.00029       3       1
   10000       2       1       2       7       1     502       6       6      16     314      20      13            23.05000             2.85000             2.28167             0.21649             1.62584             0.30099           810.53241             3.88611             1.95502       1       3
   10000       2       1       2       7       1     502       6       6      17     295      19      31            22.42105             2.84211             2.25078             0.22156             1.60279             0.29836           829.00513             3.94276             1.84002       2       4
   10000       2       1       2       7       1     502       6       6      18     280      18      22            22.05556             2.88889             2.28221             0.23010             1.60199             0.31926           868.10716             3.79978             1.76592       4       5
   10000       2       1       2       7       1     502       6       6      19     262      17      20            21.76471             2.88235             2.27821             0.24564             1.59204             0.32917          1005.87593             3.78690             1.73450       5       2
   10000       2       1       2       7       1     502       6       6      20     251      16      17            21.87500             2.93750             2.25279             0.24216             1.61260             0.31384          1025.07105             3.71516             1.71070       4       6
   10000       2       1       2       7       1     502       6       6      21     233      15      19            22.06667             2.86667             2.25719             0.24246             1.57937             0.32735          1043.36128             3.67749             1.75171       6       4
   10000       2       1       2       7       1     502       6       6      22     210      14      26            21.21429             2.85714             2.19622             0.24837             1.58493             0.31837          1097.38636             3.71164             1.73565       6       6
   10000       2       1       2       7       1     502       6       6      23     200      13      18            21.38462             2.76923             2.19603             0.24492             1.57640             0.31937          1095.47553             3.76340             1.69056       2       3
   10000       2       1       2       7       1     502       6       6      24     182      12      19            21.66667             2.75000             2.19370             0.24335             1.56888             0.33111          1103.06081             3.77121             1.74510       4       1
   10000       2       1       2       7       1     502       6       6      25     175      11      12            22.72727             2.90909             2.20370             0.23418             1.60800             0.33889          1086.82509             3.79767             1.65946       1       5
   10000       2       1       2       7       1     502       6       6      26     158      10      31            21.20000             2.80000             2.13610             0.24499             1.57595             0.34122          1168.54896             3.87473             1.51691       2       6
   10000       2       1       2       7       1     502       6       6      27     140       9      22            21.11111             2.77778             2.11774             0.24797             1.56587             0.33681          1190.14471             3.90724             1.52530       2       5
   10000       2       1       2       7       1     502       6       6      28     135       8       5            23.12500             3.00000             2.26603             0.21710             1.63660             0.35287           882.98982             3.69671             1.59096       6       2
   10000       2       1       2       7       1     502       6       6      29     109       7      31            21.14286             2.85714             2.26963             0.23222             1.60230             0.34297           938.56506             3.72267             1.55069       2       1
   10000       2       1       2       7       1     502       6       6      30      93       6      16            22.00000             2.83333             2.29824             0.22563             1.56935             0.34874           915.71836             3.69624             1.64248       1       6
