   10000       2       1       2       7      10     546       6       6       0     546      36       0            21.88889             3.11111             2.26232             0.22006             1.62450             0.32094           843.01106             3.63284             2.18994       0       0
   10000       2       1       2       7      10     546       6       6       1     527      35      25            21.94286             3.17143             2.25905             0.21940             1.62500             0.32001           837.18622             3.65184             2.20855       6       3
   10000       2       1       2       7      10     546       6       6       2     512      34      23            22.05882             3.11765             2.27482             0.22016             1.62358             0.32367           836.46912             3.65511             2.20562       5       1
   10000       2       1       2       7      10     546       6       6       3     495      33      25            22.18182             3.09091             2.26948             0.21872             1.62603             0.31809           831.13835             3.66517             2.21674       5       4
   10000       2       1       2       7      10     546       6       6       4     475      32      23            22.00000             3.15625             2.24593             0.21818             1.64475             0.32128           834.57506             3.68405             2.21239       5       3
   10000       2       1       2       7      10     546       6       6       5     457      31      25            22.03226             3.09677             2.23202             0.21550             1.64412             0.32137           833.03828             3.67273             2.22386       4       3
   10000       2       1       2       7      10     546       6       6       6     437      30      26            22.03333             3.10000             2.20383             0.21306             1.65461             0.32140           832.15405             3.66912             2.23664       2       5
   10000       2       1       2       7      10     546       6       6       7     421      29      21            22.17241             3.10345             2.22266             0.21319             1.66849             0.32626           829.70528             3.65634             2.23790       3       5
   10000       2       1       2       7      10     546       6       6       8     405      28      24            22.03571             3.14286             2.21033             0.21390             1.65972             0.32193           839.26355             3.65753             2.19330       3       1
   10000       2       1       2       7      10     546       6       6       9     398      27      20            22.18519             3.14815             2.20747             0.21294             1.67132             0.32108           838.08981             3.61397             2.10727       2       2
   10000       2       1       2       7      10     546       6       6      10     381      26      16            22.26923             3.11538             2.20192             0.21121             1.68264             0.31601           829.49401             3.60758             2.10790       4       4
   10000       2       1       2       7      10     546       6       6      11     370      25      26            22.20000             3.08000             2.22922             0.21422             1.66948             0.31385           834.66216             3.59862             2.06592       4       2
   10000       2       1       2       7      10     546       6       6      12     357      24      22            22.04167             3.08333             2.26516             0.22035             1.68911             0.31885           832.78894             3.60218             2.01385       6       6
   10000       2       1       2       7      10     546       6       6      13     337      23      24            21.82609             3.04348             2.23490             0.21964             1.66628             0.31092           834.50781             3.64823             2.02071       3       2
   10000       2       1       2       7      10     546       6       6      14     321      22      22            21.54545             3.09091             2.23616             0.22333             1.67677             0.30552           847.74827             3.66602             1.96960       1       4
   10000       2       1       2       7      10     546       6       6      15     310      21      17            21.66667             2.95238             2.23591             0.22149             1.65605             0.30901           843.35231             3.62219             1.95276       6       4
   10000       2       1       2       7      10     546       6       6      16     303      20      23            21.30000             3.00000             2.25020             0.22941             1.66861             0.30508           864.86336             3.64516             1.86680       6       2
   10000       2       1       2       7      10     546       6       6      17     291      19      16            21.52632             3.05263             2.28202             0.22984             1.68405             0.30992           853.96163             3.66236             1.86365       1       5
   10000       2       1       2       7      10     546       6       6      18     273      18      18            21.72222             3.00000             2.31112             0.23113             1.67736             0.31023           852.48664             3.67233             1.91163       4       1
   10000       2       1       2       7      10     546       6       6      19     262      17      17            21.70588             3.00000             2.32038             0.23236             1.67514             0.29673           857.03371             3.70849             1.86882       2       1
   10000       2       1       2       7      10     546       6       6      20     251      16      23            21.56250             3.06250             2.31892             0.23432             1.68260             0.28911           866.20513             3.75586             1.73781       2       3
   10000       2       1       2       7      10     546       6       6      21     236      15      30            21.00000             3.00000             2.25421             0.23339             1.66151             0.27348           881.79911             3.78177             1.66106       2       6
   10000       2       1       2       7      10     546       6       6      22     219      14      19            20.64286             2.92857             2.24821             0.23634             1.67269             0.27686           873.73029             3.76574             1.64081       1       3
   10000       2       1       2       7      10     546       6       6      23     205      13      14            21.15385             3.00000             2.23744             0.22647             1.70815             0.29479           809.92077             3.81196             1.69010       6       1
   10000       2       1       2       7      10     546       6       6      24     188      12      17            21.50000             3.00000             2.23762             0.22206             1.69946             0.30373           799.34720             3.78584             1.74761       5       2
   10000       2       1       2       7      10     546       6       6      25     170      11      22            21.09091             3.09091             2.23476             0.22677             1.73533             0.29727           838.64345             3.62292             1.73613       6       5
   10000       2       1       2       7      10     546       6       6      26     150      10      21            21.10000             3.00000             2.25652             0.22907             1.72886             0.30569           834.39476             3.63583             1.79948       1       6
   10000       2       1       2       7      10     546       6       6      27     134       9      20            20.77778             3.00000             2.28934             0.23628             1.73477             0.33350           837.58877             3.69651             1.78511       3       6
   10000       2       1       2       7      10     546       6       6      28     119       8      20            20.62500             3.12500             2.18451             0.22773             1.73833             0.32076           839.71638             3.84149             1.68584       4       5
   10000       2       1       2       7      10     546       6       6      29     100       7      24            20.00000             3.14286             2.15879             0.23385             1.70456             0.30519           843.94220             3.96071             1.68427       2       4
   10000       2       1       2       7      10     546       6       6      30      84       6      17            19.83333             3.16667             2.07550             0.22952             1.71711             0.25600           865.88568             3.90785             1.65100       4       6
