   10000       2       1       2       4       8     465       6       6       0     465      36       0            20.86111             3.02778             2.26933             0.23432             1.65535             0.34821           866.06190             3.76657             2.53990       0       0
   10000       2       1       2       4       8     465       6       6       1     447      35      25            20.51429             3.00000             2.26170             0.23965             1.65084             0.35353           889.38150             3.79082             2.50022       2       6
   10000       2       1       2       4       8     465       6       6       2     441      34      17            20.55882             3.05882             2.26468             0.23977             1.65314             0.33898           892.70266             3.79754             2.42317       2       2
   10000       2       1       2       4       8     465       6       6       3     429      33      20            20.45455             3.00000             2.29097             0.24490             1.63186             0.35831           904.87878             3.80423             2.40102       1       1
   10000       2       1       2       4       8     465       6       6       4     417      32      16            20.43750             3.00000             2.27433             0.24229             1.62078             0.35777           906.97509             3.80245             2.36077       5       4
   10000       2       1       2       4       8     465       6       6       5     410      31      19            20.48387             2.96774             2.31244             0.24565             1.62560             0.36523           905.53910             3.80219             2.29184       6       2
   10000       2       1       2       4       8     465       6       6       6     395      30      22            20.43333             3.03333             2.29577             0.24536             1.62928             0.36872           912.87308             3.80766             2.26716       4       4
   10000       2       1       2       4       8     465       6       6       7     386      29      20            20.44828             2.89655             2.31839             0.24938             1.62631             0.37519           922.86075             3.81796             2.22486       1       5
   10000       2       1       2       4       8     465       6       6       8     376      28      24            20.28571             2.92857             2.32854             0.25159             1.63590             0.36093           928.09915             3.81357             2.15250       5       2
   10000       2       1       2       4       8     465       6       6       9     360      27      26            20.03704             3.00000             2.27621             0.25013             1.63758             0.35161           942.36074             3.80982             2.10850       5       5
   10000       2       1       2       4       8     465       6       6      10     353      26      18            20.15385             2.96154             2.29749             0.25082             1.65007             0.35812           924.87154             3.83485             2.05254       5       6
   10000       2       1       2       4       8     465       6       6      11     346      25      19            20.12000             3.04000             2.29621             0.25227             1.65796             0.35854           932.26618             3.85492             1.98239       6       3
   10000       2       1       2       4       8     465       6       6      12     331      24      22            20.29167             3.12500             2.27043             0.24720             1.67925             0.35674           922.09805             3.87060             1.99189       1       4
   10000       2       1       2       4       8     465       6       6      13     310      23      30            19.43478             3.17391             2.22092             0.25272             1.69508             0.34161           962.02009             3.83745             1.94242       5       1
   10000       2       1       2       4       8     465       6       6      14     300      22      15            19.59091             3.13636             2.25419             0.25696             1.69090             0.34936           961.96069             3.83649             1.87781       4       2
   10000       2       1       2       4       8     465       6       6      15     282      21      23            19.09524             3.09524             2.19285             0.25770             1.68168             0.33898           977.35513             3.89937             1.87495       1       3
   10000       2       1       2       4       8     465       6       6      16     270      20      17            19.10000             3.15000             2.18247             0.25515             1.68326             0.33728           964.50570             3.90261             1.87441       2       1
   10000       2       1       2       4       8     465       6       6      17     258      19      19            18.89474             3.10526             2.17612             0.26194             1.68223             0.34736          1012.31510             3.83443             1.75119       2       4
   10000       2       1       2       4       8     465       6       6      18     238      18      18            18.77778             3.00000             2.16845             0.26303             1.64286             0.36416          1033.49776             3.82089             1.79322       6       1
   10000       2       1       2       4       8     465       6       6      19     224      17      14            19.05882             3.00000             2.17277             0.25966             1.64901             0.36264          1021.68495             3.80469             1.83988       1       2
   10000       2       1       2       4       8     465       6       6      20     211      16      25            18.87500             3.00000             2.17483             0.26163             1.63264             0.35808          1030.15563             3.80646             1.81759       4       3
   10000       2       1       2       4       8     465       6       6      21     194      15      25            18.00000             3.06667             2.14189             0.27581             1.64042             0.34798          1132.85564             3.80267             1.71183       4       6
   10000       2       1       2       4       8     465       6       6      22     186      14      13            18.28571             3.07143             2.11931             0.27104             1.61272             0.35316          1146.34678             3.81959             1.64417       4       1
   10000       2       1       2       4       8     465       6       6      23     178      13       9            19.23077             3.23077             2.13160             0.24913             1.66305             0.35307          1036.58458             3.81523             1.76674       1       6
   10000       2       1       2       4       8     465       6       6      24     172      12       9            19.91667             3.25000             2.18431             0.23966             1.68708             0.32581           980.07003             3.63327             1.71362       4       5
   10000       2       1       2       4       8     465       6       6      25     162      11      15            20.72727             3.18182             2.26994             0.23706             1.69409             0.33596           910.78744             3.65075             1.74664       2       5
   10000       2       1       2       4       8     465       6       6      26     143      10      21            20.10000             3.30000             2.25167             0.24094             1.72994             0.33148           925.65123             3.69666             1.74461       2       3
   10000       2       1       2       4       8     465       6       6      27     131       9      15            20.66667             3.11111             2.25493             0.23245             1.66959             0.31893           927.99455             3.69628             1.73827       6       6
   10000       2       1       2       4       8     465       6       6      28     118       8      22            20.12500             3.25000             2.19538             0.23507             1.68607             0.29332           988.18842             3.70273             1.67580       6       4
   10000       2       1       2       4       8     465       6       6      29     102       7      16            20.71429             3.14286             2.21092             0.22862             1.66979             0.28760           935.58858             3.77086             1.77234       6       5
   10000       2       1       2       4       8     465       6       6      30      89       6      15            21.66667             2.83333             2.27941             0.22386             1.59095             0.31172           858.89799             3.88232             1.86059       5       3
