   10000       2       1       2       2       2     467       6       6       0     467      36       0            20.41667             3.19444             2.11294             0.23015             1.72272             0.31714           954.81477             3.61434             2.49732       0       0
   10000       2       1       2       2       2     467       6       6       1     454      35      24            20.34286             3.17143             2.09850             0.23053             1.70928             0.32522           964.90183             3.60954             2.48049       3       1
   10000       2       1       2       2       2     467       6       6       2     441      34      24            20.20588             3.08824             2.08641             0.23010             1.70227             0.32852           972.74377             3.62211             2.45808       2       1
   10000       2       1       2       2       2     467       6       6       3     419      33      26            20.03030             3.09091             2.07641             0.23131             1.72003             0.32473           986.33238             3.60470             2.45258       6       4
   10000       2       1       2       2       2     467       6       6       4     411      32      14            20.18750             3.18750             2.09610             0.23139             1.73129             0.33591           988.81937             3.57489             2.44852       6       5
   10000       2       1       2       2       2     467       6       6       5     395      31      20            20.12903             3.09677             2.07489             0.23039             1.70671             0.33074           998.85939             3.57369             2.43642       3       6
   10000       2       1       2       2       2     467       6       6       6     383      30      21            20.16667             3.03333             2.06124             0.23310             1.69486             0.34376          1031.78849             3.53789             2.37713       2       4
   10000       2       1       2       2       2     467       6       6       7     369      29      16            20.37931             3.00000             2.07419             0.23135             1.70314             0.34890          1017.65147             3.53563             2.40231       6       1
   10000       2       1       2       2       2     467       6       6       8     361      28      12            20.53571             3.03571             2.04873             0.22666             1.72552             0.33648          1006.02506             3.48852             2.40194       6       6
   10000       2       1       2       2       2     467       6       6       9     343      27      28            20.18519             3.11111             1.99570             0.22417             1.72614             0.31545          1060.61533             3.50382             2.37693       1       5
   10000       2       1       2       2       2     467       6       6      10     341      26       6            20.76923             3.15385             2.02954             0.21426             1.74961             0.32894           944.58114             3.51546             2.35923       1       6
   10000       2       1       2       2       2     467       6       6      11     327      25      19            20.76000             3.12000             1.99289             0.21249             1.73752             0.31888           955.55856             3.51256             2.37889       2       6
   10000       2       1       2       2       2     467       6       6      12     318      24      17            20.91667             3.12500             1.99748             0.21357             1.73331             0.30654           966.24151             3.55695             2.30919       2       2
   10000       2       1       2       2       2     467       6       6      13     306      23      26            20.47826             3.13043             1.99778             0.22660             1.74302             0.29977          1070.39587             3.58079             2.19276       1       3
   10000       2       1       2       2       2     467       6       6      14     292      22      21            20.40909             3.22727             2.00072             0.22951             1.75734             0.30243          1086.31118             3.59516             2.16552       6       3
   10000       2       1       2       2       2     467       6       6      15     283      21      17            20.80952             3.09524             2.03656             0.23129             1.74228             0.31157          1076.74934             3.63298             2.19553       4       6
   10000       2       1       2       2       2     467       6       6      16     276      20      16            20.85000             3.20000             1.98688             0.22521             1.75163             0.30139          1078.63216             3.64799             2.08357       5       3
   10000       2       1       2       2       2     467       6       6      17     264      19      19            21.26316             3.10526             2.01904             0.22335             1.73411             0.31617          1046.21230             3.66571             2.11419       5       4
   10000       2       1       2       2       2     467       6       6      18     250      18      18            20.88889             3.11111             1.99297             0.23050             1.72719             0.30467          1096.05126             3.68141             2.09090       1       2
   10000       2       1       2       2       2     467       6       6      19     233      17      32            20.17647             3.05882             1.97949             0.23614             1.72886             0.31741          1134.45235             3.74675             2.01090       3       5
   10000       2       1       2       2       2     467       6       6      20     217      16      29            19.50000             3.12500             1.96892             0.24525             1.73280             0.30785          1169.12934             3.74668             1.94780       5       5
   10000       2       1       2       2       2     467       6       6      21     203      15      16            19.73333             3.13333             1.93149             0.23919             1.72195             0.31692          1147.30621             3.82420             1.98715       2       5
   10000       2       1       2       2       2     467       6       6      22     186      14      24            18.78571             3.07143             1.95598             0.25965             1.72501             0.32646          1236.17690             3.84828             1.90599       5       1
   10000       2       1       2       2       2     467       6       6      23     172      13      22            18.38462             3.00000             1.93375             0.26323             1.73356             0.32314          1268.13952             3.87693             1.86162       4       5
   10000       2       1       2       2       2     467       6       6      24     168      12      10            19.08333             3.08333             1.98053             0.25655             1.76270             0.32230          1220.77400             3.88266             1.77982       4       1
   10000       2       1       2       2       2     467       6       6      25     158      11      10            19.90909             3.09091             1.99593             0.24435             1.79163             0.31595          1163.75466             3.94128             1.85072       1       1
   10000       2       1       2       2       2     467       6       6      26     146      10      12            20.70000             3.10000             2.01219             0.23545             1.80716             0.32028          1124.93008             3.98532             1.93579       5       6
   10000       2       1       2       2       2     467       6       6      27     136       9      24            20.11111             3.11111             1.94571             0.23859             1.80678             0.31104          1181.83072             4.02621             1.81491       5       2
   10000       2       1       2       2       2     467       6       6      28     130       8       4            22.37500             3.37500             2.15516             0.20682             1.93243             0.35134           784.94272             3.58341             1.90101       2       3
   10000       2       1       2       2       2     467       6       6      29     108       7      23            22.42857             3.42857             2.18414             0.20937             1.94918             0.38485           775.23530             3.54521             2.03249       1       4
   10000       2       1       2       2       2     467       6       6      30      87       6      22            22.50000             3.16667             2.20725             0.21180             1.90896             0.40137           793.65124             3.54976             2.19023       6       2
