   10000       2       1       2       7      11     487       6       6       0     487      36       0            20.66667             3.16667             2.25710             0.23799             1.67006             0.35268           950.26701             3.56068             2.38376       0       0
   10000       2       1       2       7      11     487       6       6       1     463      35      34            20.11429             3.14286             2.23939             0.24236             1.66062             0.35621           968.50061             3.57177             2.34788       2       1
   10000       2       1       2       7      11     487       6       6       2     446      34      30            20.20588             3.23529             2.23539             0.23969             1.66115             0.34849           956.06645             3.54726             2.34772       3       2
   10000       2       1       2       7      11     487       6       6       3     427      33      27            20.27273             3.18182             2.24447             0.24095             1.66381             0.35242           949.19909             3.58458             2.37676       6       3
   10000       2       1       2       7      11     487       6       6       4     412      32      28            20.15625             3.25000             2.21628             0.23959             1.67087             0.34076           951.52624             3.59691             2.34270       5       2
   10000       2       1       2       7      11     487       6       6       5     395      31      27            20.03226             3.25806             2.21223             0.24053             1.68981             0.34915           954.21662             3.59112             2.35445       1       5
   10000       2       1       2       7      11     487       6       6       6     379      30      26            20.03333             3.20000             2.20851             0.24182             1.68403             0.34559           957.03102             3.60185             2.34764       6       5
   10000       2       1       2       7      11     487       6       6       7     364      29      27            19.72414             3.13793             2.23046             0.24761             1.68635             0.34906           969.68362             3.61725             2.30751       4       2
   10000       2       1       2       7      11     487       6       6       8     354      28      24            19.57143             3.07143             2.23666             0.25202             1.67918             0.34512           986.52585             3.59585             2.24480       2       6
   10000       2       1       2       7      11     487       6       6       9     337      27      26            19.74074             3.00000             2.28133             0.25454             1.66357             0.35196           977.55052             3.59824             2.26813       3       5
   10000       2       1       2       7      11     487       6       6      10     323      26      24            19.30769             3.03846             2.26329             0.25879             1.65308             0.35069          1006.97951             3.60064             2.19421       4       3
   10000       2       1       2       7      11     487       6       6      11     313      25      26            19.00000             3.04000             2.23215             0.26098             1.66490             0.34999          1030.14523             3.60463             2.09235       5       4
   10000       2       1       2       7      11     487       6       6      12     304      24      25            18.75000             3.04167             2.23539             0.26699             1.66085             0.34840          1054.34994             3.64569             2.00803       4       5
   10000       2       1       2       7      11     487       6       6      13     295      23      23            18.82609             2.95652             2.24012             0.26739             1.65337             0.34750          1039.37656             3.67678             1.94429       2       4
   10000       2       1       2       7      11     487       6       6      14     286      22      25            18.40909             2.95455             2.26189             0.27482             1.66717             0.35636          1058.62999             3.68038             1.83863       1       3
   10000       2       1       2       7      11     487       6       6      15     271      21      23            18.00000             3.00000             2.26712             0.28133             1.68041             0.35727          1074.92050             3.71261             1.79228       3       6
   10000       2       1       2       7      11     487       6       6      16     261      20      21            17.90000             3.05000             2.26610             0.28340             1.67797             0.35263          1081.38289             3.73639             1.71362       5       1
   10000       2       1       2       7      11     487       6       6      17     254      19      20            17.68421             3.05263             2.27462             0.28810             1.68360             0.35274          1095.19545             3.77201             1.65709       6       2
   10000       2       1       2       7      11     487       6       6      18     242      18      19            17.33333             2.94444             2.25643             0.29249             1.66922             0.35034          1127.32566             3.77920             1.56816       2       2
   10000       2       1       2       7      11     487       6       6      19     232      17      18            17.17647             2.88235             2.25318             0.29630             1.65498             0.35713          1157.70715             3.77242             1.52777       3       1
   10000       2       1       2       7      11     487       6       6      20     217      16      18            17.25000             2.93750             2.25735             0.29836             1.65789             0.34754          1153.06564             3.79936             1.52214       4       4
   10000       2       1       2       7      11     487       6       6      21     202      15      17            16.93333             2.86667             2.19361             0.29644             1.64614             0.34514          1178.41294             3.79585             1.47288       4       6
   10000       2       1       2       7      11     487       6       6      22     187      14      17            16.92857             2.85714             2.21738             0.30116             1.64765             0.35194          1192.29545             3.79170             1.47898       1       4
   10000       2       1       2       7      11     487       6       6      23     174      13      16            17.00000             2.84615             2.18602             0.29740             1.64106             0.36876          1187.13857             3.80042             1.48613       2       5
   10000       2       1       2       7      11     487       6       6      24     163      12      16            16.75000             2.83333             2.18261             0.30242             1.66340             0.36527          1189.91167             3.79925             1.41699       2       3
   10000       2       1       2       7      11     487       6       6      25     146      11      16            16.63636             2.90909             2.15680             0.30287             1.69532             0.37771          1220.17167             3.74042             1.45225       1       6
   10000       2       1       2       7      11     487       6       6      26     131      10      15            16.80000             2.90000             2.18441             0.30612             1.69342             0.39405          1220.35548             3.77721             1.49747       6       1
   10000       2       1       2       7      11     487       6       6      27     116       9      14            17.00000             2.88889             2.18104             0.30461             1.68909             0.39728          1203.10406             3.79359             1.55601       4       1
   10000       2       1       2       7      11     487       6       6      28     103       8      14            17.37500             2.87500             2.23740             0.30917             1.68868             0.39886          1188.92362             3.86992             1.60454       5       3
   10000       2       1       2       7      11     487       6       6      29      91       7      12            18.14286             2.85714             2.21179             0.29056             1.70915             0.40389          1069.06536             4.05623             1.69090       6       4
   10000       2       1       2       7      11     487       6       6      30      87       6       7            19.83333             3.00000             2.34202             0.25663             1.71875             0.39649           852.86441             3.90844             1.57909       6       6
