   10000       2       1       2       3       8     523       6       6       0     523      36       0            22.19444             3.02778             2.32437             0.22473             1.62973             0.34372           814.90618             3.76329             2.41033       0       0
   10000       2       1       2       3       8     523       6       6       1     513      35      22            22.37143             3.05714             2.32352             0.22373             1.61179             0.33458           811.56280             3.77172             2.39409       2       4
   10000       2       1       2       3       8     523       6       6       2     499      34      30            22.11765             2.97059             2.31802             0.22515             1.59076             0.34652           816.46167             3.77797             2.31500       5       1
   10000       2       1       2       3       8     523       6       6       3     481      33      23            22.30303             2.93939             2.31029             0.22276             1.58835             0.34969           811.70842             3.76663             2.34321       6       3
   10000       2       1       2       3       8     523       6       6       4     467      32      22            22.40625             2.90625             2.31505             0.22162             1.58821             0.35225           806.86949             3.73827             2.32446       4       4
   10000       2       1       2       3       8     523       6       6       5     448      31      21            22.19355             2.93548             2.31424             0.22382             1.58782             0.34928           814.14553             3.74810             2.31707       6       4
   10000       2       1       2       3       8     523       6       6       6     441      30      18            22.26667             2.96667             2.32673             0.22538             1.58773             0.34541           814.02273             3.74182             2.24642       2       6
   10000       2       1       2       3       8     523       6       6       7     430      29      23            22.24138             3.00000             2.33786             0.22787             1.59588             0.34210           824.95503             3.70225             2.19006       5       2
   10000       2       1       2       3       8     523       6       6       8     419      28      17            22.25000             3.03571             2.30425             0.22251             1.60079             0.33280           826.75444             3.69346             2.13813       3       6
   10000       2       1       2       3       8     523       6       6       9     405      27      19            22.59259             3.00000             2.32921             0.22062             1.60521             0.33564           811.85447             3.69512             2.16745       6       5
   10000       2       1       2       3       8     523       6       6      10     393      26      21            22.76923             3.00000             2.33308             0.21939             1.60713             0.33198           803.22154             3.70838             2.11628       2       2
   10000       2       1       2       3       8     523       6       6      11     376      25      28            22.80000             2.92000             2.37132             0.22212             1.61630             0.34176           794.13446             3.69047             2.09810       4       3
   10000       2       1       2       3       8     523       6       6      12     357      24      26            22.45833             2.91667             2.31882             0.22058             1.60202             0.33145           806.69813             3.71662             2.05792       2       1
   10000       2       1       2       3       8     523       6       6      13     344      23      21            22.43478             2.95652             2.36019             0.22638             1.60549             0.33251           818.90585             3.70713             2.02448       4       1
   10000       2       1       2       3       8     523       6       6      14     327      22      22            22.18182             2.90909             2.33580             0.22745             1.60472             0.33677           830.19635             3.73644             2.02066       6       6
   10000       2       1       2       3       8     523       6       6      15     312      21      23            22.23810             2.95238             2.34451             0.22851             1.61296             0.34313           832.68956             3.70113             1.96748       3       5
   10000       2       1       2       3       8     523       6       6      16     298      20      17            22.25000             2.95000             2.33535             0.22761             1.60900             0.34168           844.21539             3.68169             1.94736       4       2
   10000       2       1       2       3       8     523       6       6      17     289      19      20            22.31579             2.94737             2.34392             0.23028             1.60820             0.34584           855.08444             3.64177             1.86226       4       6
   10000       2       1       2       3       8     523       6       6      18     278      18      17            22.55556             3.00000             2.32646             0.22450             1.63909             0.33813           859.36321             3.55687             1.85641       4       5
   10000       2       1       2       3       8     523       6       6      19     263      17      30            22.17647             3.00000             2.27717             0.22285             1.65048             0.33899           865.15635             3.58431             1.79628       5       4
   10000       2       1       2       3       8     523       6       6      20     247      16      24            22.06250             2.93750             2.28928             0.22596             1.63871             0.33938           866.80799             3.60656             1.76252       2       3
   10000       2       1       2       3       8     523       6       6      21     235      15      13            22.33333             3.06667             2.32152             0.22602             1.66930             0.32927           860.19427             3.62805             1.74403       3       1
   10000       2       1       2       3       8     523       6       6      22     226      14      20            22.00000             3.14286             2.28686             0.22703             1.70371             0.33798           887.21639             3.68355             1.62992       3       3
   10000       2       1       2       3       8     523       6       6      23     207      13      24            21.53846             3.07692             2.26068             0.22761             1.69878             0.32767           898.64781             3.69204             1.62548       2       5
   10000       2       1       2       3       8     523       6       6      24     197      12      18            21.50000             3.16667             2.25369             0.22876             1.71453             0.33193           906.93399             3.70697             1.56615       6       2
   10000       2       1       2       3       8     523       6       6      25     181      11      23            20.81818             3.18182             2.23167             0.23771             1.72188             0.31874           937.73062             3.68524             1.50170       5       5
   10000       2       1       2       3       8     523       6       6      26     165      10      16            21.30000             3.20000             2.22508             0.23101             1.73240             0.31728           920.12822             3.68127             1.55187       6       1
   10000       2       1       2       3       8     523       6       6      27     153       9      12            22.33333             3.11111             2.28712             0.22300             1.69257             0.32223           851.99096             3.64522             1.61318       3       2
   10000       2       1       2       3       8     523       6       6      28     133       8      20            22.62500             3.00000             2.29801             0.22193             1.66072             0.32962           852.75200             3.67412             1.68983       5       3
   10000       2       1       2       3       8     523       6       6      29     110       7      23            22.57143             3.00000             2.29711             0.22371             1.67069             0.34424           843.31025             3.68241             1.78838       3       4
   10000       2       1       2       3       8     523       6       6      30      96       6      14            24.00000             3.00000             2.33472             0.20788             1.64144             0.35033           796.11186             3.57764             1.91978       5       6
