   10000       2       1       2       8       9     465       6       6       0     465      36       0            20.86111             3.02778             2.26933             0.23432             1.65535             0.34821           866.06190             3.76657             2.53990       0       0
   10000       2       1       2       8       9     465       6       6       1     447      35      31            20.40000             3.05714             2.24727             0.23711             1.65943             0.34085           883.05402             3.74570             2.47154       5       1
   10000       2       1       2       8       9     465       6       6       2     436      34      17            20.82353             3.05882             2.23983             0.23184             1.66406             0.34025           862.29463             3.74942             2.49508       3       4
   10000       2       1       2       8       9     465       6       6       3     428      33      19            21.00000             3.03030             2.24711             0.23140             1.66575             0.34224           856.92025             3.74334             2.46113       1       2
   10000       2       1       2       8       9     465       6       6       4     411      32      27            20.87500             3.03125             2.27607             0.23624             1.67321             0.34657           864.80259             3.74031             2.44173       5       5
   10000       2       1       2       8       9     465       6       6       5     396      31      27            20.61290             3.06452             2.24788             0.23570             1.69257             0.34291           874.79000             3.73382             2.38443       3       6
   10000       2       1       2       8       9     465       6       6       6     384      30      22            20.53333             3.00000             2.23864             0.23588             1.68469             0.34925           875.82945             3.72391             2.33985       3       1
   10000       2       1       2       8       9     465       6       6       7     374      29      22            20.37931             3.03448             2.23460             0.23920             1.66545             0.34984           886.90879             3.73208             2.30926       2       1
   10000       2       1       2       8       9     465       6       6       8     364      28      20            20.46429             3.07143             2.19964             0.23381             1.66908             0.34632           874.34752             3.75755             2.27478       6       5
   10000       2       1       2       8       9     465       6       6       9     350      27      20            20.25926             3.00000             2.21041             0.23791             1.65055             0.34048           890.43670             3.77013             2.25211       3       5
   10000       2       1       2       8       9     465       6       6      10     338      26      22            20.00000             3.07692             2.19875             0.24015             1.64862             0.32639           908.24379             3.76844             2.18253       5       2
   10000       2       1       2       8       9     465       6       6      11     324      25      25            20.08000             3.08000             2.20264             0.24045             1.64583             0.33581           909.66300             3.73019             2.13646       4       3
   10000       2       1       2       8       9     465       6       6      12     311      24      20            20.04167             3.04167             2.21451             0.24338             1.62774             0.34256           923.97971             3.69609             2.13524       6       1
   10000       2       1       2       8       9     465       6       6      13     298      23      22            20.08696             3.13043             2.22722             0.24301             1.62992             0.33255           912.64295             3.70946             2.07991       2       5
   10000       2       1       2       8       9     465       6       6      14     279      22      28            19.40909             3.18182             2.20422             0.25226             1.64423             0.33404           966.39505             3.67061             2.02204       4       6
   10000       2       1       2       8       9     465       6       6      15     271      21      25            19.14286             3.19048             2.18234             0.25438             1.64338             0.33906           986.47233             3.68753             1.92824       6       3
   10000       2       1       2       8       9     465       6       6      16     260      20      13            19.20000             3.15000             2.18122             0.25662             1.63302             0.33517          1032.26953             3.69875             1.91992       4       1
   10000       2       1       2       8       9     465       6       6      17     250      19      26            18.47368             3.10526             2.16730             0.26388             1.62578             0.33642          1074.26241             3.70184             1.78710       5       4
   10000       2       1       2       8       9     465       6       6      18     233      18      23            17.88889             3.11111             2.15417             0.26893             1.60738             0.34120          1086.24567             3.74774             1.73757       1       3
   10000       2       1       2       8       9     465       6       6      19     216      17      27            17.58824             3.05882             2.16381             0.27627             1.61398             0.34569          1103.08161             3.78131             1.69267       1       4
   10000       2       1       2       8       9     465       6       6      20     212      16      20            17.12500             3.18750             2.13794             0.28234             1.65180             0.32738          1136.76738             3.80979             1.57216       1       6
   10000       2       1       2       8       9     465       6       6      21     199      15      13            17.40000             3.20000             2.11162             0.27362             1.66747             0.33809          1122.35964             3.78611             1.61030       1       5
   10000       2       1       2       8       9     465       6       6      22     194      14      13            17.64286             3.21429             2.13594             0.27340             1.67348             0.33010          1092.07988             3.79954             1.55815       5       6
   10000       2       1       2       8       9     465       6       6      23     174      13      21            17.38462             3.15385             2.11343             0.27575             1.65990             0.33626          1103.74422             3.82823             1.59319       2       6
   10000       2       1       2       8       9     465       6       6      24     165      12      15            17.50000             3.16667             2.13723             0.27494             1.67513             0.33111          1078.93681             3.79874             1.49536       2       2
   10000       2       1       2       8       9     465       6       6      25     147      11      27            16.36364             3.00000             2.05791             0.27913             1.67285             0.35258          1088.40208             3.83055             1.45547       2       3
   10000       2       1       2       8       9     465       6       6      26     137      10      21            15.80000             3.10000             2.03357             0.28336             1.69528             0.34099          1098.91962             3.86681             1.30476       3       3
   10000       2       1       2       8       9     465       6       6      27     121       9      22            14.77778             3.11111             1.96688             0.29529             1.70679             0.34311          1185.26557             3.92996             1.20435       4       4
   10000       2       1       2       8       9     465       6       6      28     117       8      11            15.12500             3.37500             2.02173             0.29651             1.77691             0.35474          1166.31626             3.92930             1.06739       4       2
   10000       2       1       2       8       9     465       6       6      29     104       7      15            15.14286             3.28571             2.03435             0.29941             1.76545             0.35440          1157.31240             3.97331             1.03721       6       2
   10000       2       1       2       8       9     465       6       6      30      88       6      18            14.66667             3.16667             1.99378             0.30465             1.68714             0.33504          1209.61922             4.00586             1.00000       6       4
