   10000       2       2       2       2       1     509       6       6       0     509      36       0            22.55556             2.97222             2.25679             0.22020             1.60747             0.37073           901.40119             3.36120             2.56709       0       0
   10000       2       2       2       2       1     509       6       6       1     490      35      25            23.05714             3.02857             2.28822             0.21819             1.62523             0.36149           866.90009             3.38809             2.63567       2       4
   10000       2       2       2       2       1     509       6       6       2     472      34      26            23.44118             3.08824             2.30938             0.21708             1.64236             0.37147           856.51388             3.38848             2.69274       6       4
   10000       2       2       2       2       1     509       6       6       3     453      33      31            23.75758             3.18182             2.31816             0.21164             1.68142             0.38076           828.62648             3.38376             2.70572       4       5
   10000       2       2       2       2       1     509       6       6       4     441      32      24            23.56250             3.12500             2.32189             0.21372             1.67284             0.37626           838.11799             3.38738             2.68338       5       6
   10000       2       2       2       2       1     509       6       6       5     421      31      18            23.41935             3.16129             2.31635             0.21352             1.69272             0.38017           833.91800             3.40817             2.69447       6       1
   10000       2       2       2       2       1     509       6       6       6     413      30      18            23.86667             3.23333             2.35346             0.21278             1.72122             0.37095           820.94989             3.39136             2.71746       1       2
   10000       2       2       2       2       1     509       6       6       7     395      29      28            24.41379             3.24138             2.34242             0.20535             1.71960             0.38892           794.65837             3.37971             2.72528       5       3
   10000       2       2       2       2       1     509       6       6       8     374      28      24            24.21429             3.25000             2.32226             0.20593             1.72701             0.40036           803.93366             3.39361             2.75935       1       3
   10000       2       2       2       2       1     509       6       6       9     365      27      17            24.44444             3.22222             2.35514             0.20569             1.72027             0.41457           784.23676             3.41301             2.75634       1       6
   10000       2       2       2       2       1     509       6       6      10     361      26      24            24.76923             3.23077             2.35185             0.20273             1.72814             0.40991           773.50010             3.42468             2.69467       5       5
   10000       2       2       2       2       1     509       6       6      11     351      25      30            25.16000             3.24000             2.34447             0.19949             1.72939             0.40612           759.50863             3.44184             2.68123       3       5
   10000       2       2       2       2       1     509       6       6      12     333      24      34            24.79167             3.25000             2.34851             0.20256             1.73138             0.40880           765.99395             3.46036             2.63599       2       6
   10000       2       2       2       2       1     509       6       6      13     307      23      34            23.95652             3.30435             2.34553             0.21043             1.74389             0.42062           775.40943             3.51453             2.60332       5       1
   10000       2       2       2       2       1     509       6       6      14     296      22      23            23.95455             3.31818             2.31674             0.20778             1.75156             0.41022           775.28807             3.54199             2.55525       2       5
   10000       2       2       2       2       1     509       6       6      15     287      21      30            24.00000             3.33333             2.27181             0.20374             1.75434             0.39806           771.79447             3.55885             2.46463       2       3
   10000       2       2       2       2       1     509       6       6      16     275      20      25            24.05000             3.35000             2.29851             0.20611             1.79209             0.41597           772.18404             3.55750             2.44875       6       2
   10000       2       2       2       2       1     509       6       6      17     269      19      20            24.36842             3.42105             2.29477             0.20250             1.79871             0.41711           755.26365             3.57834             2.43876       4       6
   10000       2       2       2       2       1     509       6       6      18     261      18      24            24.22222             3.50000             2.29177             0.20353             1.81734             0.42307           750.97908             3.62543             2.40915       1       4
   10000       2       2       2       2       1     509       6       6      19     249      17      28            24.52941             3.41176             2.30592             0.20186             1.84330             0.43743           739.20565             3.61209             2.37554       2       1
   10000       2       2       2       2       1     509       6       6      20     240      16      17            25.06250             3.43750             2.31937             0.19776             1.84132             0.44429           744.10280             3.55367             2.34060       1       1
   10000       2       2       2       2       1     509       6       6      21     225      15      24            25.06667             3.40000             2.31107             0.19739             1.81624             0.44084           746.26910             3.57454             2.34111       3       6
   10000       2       2       2       2       1     509       6       6      22     209      14      24            24.78571             3.42857             2.30333             0.20068             1.81129             0.43697           764.26858             3.59260             2.34620       4       1
   10000       2       2       2       2       1     509       6       6      23     193      13      25            24.76923             3.38462             2.26966             0.19835             1.79483             0.43533           747.15493             3.63244             2.36271       1       5
   10000       2       2       2       2       1     509       6       6      24     174      12      28            23.83333             3.41667             2.24602             0.20561             1.79583             0.42550           777.16980             3.66835             2.36281       6       6
   10000       2       2       2       2       1     509       6       6      25     158      11      31            23.63636             3.36364             2.26985             0.20888             1.75089             0.41341           778.22389             3.71224             2.36989       5       4
   10000       2       2       2       2       1     509       6       6      26     139      10      29            23.00000             3.40000             2.16282             0.20600             1.80738             0.39092           806.54605             3.68169             2.32947       6       3
   10000       2       2       2       2       1     509       6       6      27     130       9      16            23.77778             3.22222             2.20101             0.20052             1.80848             0.41943           779.55136             3.60849             2.28669       3       1
   10000       2       2       2       2       1     509       6       6      28     122       8      15            24.25000             3.25000             2.23508             0.19455             1.85977             0.41573           786.00001             3.53134             2.20261       5       2
   10000       2       2       2       2       1     509       6       6      29     109       7      24            23.71429             3.14286             2.19776             0.19973             1.82703             0.42533           803.56770             3.50149             2.16283       2       2
   10000       2       2       2       2       1     509       6       6      30      95       6      18            24.33333             3.16667             2.24515             0.19905             1.82500             0.42712           800.47249             3.52048             2.16895       6       5
