   10000       2       1       2       9       3     525       6       6       0     525      36       0            21.69444             2.91667             2.24134             0.22026             1.60306             0.30909           825.34604             4.00950             2.38234       0       0
   10000       2       1       2       9       3     525       6       6       1     514      35      24            21.71429             2.94286             2.24873             0.22062             1.62087             0.30896           830.14233             3.96978             2.32720       3       5
   10000       2       1       2       9       3     525       6       6       2     497      34      24            21.79412             2.97059             2.26358             0.22412             1.61558             0.31422           850.89690             3.95052             2.32629       5       6
   10000       2       1       2       9       3     525       6       6       3     483      33      21            21.84848             2.93939             2.25445             0.22265             1.61074             0.31055           851.24255             3.94671             2.30033       1       4
   10000       2       1       2       9       3     525       6       6       4     469      32      17            22.18750             2.90625             2.24942             0.21906             1.61515             0.31269           839.52873             3.96874             2.32160       3       1
   10000       2       1       2       9       3     525       6       6       5     455      31      23            22.32258             2.96774             2.23322             0.21649             1.62101             0.30971           838.93808             3.96486             2.29826       2       6
   10000       2       1       2       9       3     525       6       6       6     437      30      26            21.96667             3.03333             2.23753             0.22124             1.64109             0.30466           856.01868             4.00496             2.22897       5       1
   10000       2       1       2       9       3     525       6       6       7     421      29      27            21.68966             3.03448             2.23237             0.22431             1.64813             0.31159           869.22776             4.01693             2.21154       1       5
   10000       2       1       2       9       3     525       6       6       8     408      28      23            21.46429             2.92857             2.25614             0.22867             1.63957             0.31836           876.02396             4.01643             2.14658       3       4
   10000       2       1       2       9       3     525       6       6       9     389      27      23            21.62963             2.88889             2.27301             0.22870             1.62637             0.32363           868.46306             4.02682             2.15901       2       1
   10000       2       1       2       9       3     525       6       6      10     380      26      27            21.65385             2.96154             2.26546             0.22834             1.62993             0.32144           864.91668             4.02996             2.12266       4       2
   10000       2       1       2       9       3     525       6       6      11     366      25      23            21.52000             2.96000             2.25543             0.22975             1.62864             0.32599           882.54359             4.00622             2.10330       2       4
   10000       2       1       2       9       3     525       6       6      12     348      24      28            21.04167             2.91667             2.23218             0.23744             1.61847             0.31902           958.01603             4.03232             2.00890       6       5
   10000       2       1       2       9       3     525       6       6      13     331      23      18            21.17391             2.86957             2.23286             0.23641             1.62139             0.32321           965.25940             4.02695             2.04198       4       1
   10000       2       1       2       9       3     525       6       6      14     320      22      24            21.00000             2.81818             2.20735             0.23623             1.61521             0.31327           966.50652             4.07308             2.01124       4       6
   10000       2       1       2       9       3     525       6       6      15     302      21      20            21.09524             2.85714             2.21555             0.23667             1.62657             0.31507           967.11574             4.03903             2.05283       3       6
   10000       2       1       2       9       3     525       6       6      16     288      20      23            21.15000             2.80000             2.22593             0.23756             1.62193             0.30940           969.79278             4.03773             2.00511       6       3
   10000       2       1       2       9       3     525       6       6      17     276      19      15            21.47368             2.73684             2.24382             0.23604             1.60774             0.31065           970.73933             3.97367             2.03920       2       5
   10000       2       1       2       9       3     525       6       6      18     264      18      18            21.55556             2.61111             2.25630             0.23745             1.59988             0.32478           976.65603             4.00030             1.94988       4       3
   10000       2       1       2       9       3     525       6       6      19     249      17      29            21.00000             2.64706             2.22938             0.24021             1.60285             0.32479          1002.57568             4.01826             1.83771       5       4
   10000       2       1       2       9       3     525       6       6      20     228      16      23            20.81250             2.62500             2.23433             0.24385             1.59226             0.32599          1029.36786             4.01122             1.87742       6       4
   10000       2       1       2       9       3     525       6       6      21     211      15      23            20.33333             2.53333             2.19009             0.24767             1.54861             0.31544          1068.03485             4.04384             1.85723       5       3
   10000       2       1       2       9       3     525       6       6      22     199      14      22            19.57143             2.64286             2.15531             0.25910             1.57384             0.30680          1160.12168             4.03796             1.72378       4       5
   10000       2       1       2       9       3     525       6       6      23     183      13      24            19.23077             2.61538             2.13704             0.26332             1.59059             0.30769          1179.85472             4.10858             1.65689       1       3
   10000       2       1       2       9       3     525       6       6      24     168      12      26            18.41667             2.58333             2.10388             0.27198             1.57530             0.30564          1249.00795             4.13088             1.57450       6       2
   10000       2       1       2       9       3     525       6       6      25     153      11      14            18.72727             2.54545             2.12226             0.27051             1.56808             0.31393          1240.02423             4.15848             1.63068       5       2
   10000       2       1       2       9       3     525       6       6      26     141      10      19            18.40000             2.60000             2.08711             0.27395             1.55706             0.33383          1313.17988             4.08614             1.49011       3       2
   10000       2       1       2       9       3     525       6       6      27     124       9      17            18.55556             2.66667             2.06674             0.27251             1.58423             0.33621          1341.29991             4.11127             1.54457       6       1
   10000       2       1       2       9       3     525       6       6      28     117       8      22            17.25000             2.75000             2.02867             0.28732             1.63698             0.34284          1465.32732             4.18094             1.27871       1       2
   10000       2       1       2       9       3     525       6       6      29     104       7      26            15.42857             2.71429             1.98599             0.30762             1.60227             0.32438          1613.19953             4.20875             1.07041       2       3
   10000       2       1       2       9       3     525       6       6      30      85       6      19            14.83333             2.83333             1.87839             0.31015             1.63783             0.33214          1725.19904             4.17931             1.08214       1       6
