   10000       2       1       2       7       2     546       6       6       0     546      36       0            21.88889             3.11111             2.26232             0.22006             1.62450             0.32094           843.01106             3.63284             2.18994       0       0
   10000       2       1       2       7       2     546       6       6       1     532      35      20            22.00000             3.14286             2.29081             0.22230             1.63927             0.32635           837.45138             3.64604             2.18421       6       2
   10000       2       1       2       7       2     546       6       6       2     516      34      22            22.08824             3.14706             2.29436             0.22179             1.62815             0.32903           838.16828             3.64038             2.17048       4       1
   10000       2       1       2       7       2     546       6       6       3     505      33      20            22.09091             3.18182             2.30008             0.22264             1.63312             0.33144           839.14040             3.64928             2.13491       1       5
   10000       2       1       2       7       2     546       6       6       4     490      32      25            22.46875             3.12500             2.26990             0.21553             1.63276             0.33154           824.54445             3.63772             2.18924       4       3
   10000       2       1       2       7       2     546       6       6       5     481      31      22            22.61290             3.09677             2.30486             0.21769             1.64313             0.33115           820.26337             3.65219             2.13777       2       3
   10000       2       1       2       7       2     546       6       6       6     470      30      18            22.70000             3.13333             2.33480             0.21882             1.64004             0.33491           817.64893             3.63805             2.10781       4       2
   10000       2       1       2       7       2     546       6       6       7     463      29      18            23.06897             3.10345             2.29752             0.21157             1.63915             0.33021           804.57823             3.61915             2.08043       6       4
   10000       2       1       2       7       2     546       6       6       8     447      28      23            23.17857             3.07143             2.33145             0.21387             1.63774             0.34014           801.76960             3.65231             2.08682       1       4
   10000       2       1       2       7       2     546       6       6       9     434      27      16            23.70370             3.03704             2.37643             0.21232             1.63745             0.33616           778.49806             3.64950             2.09385       4       4
   10000       2       1       2       7       2     546       6       6      10     411      26      23            24.07692             2.96154             2.41779             0.21374             1.61301             0.34214           761.56880             3.66825             2.15859       2       4
   10000       2       1       2       7       2     546       6       6      11     395      25      33            23.68000             3.04000             2.39429             0.21603             1.62676             0.33537           773.39908             3.67893             2.11577       2       6
   10000       2       1       2       7       2     546       6       6      12     381      24      22            23.62500             3.00000             2.41057             0.21880             1.61960             0.33611           780.97941             3.70380             2.05137       2       1
   10000       2       1       2       7       2     546       6       6      13     363      23      21            23.60870             3.00000             2.35300             0.21287             1.61931             0.32702           776.89581             3.71714             2.08784       2       5
   10000       2       1       2       7       2     546       6       6      14     346      22      31            23.04545             3.04545             2.33431             0.21669             1.61335             0.31760           794.60196             3.77209             2.02177       3       2
   10000       2       1       2       7       2     546       6       6      15     328      21      25            22.85714             3.09524             2.31772             0.21640             1.62891             0.32936           798.01315             3.77421             2.00094       5       2
   10000       2       1       2       7       2     546       6       6      16     304      20      23            22.80000             3.05000             2.32755             0.21822             1.61774             0.33268           801.72231             3.80031             2.05105       1       6
   10000       2       1       2       7       2     546       6       6      17     291      19      21            22.89474             3.10526             2.29282             0.21378             1.62968             0.32160           791.47811             3.83259             1.97844       4       5
   10000       2       1       2       7       2     546       6       6      18     276      18      23            22.83333             3.05556             2.31418             0.21731             1.62921             0.33127           808.66210             3.83076             1.92740       3       5
   10000       2       1       2       7       2     546       6       6      19     260      17      26            22.47059             3.05882             2.30441             0.21981             1.64602             0.34210           842.14143             3.73642             1.86020       6       5
   10000       2       1       2       7       2     546       6       6      20     246      16      21            22.25000             3.18750             2.34860             0.22815             1.66802             0.33331           847.10247             3.71473             1.80685       6       6
   10000       2       1       2       7       2     546       6       6      21     231      15      27            21.86667             3.20000             2.33742             0.22993             1.66599             0.31348           854.70122             3.74134             1.75081       5       3
   10000       2       1       2       7       2     546       6       6      22     214      14      17            22.21429             3.28571             2.34606             0.22668             1.68082             0.30760           843.48171             3.74897             1.80444       3       1
   10000       2       1       2       7       2     546       6       6      23     194      13      24            21.38462             3.23077             2.28237             0.23147             1.68381             0.30861           888.21036             3.86069             1.78544       5       4
   10000       2       1       2       7       2     546       6       6      24     171      12      23            21.25000             3.33333             2.26059             0.23162             1.69407             0.30466           886.41433             3.91275             1.85089       6       3
   10000       2       1       2       7       2     546       6       6      25     154      11      25            20.45455             3.18182             2.21516             0.24208             1.66816             0.28823           956.03766             3.95595             1.80948       5       1
   10000       2       1       2       7       2     546       6       6      26     141      10      13            21.20000             3.30000             2.21360             0.22911             1.70997             0.30872           868.01793             4.02773             1.89043       6       1
   10000       2       1       2       7       2     546       6       6      27     131       9      17            21.55556             3.22222             2.23944             0.22739             1.73567             0.31915           846.24796             3.94506             1.82689       2       2
   10000       2       1       2       7       2     546       6       6      28     121       8      21            21.25000             3.25000             2.17745             0.22627             1.72812             0.27887           882.10500             3.91952             1.64796       4       6
   10000       2       1       2       7       2     546       6       6      29     105       7      16            22.00000             3.28571             2.19486             0.22023             1.72126             0.29073           838.48447             3.99465             1.74052       3       6
   10000       2       1       2       7       2     546       6       6      30      89       6      22            21.16667             3.33333             2.20329             0.22841             1.71230             0.30497           825.18091             4.03845             1.66605       1       3
