   10000       2       2       2       1       5     535       6       6       0     535      36       0            22.11111             3.11111             2.31878             0.22761             1.62375             0.35631           910.11748             3.38373             2.28553       0       0
   10000       2       2       2       1       5     535       6       6       1     517      35      29            22.02857             3.08571             2.36281             0.23250             1.62245             0.36533           911.35471             3.39176             2.29573       5       6
   10000       2       2       2       1       5     535       6       6       2     504      34      25            22.47059             3.05882             2.36758             0.22988             1.62688             0.36989           896.46440             3.38662             2.34718       5       3
   10000       2       2       2       1       5     535       6       6       3     479      33      26            22.96970             3.15152             2.36166             0.22535             1.66656             0.37387           868.54497             3.41469             2.45562       3       2
   10000       2       2       2       1       5     535       6       6       4     465      32      29            23.25000             3.12500             2.35693             0.22237             1.69173             0.38062           863.08242             3.41335             2.46509       6       2
   10000       2       2       2       1       5     535       6       6       5     440      31      27            23.41935             3.22581             2.36897             0.21977             1.71394             0.37857           841.75144             3.39412             2.54771       2       6
   10000       2       2       2       1       5     535       6       6       6     426      30      26            23.60000             3.23333             2.36657             0.21847             1.73062             0.38843           834.71998             3.40034             2.55829       6       5
   10000       2       2       2       1       5     535       6       6       7     416      29      28            23.24138             3.27586             2.33674             0.21984             1.73358             0.38022           845.47456             3.40160             2.49466       6       3
   10000       2       2       2       1       5     535       6       6       8     401      28      24            23.92857             3.25000             2.36147             0.21627             1.74541             0.38899           816.68555             3.42000             2.55380       2       5
   10000       2       2       2       1       5     535       6       6       9     382      27      25            23.96296             3.22222             2.33679             0.21312             1.74687             0.38969           810.07286             3.43363             2.56908       3       3
   10000       2       2       2       1       5     535       6       6      10     374      26      16            24.23077             3.23077             2.37275             0.21247             1.75443             0.39170           805.76943             3.40633             2.54142       1       6
   10000       2       2       2       1       5     535       6       6      11     359      25      30            25.36000             3.24000             2.41627             0.20773             1.75379             0.40211           781.47190             3.40268             2.65311       4       5
   10000       2       2       2       1       5     535       6       6      12     351      24      19            25.58333             3.25000             2.41827             0.20401             1.78109             0.39522           750.26326             3.40496             2.60817       1       5
   10000       2       2       2       1       5     535       6       6      13     339      23      31            25.21739             3.21739             2.39346             0.20444             1.80478             0.39611           763.95557             3.43008             2.57562       3       6
   10000       2       2       2       1       5     535       6       6      14     330      22      23            25.27273             3.18182             2.41032             0.20654             1.78103             0.38885           757.79895             3.45354             2.53367       3       1
   10000       2       2       2       1       5     535       6       6      15     322      21      21            25.52381             3.19048             2.41458             0.20467             1.77476             0.38602           765.22126             3.42741             2.50526       6       1
   10000       2       2       2       1       5     535       6       6      16     303      20      30            25.00000             3.30000             2.37104             0.20568             1.79825             0.38853           779.56050             3.45219             2.42558       5       4
   10000       2       2       2       1       5     535       6       6      17     289      19      25            24.89474             3.31579             2.35404             0.20585             1.79752             0.38516           793.08262             3.41485             2.40440       4       6
   10000       2       2       2       1       5     535       6       6      18     277      18      21            25.22222             3.16667             2.41838             0.20817             1.76807             0.40057           778.31366             3.43946             2.40731       1       4
   10000       2       2       2       1       5     535       6       6      19     257      17      24            24.47059             3.29412             2.33938             0.21321             1.79311             0.40887           831.51998             3.48882             2.36130       5       1
   10000       2       2       2       1       5     535       6       6      20     243      16      32            23.81250             3.18750             2.31187             0.21550             1.80034             0.39881           853.58922             3.51757             2.25883       4       4
   10000       2       2       2       1       5     535       6       6      21     230      15      40            23.26667             3.33333             2.32498             0.21952             1.84431             0.40669           869.85235             3.50756             2.21362       4       2
   10000       2       2       2       1       5     535       6       6      22     211      14      23            22.92857             3.21429             2.32371             0.22072             1.81790             0.40341           863.48736             3.51441             2.09317       2       4
   10000       2       2       2       1       5     535       6       6      23     195      13      19            23.07692             3.15385             2.34488             0.22132             1.78219             0.41253           854.73960             3.53805             2.12193       6       6
   10000       2       2       2       1       5     535       6       6      24     187      12      23            23.00000             3.25000             2.30119             0.21904             1.79430             0.40982           868.18949             3.52901             2.01967       4       1
   10000       2       2       2       1       5     535       6       6      25     176      11      30            22.54545             3.27273             2.26586             0.21973             1.83898             0.40724           879.87697             3.56034             1.96291       3       4
   10000       2       2       2       1       5     535       6       6      26     157      10      33            21.50000             3.20000             2.24409             0.22620             1.80378             0.41710           916.93220             3.53658             1.88698       4       3
   10000       2       2       2       1       5     535       6       6      27     140       9      24            21.22222             3.22222             2.20705             0.22650             1.84048             0.38100           945.37603             3.50173             1.89311       5       5
   10000       2       2       2       1       5     535       6       6      28     124       8      19            21.50000             3.25000             2.21382             0.22497             1.82054             0.38973           931.03476             3.48856             1.96717       6       4
   10000       2       2       2       1       5     535       6       6      29     100       7      29            20.42857             3.28571             2.20684             0.23422             1.83176             0.37024           946.98881             3.40872             2.01028       3       5
   10000       2       2       2       1       5     535       6       6      30      85       6      17            21.00000             3.16667             2.20396             0.22712             1.77710             0.39167           960.39225             3.29661             2.09072       5       2
