   10000       2       2       2       2       7     487       6       6       0     487      36       0            20.66667             3.16667             2.25710             0.23799             1.67006             0.35268           950.26701             3.56068             2.38376       0       0
   10000       2       2       2       2       7     487       6       6       1     470      35      24            20.77143             3.20000             2.25373             0.23628             1.71617             0.35191           943.77191             3.57281             2.40796       3       6
   10000       2       2       2       2       7     487       6       6       2     459      34      21            21.08824             3.20588             2.25890             0.23059             1.70672             0.34664           925.26356             3.56725             2.41909       4       6
   10000       2       2       2       2       7     487       6       6       3     447      33      21            21.57576             3.12121             2.25877             0.22563             1.69168             0.35454           913.73454             3.53797             2.46419       2       2
   10000       2       2       2       2       7     487       6       6       4     433      32      20            22.06250             3.09375             2.26048             0.22108             1.68237             0.36437           893.61852             3.52102             2.51224       3       5
   10000       2       2       2       2       7     487       6       6       5     428      31      12            22.29032             3.12903             2.26926             0.22007             1.69076             0.36537           885.40997             3.50205             2.47598       6       6
   10000       2       2       2       2       7     487       6       6       6     421      30      19            22.86667             3.23333             2.31829             0.21917             1.72038             0.37249           861.50664             3.49426             2.43756       2       3
   10000       2       2       2       2       7     487       6       6       7     410      29      15            23.41379             3.27586             2.32740             0.21562             1.73193             0.37285           840.46303             3.49874             2.46361       4       1
   10000       2       2       2       2       7     487       6       6       8     404      28      23            23.60714             3.21429             2.32315             0.21346             1.73297             0.37036           840.86525             3.50462             2.41984       1       2
   10000       2       2       2       2       7     487       6       6       9     391      27      21            24.07407             3.14815             2.34348             0.21098             1.72839             0.36088           815.20508             3.50525             2.43167       2       4
   10000       2       2       2       2       7     487       6       6      10     372      26      32            23.73077             3.19231             2.34601             0.21423             1.77863             0.37979           829.02323             3.49902             2.39735       1       5
   10000       2       2       2       2       7     487       6       6      11     358      25      20            24.48000             3.24000             2.33718             0.20574             1.81432             0.38244           793.14709             3.49846             2.49029       6       2
   10000       2       2       2       2       7     487       6       6      12     351      24      23            24.58333             3.25000             2.33722             0.20562             1.81308             0.39008           794.57080             3.51228             2.42294       5       1
   10000       2       2       2       2       7     487       6       6      13     332      23      24            24.95652             3.34783             2.39356             0.20625             1.81370             0.39164           754.85895             3.53664             2.48759       4       5
   10000       2       2       2       2       7     487       6       6      14     322      22      20            25.18182             3.40909             2.38539             0.20269             1.84159             0.40047           742.92418             3.51433             2.48097       1       1
   10000       2       2       2       2       7     487       6       6      15     315      21      21            25.04762             3.28571             2.38380             0.20534             1.79646             0.38780           765.54299             3.52576             2.40938       2       6
   10000       2       2       2       2       7     487       6       6      16     303      20      17            25.40000             3.35000             2.38875             0.20234             1.79994             0.40502           745.99133             3.50351             2.42185       2       5
   10000       2       2       2       2       7     487       6       6      17     279      19      33            24.73684             3.31579             2.38736             0.20892             1.76263             0.40472           760.80105             3.52362             2.43287       2       1
   10000       2       2       2       2       7     487       6       6      18     269      18      24            24.50000             3.38889             2.35969             0.20893             1.79332             0.39838           764.97297             3.51813             2.40045       1       3
   10000       2       2       2       2       7     487       6       6      19     253      17      20            24.70588             3.29412             2.37881             0.20932             1.77849             0.40931           766.32337             3.49497             2.45094       1       4
   10000       2       2       2       2       7     487       6       6      20     238      16      15            25.31250             3.31250             2.40067             0.20367             1.79061             0.41882           747.52084             3.43567             2.54163       1       6
   10000       2       2       2       2       7     487       6       6      21     227      15      27            25.53333             3.26667             2.36178             0.19804             1.80182             0.41733           731.81194             3.47966             2.47934       6       3
   10000       2       2       2       2       7     487       6       6      22     217      14      17            26.00000             3.35714             2.38531             0.19507             1.83346             0.40957           726.21576             3.42755             2.46575       3       1
   10000       2       2       2       2       7     487       6       6      23     198      13      32            25.92308             3.38462             2.38045             0.19667             1.84910             0.41954           736.07417             3.50233             2.44316       5       5
   10000       2       2       2       2       7     487       6       6      24     186      12      22            26.25000             3.41667             2.39908             0.19610             1.83951             0.40788           732.66956             3.52918             2.45791       6       1
   10000       2       2       2       2       7     487       6       6      25     174      11      24            26.36364             3.54545             2.37527             0.19517             1.87526             0.39024           732.06406             3.59384             2.33811       5       4
   10000       2       2       2       2       7     487       6       6      26     170      10      27            26.70000             3.40000             2.42265             0.19714             1.85112             0.38413           715.72271             3.62243             2.22596       6       4
   10000       2       2       2       2       7     487       6       6      27     146       9      31            26.22222             3.44444             2.38705             0.19876             1.83917             0.38175           734.40810             3.59188             2.21880       6       5
   10000       2       2       2       2       7     487       6       6      28     138       8      11            28.12500             3.37500             2.49255             0.18655             1.81003             0.41350           650.20031             3.54461             2.31797       5       6
   10000       2       2       2       2       7     487       6       6      29     125       7      29            27.28571             3.28571             2.53084             0.19526             1.82730             0.45883           661.47664             3.61167             2.15457       5       2
   10000       2       2       2       2       7     487       6       6      30     109       6      24            28.33333             3.00000             2.54306             0.18710             1.72796             0.48174           637.07796             3.61227             2.18129       5       3
