   10000       2       2       2      11       1     508       6       6       0     508      36       0            20.91667             3.02778             2.17896             0.23201             1.65907             0.34872           966.72843             3.87881             2.34215       0       0
   10000       2       2       2      11       1     508       6       6       1     501      35      24            21.48571             3.08571             2.23192             0.22942             1.70058             0.36659           912.52981             3.90148             2.34452       1       3
   10000       2       2       2      11       1     508       6       6       2     483      34      19            21.82353             3.00000             2.22676             0.22533             1.69991             0.36610           890.89249             3.91213             2.35141       5       3
   10000       2       2       2      11       1     508       6       6       3     464      33      22            22.48485             3.03030             2.26108             0.22140             1.71927             0.36238           805.71307             3.92148             2.46544       3       5
   10000       2       2       2      11       1     508       6       6       4     450      32      25            22.90625             3.12500             2.26944             0.21945             1.73327             0.36590           790.68370             3.95917             2.49529       6       5
   10000       2       2       2      11       1     508       6       6       5     436      31      23            23.64516             3.09677             2.30249             0.21514             1.72882             0.37932           762.68826             3.96033             2.60243       4       4
   10000       2       2       2      11       1     508       6       6       6     422      30      27            24.03333             3.13333             2.33841             0.21388             1.74679             0.39463           744.20530             3.95891             2.62487       2       2
   10000       2       2       2      11       1     508       6       6       7     413      29      18            24.27586             3.17241             2.35257             0.21289             1.75325             0.39012           730.91910             3.98374             2.60897       2       3
   10000       2       2       2      11       1     508       6       6       8     406      28      12            24.82143             3.17857             2.37869             0.20643             1.74997             0.39541           707.15569             3.99955             2.60199       1       6
   10000       2       2       2      11       1     508       6       6       9     391      27      23            25.29630             3.18519             2.39059             0.20338             1.78147             0.41068           683.30388             3.98594             2.60529       3       3
   10000       2       2       2      11       1     508       6       6      10     379      26      23            25.42308             3.23077             2.40264             0.20366             1.79817             0.40736           672.05507             4.01033             2.61142       1       2
   10000       2       2       2      11       1     508       6       6      11     368      25      23            25.68000             3.28000             2.42252             0.20386             1.82693             0.41600           667.72519             4.04198             2.59729       2       6
   10000       2       2       2      11       1     508       6       6      12     355      24      25            26.25000             3.33333             2.42359             0.19971             1.85578             0.42237           649.39135             4.05660             2.63924       4       6
   10000       2       2       2      11       1     508       6       6      13     343      23      32            26.26087             3.34783             2.40166             0.19921             1.83880             0.42823           651.57976             4.08706             2.60875       5       4
   10000       2       2       2      11       1     508       6       6      14     334      22      27            26.00000             3.31818             2.38667             0.20030             1.83968             0.42019           665.67525             4.06693             2.49144       4       5
   10000       2       2       2      11       1     508       6       6      15     323      21      29            25.90476             3.28571             2.36116             0.19954             1.83889             0.41709           662.47847             4.10288             2.46094       6       4
   10000       2       2       2      11       1     508       6       6      16     315      20      21            26.15000             3.25000             2.39007             0.20045             1.82182             0.41312           651.38852             4.10921             2.36022       3       4
   10000       2       2       2      11       1     508       6       6      17     302      19      31            26.00000             3.26316             2.38971             0.20076             1.80643             0.42533           648.04219             4.03184             2.31202       2       1
   10000       2       2       2      11       1     508       6       6      18     298      18      18            26.72222             3.22222             2.38690             0.19316             1.79161             0.40831           654.61674             3.98771             2.27893       3       1
   10000       2       2       2      11       1     508       6       6      19     283      17      33            26.70588             3.23529             2.38615             0.19351             1.80887             0.40733           643.38920             4.01874             2.22081       1       4
   10000       2       2       2      11       1     508       6       6      20     273      16      19            27.06250             3.31250             2.38799             0.18935             1.82555             0.41954           640.14441             4.02734             2.20388       6       6
   10000       2       2       2      11       1     508       6       6      21     264      15      22            27.60000             3.26667             2.38499             0.18501             1.82172             0.42979           627.84405             4.02476             2.16576       3       2
   10000       2       2       2      11       1     508       6       6      22     241      14      27            27.50000             3.21429             2.36999             0.18472             1.81010             0.43213           633.37463             4.05970             2.18349       1       1
   10000       2       2       2      11       1     508       6       6      23     231      13      20            28.07692             3.15385             2.42180             0.18493             1.79960             0.45289           617.64731             4.03877             2.16610       3       6
   10000       2       2       2      11       1     508       6       6      24     221      12      18            28.33333             3.25000             2.42014             0.18078             1.80900             0.43867           611.53593             4.03956             2.07044       6       1
   10000       2       2       2      11       1     508       6       6      25     199      11      18            28.90909             3.27273             2.39066             0.17424             1.83829             0.41072           593.58718             4.07584             2.09100       4       1
   10000       2       2       2      11       1     508       6       6      26     185      10      29            28.80000             3.20000             2.39305             0.17516             1.78808             0.42480           606.05073             4.11329             2.00565       2       4
   10000       2       2       2      11       1     508       6       6      27     169       9      34            28.00000             3.11111             2.38509             0.17924             1.76893             0.40044           615.86706             4.18249             1.96658       5       6
   10000       2       2       2      11       1     508       6       6      28     152       8      27            27.50000             3.12500             2.32007             0.17820             1.72709             0.37572           628.07883             4.23212             1.93189       2       5
   10000       2       2       2      11       1     508       6       6      29     138       7      32            27.14286             3.42857             2.28321             0.17747             1.82757             0.38893           613.31459             4.39476             1.75330       4       2
   10000       2       2       2      11       1     508       6       6      30     123       6      21            28.00000             3.16667             2.32790             0.17426             1.76433             0.41203           606.54899             4.17552             1.71935       4       3
