   10000       2       1       2      11       1     487       6       6       0     487      36       0            20.66667             3.16667             2.25710             0.23799             1.67006             0.35268           950.26692             3.56068             2.38376       0       0
   10000       2       1       2      11       1     487       6       6       1     466      35      22            20.88571             3.05714             2.27253             0.23757             1.66861             0.35673           939.15550             3.56977             2.45708       4       4
   10000       2       1       2      11       1     487       6       6       2     453      34      21            20.85294             3.05882             2.28370             0.23961             1.66642             0.36813           938.52449             3.57297             2.42350       1       3
   10000       2       1       2      11       1     487       6       6       3     436      33      20            20.90909             3.06061             2.26629             0.23766             1.67433             0.36410           939.45420             3.53672             2.44643       1       1
   10000       2       1       2      11       1     487       6       6       4     428      32      19            21.34375             3.09375             2.25339             0.23346             1.67947             0.35642           914.92060             3.54480             2.43648       2       4
   10000       2       1       2      11       1     487       6       6       5     422      31       9            21.58065             3.12903             2.26256             0.22758             1.69141             0.33732           895.58822             3.50309             2.40400       6       6
   10000       2       1       2      11       1     487       6       6       6     411      30      16            22.06667             3.16667             2.27344             0.22325             1.68043             0.34023           870.22060             3.49247             2.44362       4       3
   10000       2       1       2      11       1     487       6       6       7     402      29      17            22.20690             3.20690             2.28501             0.22324             1.69689             0.33827           861.27931             3.48698             2.41327       2       3
   10000       2       1       2      11       1     487       6       6       8     394      28      20            22.32143             3.14286             2.26694             0.22088             1.67526             0.34022           864.14201             3.47719             2.39249       2       2
   10000       2       1       2      11       1     487       6       6       9     382      27      21            22.59259             3.07407             2.29541             0.22084             1.68181             0.35343           848.83057             3.47187             2.36165       2       5
   10000       2       1       2      11       1     487       6       6      10     371      26      19            22.84615             3.15385             2.28189             0.21822             1.67971             0.35214           856.70322             3.44954             2.31735       4       6
   10000       2       1       2      11       1     487       6       6      11     354      25      23            22.96000             3.16000             2.33086             0.22269             1.69028             0.36838           842.91241             3.43418             2.34516       6       5
   10000       2       1       2      11       1     487       6       6      12     340      24      22            22.87500             3.20833             2.31029             0.22122             1.68330             0.36578           848.66286             3.41975             2.32048       3       4
   10000       2       1       2      11       1     487       6       6      13     327      23      21            22.78261             3.26087             2.31330             0.22292             1.69497             0.36215           854.87541             3.40550             2.30566       1       4
   10000       2       1       2      11       1     487       6       6      14     319      22      17            22.68182             3.27273             2.31314             0.22357             1.72159             0.36822           862.58668             3.41063             2.19600       5       3
   10000       2       1       2      11       1     487       6       6      15     313      21      18            22.71429             3.28571             2.32160             0.22489             1.69791             0.37515           863.44881             3.40709             2.06305       4       1
   10000       2       1       2      11       1     487       6       6      16     299      20      26            22.55000             3.25000             2.34311             0.22947             1.67917             0.37997           872.43577             3.40821             2.01505       3       5
   10000       2       1       2      11       1     487       6       6      17     287      19      13            23.05263             3.26316             2.33285             0.22083             1.70448             0.37477           859.39969             3.35576             2.06244       1       2
   10000       2       1       2      11       1     487       6       6      18     277      18      19            23.27778             3.33333             2.34070             0.22053             1.70982             0.35654           849.98836             3.40026             1.99710       6       4
   10000       2       1       2      11       1     487       6       6      19     267      17      19            23.64706             3.41176             2.34321             0.21839             1.71825             0.35485           842.17876             3.40764             1.95582       5       1
   10000       2       1       2      11       1     487       6       6      20     257      16      24            23.25000             3.37500             2.33900             0.22120             1.71798             0.34555           865.54695             3.39361             1.87591       3       1
   10000       2       1       2      11       1     487       6       6      21     242      15      18            23.26667             3.40000             2.36473             0.22369             1.70517             0.35309           870.59349             3.40457             1.86577       3       3
   10000       2       1       2      11       1     487       6       6      22     232      14      13            24.07143             3.42857             2.40946             0.21448             1.67633             0.36326           793.02935             3.43071             1.87179       5       4
   10000       2       1       2      11       1     487       6       6      23     220      13      16            24.23077             3.38462             2.41192             0.21080             1.65409             0.36131           798.55462             3.42151             1.82511       5       6
   10000       2       1       2      11       1     487       6       6      24     206      12      19            24.00000             3.41667             2.41661             0.21224             1.68757             0.36694           805.86473             3.41458             1.76651       6       1
   10000       2       1       2      11       1     487       6       6      25     198      11      22            23.81818             3.54545             2.38604             0.21253             1.73498             0.35266           839.56892             3.36668             1.60351       2       6
   10000       2       1       2      11       1     487       6       6      26     189      10      18            24.20000             3.50000             2.41280             0.21126             1.73613             0.35471           820.91148             3.41428             1.55161       4       5
   10000       2       1       2      11       1     487       6       6      27     182       9      21            24.77778             3.44444             2.42332             0.20863             1.70414             0.34856           810.37175             3.47212             1.42446       6       2
   10000       2       1       2      11       1     487       6       6      28     162       8      33            22.87500             3.50000             2.33773             0.21820             1.70851             0.32013           872.78121             3.54373             1.24821       4       2
   10000       2       1       2      11       1     487       6       6      29     149       7      23            22.14286             3.57143             2.35992             0.22907             1.75975             0.33214           931.95662             3.48094             1.08120       1       6
   10000       2       1       2      11       1     487       6       6      30     132       6      18            22.83333             3.50000             2.37361             0.22259             1.73931             0.34828           890.24045             3.46545             1.07616       3       6
