   10000       2       1       2       2       6     504       6       6       0     504      36       0            21.11111             2.88889             2.22961             0.22955             1.55904             0.32370           873.83773             3.92412             2.46365       0       0
   10000       2       1       2       2       6     504       6       6       1     489      35      24            20.88571             2.91429             2.21879             0.23232             1.56193             0.31547           886.23711             3.92328             2.41687       3       1
   10000       2       1       2       2       6     504       6       6       2     472      34      24            20.88235             2.91176             2.20164             0.23057             1.56489             0.32040           884.61579             3.95127             2.42042       4       6
   10000       2       1       2       2       6     504       6       6       3     464      33      22            20.72727             2.81818             2.20876             0.23396             1.54515             0.32435           898.95494             3.94786             2.31157       2       2
   10000       2       1       2       2       6     504       6       6       4     456      32      18            21.00000             2.81250             2.17819             0.22854             1.53707             0.31701           901.24409             3.90030             2.27294       2       5
   10000       2       1       2       2       6     504       6       6       5     438      31      23            21.09677             2.83871             2.23429             0.23315             1.53405             0.30957           893.70258             3.88557             2.20928       5       2
   10000       2       1       2       2       6     504       6       6       6     422      30      30            20.80000             2.83333             2.18483             0.23236             1.53729             0.30659           917.23364             3.87906             2.14463       1       4
   10000       2       1       2       2       6     504       6       6       7     402      29      24            20.89655             2.79310             2.21107             0.23456             1.52860             0.30502           904.29448             3.91038             2.16696       5       1
   10000       2       1       2       2       6     504       6       6       8     389      28      22            20.78571             2.78571             2.19912             0.23526             1.51608             0.31002           910.21618             3.88994             2.14751       1       3
   10000       2       1       2       2       6     504       6       6       9     378      27      25            20.62963             2.74074             2.17797             0.23287             1.49680             0.30068           912.73667             3.88661             2.07582       5       5
   10000       2       1       2       2       6     504       6       6      10     359      26      21            20.26923             2.73077             2.18819             0.24530             1.49614             0.30341           952.94978             3.77933             2.07895       5       6
   10000       2       1       2       2       6     504       6       6      11     340      25      22            20.12000             2.84000             2.18534             0.24777             1.51566             0.30778           964.17166             3.75154             2.05954       2       3
   10000       2       1       2       2       6     504       6       6      12     324      24      25            19.91667             2.75000             2.16680             0.24950             1.50599             0.31248           978.76082             3.74083             2.08203       6       5
   10000       2       1       2       2       6     504       6       6      13     311      23      24            19.78261             2.78261             2.16316             0.25163             1.51857             0.30091           986.05388             3.76618             2.03710       2       6
   10000       2       1       2       2       6     504       6       6      14     296      22      21            19.68182             2.77273             2.16033             0.25235             1.50685             0.30071           987.15836             3.79620             2.03362       2       1
   10000       2       1       2       2       6     504       6       6      15     282      21      14            19.95238             2.80952             2.15787             0.24789             1.52892             0.30544           966.97544             3.80039             2.08284       6       6
   10000       2       1       2       2       6     504       6       6      16     267      20      25            19.85000             2.75000             2.16362             0.25026             1.51423             0.30398           969.53034             3.84864             2.08389       6       1
   10000       2       1       2       2       6     504       6       6      17     266      19       6            20.89474             2.84211             2.18628             0.23001             1.54079             0.30202           900.83695             3.82122             1.98051       5       3
   10000       2       1       2       2       6     504       6       6      18     257      18      10            21.72222             2.83333             2.24793             0.22330             1.52924             0.29385           841.12954             3.70570             2.06927       2       4
   10000       2       1       2       2       6     504       6       6      19     240      17      23            21.35294             2.76471             2.21041             0.22671             1.53688             0.28412           869.45559             3.69014             2.06621       1       1
   10000       2       1       2       2       6     504       6       6      20     228      16      11            21.93750             2.75000             2.24498             0.22073             1.54100             0.29003           852.85891             3.63992             2.13499       1       2
   10000       2       1       2       2       6     504       6       6      21     213      15      22            21.46667             2.73333             2.23373             0.22600             1.51834             0.27894           894.75999             3.59836             2.12336       1       5
   10000       2       1       2       2       6     504       6       6      22     200      14      31            21.00000             2.71429             2.16155             0.22428             1.49861             0.27443           918.81843             3.60435             2.02828       3       5
   10000       2       1       2       2       6     504       6       6      23     186      13      18            20.84615             2.76923             2.19081             0.22695             1.52539             0.30078           926.67211             3.66360             2.00900       4       1
   10000       2       1       2       2       6     504       6       6      24     177      12      24            20.75000             2.83333             2.22136             0.23106             1.54624             0.30828           929.55676             3.63520             1.92815       6       3
   10000       2       1       2       2       6     504       6       6      25     162      11      19            20.63636             2.90909             2.21116             0.23171             1.56296             0.31080           933.93023             3.63908             1.92853       4       5
   10000       2       1       2       2       6     504       6       6      26     145      10      18            20.90000             3.00000             2.24218             0.23240             1.58396             0.31835           913.73697             3.70190             2.00836       3       6
   10000       2       1       2       2       6     504       6       6      27     130       9      15            21.55556             2.88889             2.27907             0.22815             1.57742             0.34579           866.07274             3.67014             2.12040       1       6
   10000       2       1       2       2       6     504       6       6      28     113       8      23            20.50000             3.12500             2.25448             0.23760             1.61293             0.32912           908.88679             3.74672             2.09635       6       4
   10000       2       1       2       2       6     504       6       6      29      92       7      21            20.42857             3.14286             2.22366             0.23633             1.59335             0.33328           918.80977             3.75550             2.25298       6       2
   10000       2       1       2       2       6     504       6       6      30      78       6      18            19.33333             3.33333             2.10094             0.23751             1.66968             0.33085           945.52963             3.78353             2.15870       5       4
