   10000       2       2       2       6       1     546       6       6       0     546      36       0            21.88889             3.11111             2.26232             0.22006             1.62450             0.32094           843.01106             3.63284             2.18994       0       0
   10000       2       2       2       6       1     546       6       6       1     528      35      27            22.11429             3.17143             2.30290             0.22225             1.63467             0.33425           830.62461             3.64531             2.21759       2       6
   10000       2       2       2       6       1     546       6       6       2     513      34      26            22.08824             3.11765             2.30993             0.22369             1.64305             0.33869           832.43946             3.66372             2.23061       1       5
   10000       2       2       2       6       1     546       6       6       3     493      33      28            21.90909             3.15152             2.29875             0.22406             1.64650             0.33706           836.99610             3.66198             2.23855       1       6
   10000       2       2       2       6       1     546       6       6       4     469      32      28            21.90625             3.15625             2.29924             0.22508             1.66485             0.33871           838.12643             3.67477             2.26070       2       4
   10000       2       2       2       6       1     546       6       6       5     451      31      20            22.06452             3.25806             2.31075             0.22440             1.70114             0.33590           837.84823             3.65679             2.25363       2       1
   10000       2       2       2       6       1     546       6       6       6     436      30      25            22.96667             3.23333             2.33803             0.21686             1.71760             0.34276           794.78635             3.64849             2.37759       4       3
   10000       2       2       2       6       1     546       6       6       7     414      29      28            23.00000             3.27586             2.30473             0.21408             1.75144             0.33488           799.90071             3.64999             2.42678       3       5
   10000       2       2       2       6       1     546       6       6       8     394      28      25            22.78571             3.25000             2.30942             0.21685             1.74638             0.34204           809.42527             3.63790             2.43909       1       1
   10000       2       2       2       6       1     546       6       6       9     381      27      24            23.07407             3.22222             2.30546             0.21392             1.74992             0.34296           796.70611             3.63347             2.41325       5       4
   10000       2       2       2       6       1     546       6       6      10     368      26      22            23.42308             3.26923             2.33084             0.21323             1.77007             0.34117           783.82247             3.62665             2.44869       6       6
   10000       2       2       2       6       1     546       6       6      11     352      25      21            23.40000             3.24000             2.33671             0.21442             1.77970             0.34611           793.79044             3.59788             2.45934       1       2
   10000       2       2       2       6       1     546       6       6      12     345      24      20            23.58333             3.33333             2.30372             0.20950             1.81063             0.33099           786.50977             3.62195             2.38129       5       5
   10000       2       2       2       6       1     546       6       6      13     331      23      28            23.65217             3.30435             2.34543             0.21248             1.79448             0.34233           772.33570             3.68358             2.33209       6       3
   10000       2       2       2       6       1     546       6       6      14     317      22      22            23.40909             3.27273             2.33274             0.21378             1.81264             0.34021           768.94172             3.73428             2.26316       3       4
   10000       2       2       2       6       1     546       6       6      15     307      21      18            24.19048             3.23810             2.34413             0.20958             1.84083             0.35381           736.21245             3.77063             2.30119       6       1
   10000       2       2       2       6       1     546       6       6      16     292      20      23            23.85000             3.30000             2.31593             0.20861             1.85186             0.35342           736.22404             3.77944             2.29025       6       2
   10000       2       2       2       6       1     546       6       6      17     281      19      20            24.31579             3.26316             2.34516             0.20619             1.87233             0.37917           731.44720             3.76421             2.28141       5       6
   10000       2       2       2       6       1     546       6       6      18     264      18      26            24.05556             3.38889             2.34754             0.20901             1.92239             0.39352           739.70009             3.78576             2.26459       5       3
   10000       2       2       2       6       1     546       6       6      19     251      17      20            24.29412             3.35294             2.29511             0.20182             1.92780             0.38912           728.96460             3.76759             2.26462       2       5
   10000       2       2       2       6       1     546       6       6      20     236      16      25            24.87500             3.18750             2.34966             0.20051             1.88624             0.39217           710.19160             3.82764             2.28980       4       2
   10000       2       2       2       6       1     546       6       6      21     227      15      20            25.13333             3.26667             2.34766             0.19888             1.90209             0.38615           705.17379             3.81589             2.21087       5       2
   10000       2       2       2       6       1     546       6       6      22     216      14      20            25.28571             3.28571             2.35200             0.19782             1.89787             0.39489           701.33500             3.85552             2.11557       2       2
   10000       2       2       2       6       1     546       6       6      23     206      13      23            25.38462             3.38462             2.37053             0.19873             1.92722             0.40506           709.88436             3.73726             2.07411       6       4
   10000       2       2       2       6       1     546       6       6      24     189      12      26            25.25000             3.41667             2.33978             0.19768             1.94782             0.40333           733.41715             3.66967             2.07211       6       5
   10000       2       2       2       6       1     546       6       6      25     173      11      22            24.72727             3.45455             2.32962             0.20035             1.96394             0.40135           749.26614             3.64844             2.04806       5       1
   10000       2       2       2       6       1     546       6       6      26     166      10      17            25.00000             3.40000             2.35071             0.19859             1.93726             0.40347           732.96870             3.65862             1.94874       3       6
   10000       2       2       2       6       1     546       6       6      27     150       9      26            25.22222             3.33333             2.40265             0.20126             1.95082             0.42388           747.03552             3.64396             1.93707       4       1
   10000       2       2       2       6       1     546       6       6      28     139       8      20            25.87500             3.25000             2.50237             0.20442             1.91908             0.44450           722.50005             3.72163             1.88188       1       4
   10000       2       2       2       6       1     546       6       6      29     123       7      25            26.14286             3.28571             2.44216             0.19817             1.95198             0.43088           697.22767             3.73670             1.85717       1       3
   10000       2       2       2       6       1     546       6       6      30     110       6      26            26.16667             3.16667             2.50196             0.20293             1.98153             0.43316           688.77709             3.74424             1.73481       2       3
