   10000       2       2       2       3       9     504       6       6       0     504      36       0            21.11111             2.88889             2.22961             0.22955             1.55904             0.32370           873.83773             3.92412             2.46365       0       0
   10000       2       2       2       3       9     504       6       6       1     490      35      14            22.14286             2.88571             2.31474             0.22586             1.58529             0.34781           810.01419             3.90101             2.63497       4       4
   10000       2       2       2       3       9     504       6       6       2     476      34      14            22.47059             2.91176             2.29279             0.21884             1.62601             0.34001           804.84791             3.90366             2.61987       3       2
   10000       2       2       2       3       9     504       6       6       3     456      33      26            22.72727             2.93939             2.31928             0.21870             1.65821             0.33883           793.40686             3.89086             2.64835       6       2
   10000       2       2       2       3       9     504       6       6       4     444      32      19            23.37500             2.96875             2.34605             0.21419             1.67250             0.34824           772.43270             3.88072             2.70929       2       5
   10000       2       2       2       3       9     504       6       6       5     432      31      25            23.93548             3.09677             2.34395             0.20851             1.71578             0.35050           754.58164             3.88173             2.70470       5       5
   10000       2       2       2       3       9     504       6       6       6     417      30      26            23.76667             3.06667             2.33092             0.20877             1.71808             0.34193           756.46956             3.90114             2.67116       3       1
   10000       2       2       2       3       9     504       6       6       7     398      29      23            23.58621             3.00000             2.31216             0.20836             1.71998             0.35568           759.41719             3.93441             2.68078       6       1
   10000       2       2       2       3       9     504       6       6       8     384      28      26            23.46429             3.10714             2.31351             0.20889             1.75335             0.35798           757.17174             3.96376             2.64602       5       1
   10000       2       2       2       3       9     504       6       6       9     380      27      14            24.44444             3.22222             2.36998             0.20439             1.76654             0.35450           718.53573             3.91635             2.58023       2       4
   10000       2       2       2       3       9     504       6       6      10     365      26      26            24.38462             3.15385             2.34721             0.20304             1.75499             0.35659           717.45526             3.94898             2.49155       3       3
   10000       2       2       2       3       9     504       6       6      11     354      25      26            24.04000             3.12000             2.31455             0.20358             1.72441             0.33675           722.69771             3.97764             2.46858       4       2
   10000       2       2       2       3       9     504       6       6      12     339      24      21            24.25000             3.12500             2.31739             0.20297             1.71848             0.34575           713.85522             4.00740             2.45667       6       6
   10000       2       2       2       3       9     504       6       6      13     324      23      27            24.65217             3.17391             2.33446             0.20084             1.75146             0.35144           699.33292             4.01974             2.48316       4       5
   10000       2       2       2       3       9     504       6       6      14     312      22      25            24.59091             3.36364             2.27962             0.19755             1.78069             0.33094           705.05991             4.09620             2.45300       6       4
   10000       2       2       2       3       9     504       6       6      15     300      21      22            24.85714             3.28571             2.29840             0.19763             1.75200             0.33634           700.08123             4.13318             2.43414       2       2
   10000       2       2       2       3       9     504       6       6      16     284      20      23            24.75000             3.15000             2.30473             0.19876             1.75474             0.35672           697.38611             4.12672             2.41840       5       4
   10000       2       2       2       3       9     504       6       6      17     272      19      22            24.68421             3.26316             2.31196             0.19899             1.79877             0.36222           692.41498             4.12685             2.37917       6       3
   10000       2       2       2       3       9     504       6       6      18     264      18      19            24.72222             3.27778             2.36675             0.20354             1.78285             0.35834           690.66804             4.14653             2.32778       3       4
   10000       2       2       2       3       9     504       6       6      19     246      17      22            24.88235             3.29412             2.35820             0.20158             1.78924             0.35448           685.76148             4.15065             2.36496       6       5
   10000       2       2       2       3       9     504       6       6      20     235      16      21            24.87500             3.31250             2.34819             0.20070             1.79813             0.35590           679.12011             4.16945             2.35226       4       3
   10000       2       2       2       3       9     504       6       6      21     219      15      25            24.86667             3.20000             2.36495             0.20283             1.80276             0.35140           684.04429             4.19559             2.35452       5       6
   10000       2       2       2       3       9     504       6       6      22     211      14      35            24.42857             3.21429             2.30373             0.20152             1.86073             0.36447           689.01347             4.27122             2.28511       3       6
   10000       2       2       2       3       9     504       6       6      23     203      13      20            24.76923             3.07692             2.30957             0.19917             1.78929             0.36397           677.57731             4.28149             2.25183       5       2
   10000       2       2       2       3       9     504       6       6      24     188      12      21            25.08333             3.00000             2.35521             0.20108             1.77173             0.36930           690.09953             4.24853             2.28385       5       3
   10000       2       2       2       3       9     504       6       6      25     177      11      32            24.81818             3.09091             2.34769             0.20016             1.78896             0.37143           684.77467             4.30586             2.14182       2       1
   10000       2       2       2       3       9     504       6       6      26     151      10      34            23.80000             3.10000             2.31418             0.20493             1.74577             0.36183           703.58667             4.36375             2.15029       4       6
   10000       2       2       2       3       9     504       6       6      27     136       9      24            23.77778             3.11111             2.29569             0.20366             1.71692             0.34886           713.62979             4.29735             2.13348       3       5
   10000       2       2       2       3       9     504       6       6      28     126       8      19            24.00000             3.12500             2.33866             0.20484             1.64492             0.34477           695.50321             4.33482             2.00563       2       3
   10000       2       2       2       3       9     504       6       6      29     106       7      28            23.28571             3.28571             2.31322             0.20869             1.65711             0.33396           690.10531             4.47011             1.96134       2       6
   10000       2       2       2       3       9     504       6       6      30      86       6      21            23.50000             3.16667             2.31421             0.20644             1.59496             0.30935           685.67005             4.60123             2.09669       4       1
