   10000       2       1       2      11       2     467       6       6       0     467      36       0            20.41667             3.19444             2.11294             0.23015             1.72272             0.31714           954.81457             3.61434             2.49732       0       0
   10000       2       1       2      11       2     467       6       6       1     458      35      24            20.37143             3.14286             2.08402             0.22685             1.70741             0.31998           957.37900             3.62072             2.43959       2       1
   10000       2       1       2      11       2     467       6       6       2     450      34      17            20.41176             3.17647             2.08723             0.22693             1.71321             0.32715           952.94472             3.62944             2.36695       5       3
   10000       2       1       2      11       2     467       6       6       3     441      33      15            20.93939             3.15152             2.13145             0.22590             1.69794             0.33622           920.87739             3.61954             2.40497       3       4
   10000       2       1       2      11       2     467       6       6       4     439      32      15            21.18750             3.15625             2.16949             0.22797             1.72055             0.34220           921.71324             3.54512             2.28380       2       3
   10000       2       1       2      11       2     467       6       6       5     428      31      20            21.48387             3.19355             2.17558             0.22480             1.72561             0.33443           907.83886             3.56754             2.29016       5       4
   10000       2       1       2      11       2     467       6       6       6     416      30      18            21.43333             3.10000             2.17503             0.22767             1.70274             0.35262           928.88734             3.53956             2.26610       2       4
   10000       2       1       2      11       2     467       6       6       7     400      29      27            21.37931             3.06897             2.14493             0.22534             1.68367             0.34801           936.84750             3.54752             2.23283       3       2
   10000       2       1       2      11       2     467       6       6       8     388      28      21            21.35714             2.96429             2.15311             0.23377             1.67255             0.35215           982.66333             3.55407             2.17415       2       6
   10000       2       1       2      11       2     467       6       6       9     378      27      14            21.51852             2.96296             2.15592             0.23287             1.67663             0.34431           980.27012             3.51636             2.15044       6       6
   10000       2       1       2      11       2     467       6       6      10     367      26      13            21.61538             2.96154             2.17784             0.23334             1.69080             0.34600           972.45829             3.53086             2.13880       1       1
   10000       2       1       2      11       2     467       6       6      11     353      25      22            21.52000             3.04000             2.17003             0.23300             1.71167             0.33870           974.82526             3.53371             2.10160       6       3
   10000       2       1       2      11       2     467       6       6      12     335      24      21            21.62500             3.12500             2.18001             0.23402             1.70323             0.32532           971.47665             3.53148             2.12226       3       6
   10000       2       1       2      11       2     467       6       6      13     328      23      18            21.73913             3.04348             2.16321             0.23368             1.69979             0.33939           977.52131             3.56131             2.06407       4       6
   10000       2       1       2      11       2     467       6       6      14     317      22      18            22.22727             3.13636             2.17546             0.23100             1.73862             0.33854           965.65323             3.56724             2.05951       6       1
   10000       2       1       2      11       2     467       6       6      15     304      21      13            22.38095             3.09524             2.20424             0.22919             1.73033             0.35250           943.05463             3.57109             2.09545       5       6
   10000       2       1       2      11       2     467       6       6      16     294      20      20            22.25000             3.10000             2.17752             0.22891             1.72191             0.33635           953.64824             3.57224             2.03889       1       2
   10000       2       1       2      11       2     467       6       6      17     282      19      20            22.42105             3.10526             2.20026             0.22193             1.70644             0.34679           881.66449             3.62036             2.01240       2       5
   10000       2       1       2      11       2     467       6       6      18     277      18       8            23.16667             3.22222             2.20620             0.20250             1.74353             0.31491           769.14211             3.63543             1.99367       1       6
   10000       2       1       2      11       2     467       6       6      19     266      17      23            22.76471             3.23529             2.15980             0.20185             1.74383             0.29987           784.64884             3.64487             1.83003       4       2
   10000       2       1       2      11       2     467       6       6      20     258      16      20            23.18750             3.18750             2.16416             0.19889             1.73928             0.29373           776.34796             3.63976             1.78620       4       1
   10000       2       1       2      11       2     467       6       6      21     245      15      15            23.73333             3.13333             2.21897             0.19791             1.70841             0.30891           727.74140             3.68875             1.82241       2       2
   10000       2       1       2      11       2     467       6       6      22     229      14      19            23.78571             3.21429             2.23346             0.20061             1.73239             0.29936           735.38221             3.67844             1.82789       3       3
   10000       2       1       2      11       2     467       6       6      23     210      13      23            23.23077             3.15385             2.25399             0.20780             1.73700             0.32326           739.42631             3.74981             1.79860       3       5
   10000       2       1       2      11       2     467       6       6      24     196      12      24            22.75000             3.25000             2.17263             0.20881             1.77810             0.30985           779.36676             3.76944             1.67045       4       4
   10000       2       1       2      11       2     467       6       6      25     179      11      19            23.09091             3.18182             2.17480             0.20617             1.75288             0.30772           768.94340             3.78466             1.71372       3       1
   10000       2       1       2      11       2     467       6       6      26     172      10      19            23.10000             3.30000             2.19270             0.20905             1.79757             0.30165           790.23258             3.72937             1.55121       6       5
   10000       2       1       2      11       2     467       6       6      27     165       9      29            22.11111             3.33333             2.13099             0.21330             1.79610             0.28226           827.57959             3.73842             1.35614       5       2
   10000       2       1       2      11       2     467       6       6      28     151       8      22            22.00000             3.37500             2.15422             0.21744             1.78653             0.28195           857.25124             3.69113             1.26015       1       3
   10000       2       1       2      11       2     467       6       6      29     135       7      25            21.00000             3.42857             2.13489             0.22646             1.85127             0.28770           905.32338             3.76218             1.14255       4       5
   10000       2       1       2      11       2     467       6       6      30     125       6      10            22.83333             3.33333             2.23277             0.20786             1.78944             0.29862           778.41031             3.76779             1.16631       4       3
