   10000       2       1       2       5       1     478       6       6       0     478      36       0            20.97222             2.94444             2.17468             0.22490             1.64555             0.34265           881.77585             3.80360             2.53724       0       0
   10000       2       1       2       5       1     478       6       6       1     468      35      22            20.94286             2.94286             2.17252             0.22670             1.64477             0.34422           887.35813             3.81419             2.48517       2       4
   10000       2       1       2       5       1     478       6       6       2     461      34      17            21.23529             2.97059             2.17007             0.22586             1.65752             0.34437           879.74919             3.79856             2.47113       3       1
   10000       2       1       2       5       1     478       6       6       3     442      33      35            20.75758             2.93939             2.15018             0.22743             1.64119             0.33356           900.57346             3.78397             2.41965       5       1
   10000       2       1       2       5       1     478       6       6       4     434      32      14            21.43750             2.87500             2.20719             0.22514             1.64324             0.34219           878.48986             3.72505             2.44291       3       6
   10000       2       1       2       5       1     478       6       6       5     425      31      25            21.41935             2.93548             2.19321             0.22802             1.64607             0.34358           876.84492             3.73470             2.37742       4       2
   10000       2       1       2       5       1     478       6       6       6     408      30      24            21.10000             2.86667             2.19120             0.22821             1.62080             0.34097           894.53876             3.73113             2.34313       4       3
   10000       2       1       2       5       1     478       6       6       7     397      29      29            21.13793             2.82759             2.17932             0.23092             1.62712             0.34981           892.75873             3.72442             2.26875       2       2
   10000       2       1       2       5       1     478       6       6       8     387      28      24            20.96429             2.82143             2.19019             0.23023             1.61015             0.33665           895.36873             3.75247             2.20132       5       6
   10000       2       1       2       5       1     478       6       6       9     372      27      20            21.03704             2.88889             2.20473             0.23472             1.62422             0.35041           893.21489             3.75659             2.21746       6       1
   10000       2       1       2       5       1     478       6       6      10     350      26      25            20.92308             2.80769             2.17968             0.22917             1.59023             0.34649           900.08736             3.83107             2.25948       5       2
   10000       2       1       2       5       1     478       6       6      11     348      25       6            21.72000             2.88000             2.21854             0.21962             1.60520             0.34901           852.89627             3.78821             2.19849       1       4
   10000       2       1       2       5       1     478       6       6      12     335      24      19            21.87500             2.83333             2.20333             0.21682             1.58764             0.35736           842.78315             3.79199             2.23383       4       6
   10000       2       1       2       5       1     478       6       6      13     328      23      24            21.60870             2.82609             2.22980             0.22234             1.59532             0.35615           855.92501             3.80969             2.14710       3       3
   10000       2       1       2       5       1     478       6       6      14     320      22      16            21.81818             2.86364             2.25299             0.22258             1.60302             0.35910           845.36389             3.78170             2.07103       5       3
   10000       2       1       2       5       1     478       6       6      15     303      21      21            21.52381             2.90476             2.23082             0.22773             1.59782             0.36189           887.00959             3.76725             2.07564       6       2
   10000       2       1       2       5       1     478       6       6      16     290      20      18            21.45000             2.90000             2.22355             0.22801             1.60667             0.35510           894.38977             3.80999             1.98616       4       5
   10000       2       1       2       5       1     478       6       6      17     287      19       9            22.21053             2.89474             2.26345             0.22007             1.63272             0.37129           863.15135             3.69139             1.94056       6       3
   10000       2       1       2       5       1     478       6       6      18     272      18      30            22.05556             2.94444             2.21578             0.21767             1.63591             0.36355           869.92137             3.73252             1.86797       2       5
   10000       2       1       2       5       1     478       6       6      19     256      17      22            21.52941             2.94118             2.21645             0.22419             1.63292             0.34647           889.30260             3.71363             1.83828       1       5
   10000       2       1       2       5       1     478       6       6      20     246      16      18            21.62500             2.93750             2.21397             0.22409             1.64135             0.35404           897.98160             3.75359             1.82117       1       6
   10000       2       1       2       5       1     478       6       6      21     235      15      11            22.40000             2.93333             2.22893             0.21355             1.62949             0.34529           852.87582             3.74675             1.88109       4       1
   10000       2       1       2       5       1     478       6       6      22     226      14      15            22.71429             2.85714             2.28489             0.21479             1.61283             0.36448           828.90173             3.73296             1.83991       3       5
   10000       2       1       2       5       1     478       6       6      23     209      13      22            22.53846             2.84615             2.26802             0.21570             1.60731             0.36214           846.59759             3.75760             1.83013       3       4
   10000       2       1       2       5       1     478       6       6      24     190      12      22            22.58333             2.83333             2.29793             0.21852             1.61824             0.36454           845.86100             3.73704             1.85547       3       2
   10000       2       1       2       5       1     478       6       6      25     175      11      21            22.54545             3.00000             2.23360             0.21278             1.66846             0.36721           860.43182             3.72466             1.80388       5       5
   10000       2       1       2       5       1     478       6       6      26     163      10      25            22.50000             3.10000             2.15589             0.20853             1.67474             0.34512           874.74696             3.73989             1.71599       5       4
   10000       2       1       2       5       1     478       6       6      27     148       9      15            23.33333             3.00000             2.20633             0.20299             1.67060             0.34705           830.26550             3.60235             1.79498       2       6
   10000       2       1       2       5       1     478       6       6      28     127       8      18            21.37500             2.75000             2.10801             0.21003             1.63605             0.31446           887.85116             3.69481             1.64750       2       3
   10000       2       1       2       5       1     478       6       6      29     108       7      19            21.57143             2.71429             2.10547             0.20807             1.63425             0.30593           861.74781             3.80295             1.73203       4       4
   10000       2       1       2       5       1     478       6       6      30      96       6      18            21.83333             2.83333             2.11561             0.20748             1.69102             0.27582           889.62668             3.78481             1.67600       2       1
