   10000       2       1       2       3      11     508       6       6       0     508      36       0            20.91667             3.02778             2.17896             0.23201             1.65907             0.34872           966.72845             3.87881             2.34215       0       0
   10000       2       1       2       3      11     508       6       6       1     491      35      29            20.51429             3.05714             2.17358             0.23545             1.66246             0.34853           981.45635             3.87585             2.28601       6       2
   10000       2       1       2       3      11     508       6       6       2     475      34      29            20.11765             3.02941             2.16885             0.24103             1.65596             0.35066          1000.53482             3.87075             2.22238       5       1
   10000       2       1       2       3      11     508       6       6       3     459      33      28            20.03030             3.00000             2.14901             0.23990             1.63774             0.35472          1001.58015             3.88357             2.20017       5       5
   10000       2       1       2       3      11     508       6       6       4     443      32      25            20.03125             2.96875             2.17636             0.24493             1.61144             0.35839           994.57946             3.90780             2.20758       2       1
   10000       2       1       2       3      11     508       6       6       5     431      31      25            19.80645             3.06452             2.14581             0.24537             1.61098             0.36441          1009.25137             3.93207             2.17534       6       5
   10000       2       1       2       3      11     508       6       6       6     413      30      26            19.56667             3.03333             2.14890             0.24817             1.61323             0.35888          1015.84856             3.94778             2.17168       5       6
   10000       2       1       2       3      11     508       6       6       7     394      29      25            19.51724             3.03448             2.12170             0.24572             1.60818             0.34509          1023.66651             3.93300             2.19494       4       3
   10000       2       1       2       3      11     508       6       6       8     378      28      25            19.64286             3.07143             2.08866             0.23795             1.61835             0.33940          1006.03877             3.89791             2.18191       3       2
   10000       2       1       2       3      11     508       6       6       9     361      27      25            19.59259             3.03704             2.10040             0.24281             1.62659             0.34152           992.63720             3.92160             2.11122       3       4
   10000       2       1       2       3      11     508       6       6      10     343      26      25            19.19231             2.96154             2.09829             0.24817             1.62380             0.34620          1018.34083             3.95191             2.06494       5       4
   10000       2       1       2       3      11     508       6       6      11     326      25      26            18.72000             2.96000             2.05605             0.25065             1.61506             0.33453          1042.10615             4.00855             2.03964       6       3
   10000       2       1       2       3      11     508       6       6      12     313      24      24            18.58333             3.00000             2.05541             0.25650             1.62029             0.33863          1073.04697             3.99395             2.00344       2       6
   10000       2       1       2       3      11     508       6       6      13     299      23      24            18.52174             2.95652             2.01641             0.25114             1.60474             0.32751          1067.91056             4.02634             1.94184       3       5
   10000       2       1       2       3      11     508       6       6      14     287      22      25            18.18182             2.86364             2.01835             0.25568             1.56626             0.32561          1074.84337             4.05058             1.89150       4       6
   10000       2       1       2       3      11     508       6       6      15     272      21      23            17.76190             2.95238             2.01299             0.26239             1.57747             0.32818          1087.61325             4.02214             1.79993       4       2
   10000       2       1       2       3      11     508       6       6      16     254      20      22            17.40000             3.00000             1.99862             0.26490             1.59049             0.32922          1112.85519             4.06638             1.76870       2       2
   10000       2       1       2       3      11     508       6       6      17     239      19      21            16.84211             3.00000             1.99790             0.27569             1.57728             0.33424          1194.81735             4.00096             1.75545       4       5
   10000       2       1       2       3      11     508       6       6      18     228      18      20            16.50000             2.94444             1.98548             0.28891             1.56207             0.33722          1326.68017             4.05927             1.66590       2       4
   10000       2       1       2       3      11     508       6       6      19     215      17      20            16.11765             2.94118             1.97728             0.29576             1.55425             0.32590          1365.76825             4.07160             1.63979       5       3
   10000       2       1       2       3      11     508       6       6      20     198      16      18            16.00000             3.00000             1.95262             0.29691             1.57051             0.32053          1391.72290             4.10014             1.67089       3       6
   10000       2       1       2       3      11     508       6       6      21     181      15      17            16.00000             3.00000             1.95662             0.30019             1.57938             0.34019          1427.65883             4.11723             1.74768       6       6
   10000       2       1       2       3      11     508       6       6      22     165      14      16            16.00000             3.00000             1.95352             0.30259             1.58743             0.34068          1427.73650             4.20877             1.80108       6       4
   10000       2       1       2       3      11     508       6       6      23     150      13      15            16.07692             3.00000             1.93969             0.30242             1.57767             0.32293          1458.78999             4.24084             1.86270       6       1
   10000       2       1       2       3      11     508       6       6      24     136      12      15            16.16667             3.00000             1.92911             0.30302             1.60795             0.32008          1497.55461             4.22010             1.91823       5       2
   10000       2       1       2       3      11     508       6       6      25     133      11      13            16.36364             2.72727             1.98188             0.31245             1.54478             0.32352          1513.50922             4.27436             1.77478       2       3
   10000       2       1       2       3      11     508       6       6      26     121      10      11            16.80000             2.70000             1.97100             0.30220             1.53133             0.31539          1519.51200             4.29714             1.85580       3       3
   10000       2       1       2       3      11     508       6       6      27     110       9      11            17.44444             2.55556             1.97438             0.29347             1.54037             0.34858          1470.49237             4.35528             1.95089       4       4
   10000       2       1       2       3      11     508       6       6      28     101       8       9            17.87500             2.50000             1.93199             0.31445             1.56104             0.28947          2075.20887             3.93590             1.90234       4       1
   10000       2       1       2       3      11     508       6       6      29      99       7       5            20.28571             2.71429             2.03998             0.27540             1.65541             0.30117          1568.17768             3.92883             1.76922       2       5
   10000       2       1       2       3      11     508       6       6      30      96       6       3            23.16667             3.00000             2.26237             0.20966             1.76464             0.35137           771.41445             3.59544             1.89742       3       1
