   10000       2       1       2       6       1     523       6       6       0     523      36       0            22.19444             3.02778             2.32437             0.22473             1.62973             0.34372           814.90618             3.76329             2.41033       0       0
   10000       2       1       2       6       1     523       6       6       1     510      35      21            22.22857             3.02857             2.33452             0.22586             1.61983             0.34509           814.91813             3.74364             2.37243       3       5
   10000       2       1       2       6       1     523       6       6       2     495      34      26            22.38235             3.00000             2.34528             0.22523             1.61993             0.35377           807.75469             3.72885             2.36832       4       3
   10000       2       1       2       6       1     523       6       6       3     478      33      26            22.42424             2.96970             2.33768             0.22452             1.61600             0.35561           809.00683             3.71913             2.36211       6       3
   10000       2       1       2       6       1     523       6       6       4     458      32      25            22.43750             3.00000             2.33863             0.22512             1.62926             0.34975           807.06901             3.72566             2.36171       2       3
   10000       2       1       2       6       1     523       6       6       5     449      31      20            22.58065             2.93548             2.33753             0.22427             1.61167             0.34893           806.61885             3.72698             2.34680       6       1
   10000       2       1       2       6       1     523       6       6       6     431      30      27            22.33333             2.93333             2.32376             0.22475             1.60575             0.34644           809.01097             3.72248             2.30861       5       1
   10000       2       1       2       6       1     523       6       6       7     420      29      21            22.55172             2.93103             2.32560             0.22227             1.58113             0.34287           796.71961             3.72264             2.29168       2       4
   10000       2       1       2       6       1     523       6       6       8     401      28      27            22.53571             2.92857             2.33719             0.22322             1.58031             0.33881           795.51520             3.72469             2.29734       3       4
   10000       2       1       2       6       1     523       6       6       9     389      27      24            22.33333             2.96296             2.32382             0.22433             1.56848             0.33774           804.56014             3.71601             2.24522       1       6
   10000       2       1       2       6       1     523       6       6      10     374      26      23            22.34615             2.88462             2.33280             0.22475             1.56090             0.34540           801.93594             3.73334             2.20648       6       5
   10000       2       1       2       6       1     523       6       6      11     356      25      21            22.20000             2.88000             2.29744             0.22440             1.56190             0.34649           811.72464             3.75520             2.22342       6       6
   10000       2       1       2       6       1     523       6       6      12     344      24      16            22.33333             2.91667             2.29879             0.22230             1.56558             0.35331           798.01654             3.77116             2.22086       6       2
   10000       2       1       2       6       1     523       6       6      13     335      23      22            22.43478             3.00000             2.28977             0.22114             1.57850             0.33733           802.91365             3.79227             2.14427       1       2
   10000       2       1       2       6       1     523       6       6      14     323      22      24            22.54545             3.00000             2.29311             0.22114             1.57166             0.34009           795.36351             3.77802             2.10437       5       5
   10000       2       1       2       6       1     523       6       6      15     300      21      20            22.57143             2.95238             2.30650             0.22124             1.58670             0.36233           789.76318             3.79693             2.17268       6       4
   10000       2       1       2       6       1     523       6       6      16     282      20      25            22.30000             3.05000             2.30643             0.22485             1.58234             0.34818           791.92665             3.84229             2.17656       1       3
   10000       2       1       2       6       1     523       6       6      17     273      19      20            22.42105             3.10526             2.31713             0.22619             1.60324             0.34438           790.79253             3.83802             2.11872       2       6
   10000       2       1       2       6       1     523       6       6      18     259      18      30            22.16667             3.05556             2.29879             0.22834             1.59099             0.33668           799.09406             3.87901             2.04902       2       1
   10000       2       1       2       6       1     523       6       6      19     240      17      27            21.76471             3.11765             2.30600             0.23177             1.59123             0.33013           806.61087             3.88843             2.05369       2       5
   10000       2       1       2       6       1     523       6       6      20     228      16      23            21.50000             3.25000             2.29922             0.23671             1.59727             0.32744           837.43522             3.88278             1.96448       4       1
   10000       2       1       2       6       1     523       6       6      21     208      15      19            21.66667             3.26667             2.27414             0.23322             1.61006             0.31948           807.61006             3.93555             2.04264       1       1
   10000       2       1       2       6       1     523       6       6      22     187      14      29            20.78571             3.21429             2.24581             0.24150             1.59599             0.32006           844.29414             3.92137             2.03752       1       5
   10000       2       1       2       6       1     523       6       6      23     177      13      28            20.38462             3.30769             2.21347             0.24452             1.60309             0.30562           853.44963             3.98616             1.92873       5       4
   10000       2       1       2       6       1     523       6       6      24     154      12      20            19.75000             3.25000             2.21987             0.24599             1.59753             0.31422           841.66521             4.08256             2.02510       2       2
   10000       2       1       2       6       1     523       6       6      25     143      11      15            19.81818             3.27273             2.20871             0.24195             1.60043             0.30004           832.34662             4.08274             1.96356       5       6
   10000       2       1       2       6       1     523       6       6      26     121      10      24            19.20000             3.00000             2.18265             0.24697             1.51329             0.29443           850.40924             4.20606             2.00777       5       3
   10000       2       1       2       6       1     523       6       6      27     107       9      20            18.44444             3.11111             2.14731             0.25378             1.54397             0.27565           893.71057             4.14029             1.96480       5       2
   10000       2       1       2       6       1     523       6       6      28      96       8      17            18.37500             3.25000             2.10878             0.24989             1.56292             0.25931           913.75269             4.18220             1.92559       3       6
   10000       2       1       2       6       1     523       6       6      29      85       7      17            18.00000             3.14286             2.07055             0.24986             1.52618             0.23648           947.09087             4.18539             1.80381       4       2
   10000       2       1       2       6       1     523       6       6      30      69       6      16            18.33333             3.00000             2.03023             0.24012             1.52498             0.26478           950.43401             4.21304             1.93777       1       4
