   10000       2       1       2       9       6     535       6       6       0     535      36       0            22.11111             3.11111             2.31878             0.22761             1.62375             0.35631           910.11748             3.38373             2.28553       0       0
   10000       2       1       2       9       6     535       6       6       1     521      35      25            22.05714             3.08571             2.31102             0.22784             1.62191             0.35638           913.36731             3.38702             2.25440       4       5
   10000       2       1       2       9       6     535       6       6       2     506      34      26            21.97059             3.02941             2.30399             0.22793             1.60741             0.35714           915.16879             3.38886             2.23934       6       3
   10000       2       1       2       9       6     535       6       6       3     491      33      27            21.87879             3.03030             2.28006             0.22754             1.59955             0.35077           923.49007             3.37376             2.20636       2       6
   10000       2       1       2       9       6     535       6       6       4     473      32      29            21.53125             2.96875             2.30552             0.23387             1.57166             0.35710           938.26069             3.39296             2.16531       5       6
   10000       2       1       2       9       6     535       6       6       5     461      31      17            21.45161             2.96774             2.30702             0.23458             1.59641             0.35890           952.83551             3.35156             2.13001       6       1
   10000       2       1       2       9       6     535       6       6       6     446      30      23            21.30000             2.96667             2.28654             0.24138             1.58145             0.35991           999.95466             3.34425             2.06982       1       2
   10000       2       1       2       9       6     535       6       6       7     431      29      25            21.20690             2.93103             2.28770             0.24291             1.58135             0.36480          1008.95770             3.33911             2.06217       3       6
   10000       2       1       2       9       6     535       6       6       8     421      28      22            21.17857             2.89286             2.27904             0.24205             1.58741             0.36798          1005.20886             3.34610             2.01132       2       5
   10000       2       1       2       9       6     535       6       6       9     410      27      19            21.14815             2.88889             2.29909             0.24417             1.57045             0.36728           989.13145             3.36307             1.98425       1       5
   10000       2       1       2       9       6     535       6       6      10     403      26       8            21.69231             2.96154             2.32250             0.23486             1.57987             0.35453           927.54294             3.37919             1.97279       1       3
   10000       2       1       2       9       6     535       6       6      11     393      25      24            22.00000             2.92000             2.26327             0.22871             1.59361             0.34543           924.63656             3.38168             1.92372       5       4
   10000       2       1       2       9       6     535       6       6      12     383      24       9            22.45833             3.00000             2.32239             0.22330             1.61019             0.34690           900.95087             3.28370             1.96388       1       6
   10000       2       1       2       9       6     535       6       6      13     364      23      25            22.08696             3.00000             2.27266             0.22446             1.62059             0.32283           926.60556             3.32432             1.90212       2       1
   10000       2       1       2       9       6     535       6       6      14     348      22      23            22.18182             3.00000             2.29165             0.22551             1.61532             0.31603           924.54038             3.30872             1.91162       6       2
   10000       2       1       2       9       6     535       6       6      15     329      21      22            22.09524             3.04762             2.25699             0.22300             1.63997             0.30665           917.73979             3.33827             1.91539       3       5
   10000       2       1       2       9       6     535       6       6      16     303      20      32            21.75000             3.00000             2.22670             0.22426             1.62975             0.29835           927.16259             3.37111             1.88208       3       4
   10000       2       1       2       9       6     535       6       6      17     292      19      24            21.73684             3.00000             2.23330             0.22591             1.62010             0.30270           942.92766             3.36571             1.79048       5       2
   10000       2       1       2       9       6     535       6       6      18     279      18      27            21.50000             3.00000             2.20434             0.22701             1.61993             0.30196           953.96418             3.37943             1.70732       2       3
   10000       2       1       2       9       6     535       6       6      19     266      17      21            21.70588             3.00000             2.21705             0.22540             1.63876             0.29413           935.53512             3.37338             1.71431       6       4
   10000       2       1       2       9       6     535       6       6      20     249      16      32            21.43750             3.00000             2.21455             0.22822             1.63335             0.31280           939.59988             3.41029             1.64638       3       2
   10000       2       1       2       9       6     535       6       6      21     234      15      16            21.73333             3.00000             2.22498             0.22571             1.63504             0.31662           938.03123             3.38197             1.67341       4       6
   10000       2       1       2       9       6     535       6       6      22     222      14      22            21.21429             3.00000             2.22711             0.23137             1.64768             0.32515           965.52473             3.38044             1.61859       1       4
   10000       2       1       2       9       6     535       6       6      23     211      13      25            20.53846             3.00000             2.17094             0.23778             1.64473             0.30111          1025.93287             3.39338             1.44260       4       1
   10000       2       1       2       9       6     535       6       6      24     190      12      21            20.50000             3.00000             2.14530             0.23692             1.62383             0.30120          1039.23566             3.36843             1.47948       2       4
   10000       2       1       2       9       6     535       6       6      25     172      11      23            20.36364             2.90909             2.13604             0.23533             1.58689             0.30081          1041.14967             3.33550             1.51171       5       3
   10000       2       1       2       9       6     535       6       6      26     159      10      13            21.10000             2.90000             2.17784             0.23113             1.58339             0.31692           962.42975             3.39632             1.56288       3       1
   10000       2       1       2       9       6     535       6       6      27     146       9      18            21.11111             2.88889             2.22292             0.23299             1.59194             0.32489           971.56361             3.32726             1.50264       4       2
   10000       2       1       2       9       6     535       6       6      28     130       8      27            19.62500             2.87500             2.17333             0.24912             1.57135             0.31665          1049.54130             3.37216             1.31456       6       5
   10000       2       1       2       9       6     535       6       6      29     112       7      18            19.85714             2.85714             2.13787             0.24470             1.56230             0.32828          1052.07838             3.34638             1.35950       5       1
   10000       2       1       2       9       6     535       6       6      30      98       6      32            16.83333             3.00000             2.01965             0.26293             1.57424             0.29612          1159.72614             3.37028             1.05486       4       3
