   10000       2       1       1       1       5     496       6       6       0     496      36       0            21.13889             3.02778             2.22707             0.23049             1.59494             0.35798           936.79084             3.61014             2.41911       0       0
   10000       2       1       1       1       5     496       6       6       1     481      35      25            20.91429             3.02857             2.21351             0.23287             1.59557             0.35553           952.58667             3.60637             2.37131       1       5
   10000       2       1       1       1       5     496       6       6       2     475      34      13            21.29412             3.11765             2.24349             0.23070             1.62617             0.34868           945.29686             3.53091             2.36103       6       3
   10000       2       1       1       1       5     496       6       6       3     468      33       9            21.69697             3.09091             2.25976             0.22495             1.62649             0.35626           925.50293             3.49763             2.39171       1       6
   10000       2       1       1       1       5     496       6       6       4     448      32      28            21.56250             3.06250             2.24872             0.22596             1.62140             0.35377           938.58257             3.51157             2.37037       2       2
   10000       2       1       1       1       5     496       6       6       5     434      31      16            21.64516             3.03226             2.25344             0.22549             1.60893             0.35561           944.31059             3.50369             2.36539       5       3
   10000       2       1       1       1       5     496       6       6       6     423      30      16            21.80000             2.93333             2.29312             0.22650             1.59290             0.37369           915.72573             3.52045             2.35161       1       4
   10000       2       1       1       1       5     496       6       6       7     407      29      23            21.55172             3.00000             2.26423             0.22536             1.60980             0.36256           927.62975             3.51288             2.31690       6       1
   10000       2       1       1       1       5     496       6       6       8     388      28      23            21.35714             3.00000             2.26509             0.22969             1.60058             0.36107           941.26268             3.52527             2.32675       6       2
   10000       2       1       1       1       5     496       6       6       9     373      27      23            21.33333             3.03704             2.25982             0.23115             1.60232             0.36609           957.16058             3.52764             2.31846       3       1
   10000       2       1       1       1       5     496       6       6      10     361      26      18            21.30769             3.00000             2.27612             0.23275             1.59237             0.37039           940.96921             3.53038             2.30296       3       2
   10000       2       1       1       1       5     496       6       6      11     346      25      19            21.24000             2.92000             2.27031             0.23479             1.59139             0.37787           956.93346             3.51651             2.29085       6       4
   10000       2       1       1       1       5     496       6       6      12     335      24      19            21.25000             3.00000             2.25841             0.23249             1.63498             0.37199           942.49852             3.53936             2.25862       5       4
   10000       2       1       1       1       5     496       6       6      13     322      23      20            21.43478             3.00000             2.27272             0.23275             1.62469             0.37870           959.17025             3.43478             2.25176       2       5
   10000       2       1       1       1       5     496       6       6      14     315      22      10            22.13636             3.04545             2.28108             0.22265             1.65937             0.37335           879.78368             3.45934             2.27212       2       1
   10000       2       1       1       1       5     496       6       6      15     308      21      19            22.61905             3.04762             2.27955             0.21861             1.65191             0.36759           864.06080             3.45135             2.23433       3       5
   10000       2       1       1       1       5     496       6       6      16     295      20      20            22.35000             3.05000             2.30339             0.22303             1.64821             0.36337           888.06365             3.42971             2.14515       2       4
   10000       2       1       1       1       5     496       6       6      17     280      19      21            22.42105             3.05263             2.29579             0.22010             1.65863             0.37848           880.53605             3.45137             2.14118       4       1
   10000       2       1       1       1       5     496       6       6      18     266      18      21            22.05556             3.16667             2.26505             0.22149             1.68592             0.35249           911.51725             3.44805             2.06356       6       6
   10000       2       1       1       1       5     496       6       6      19     253      17      18            22.47059             3.05882             2.29455             0.22098             1.67762             0.37012           903.63540             3.40528             2.05713       3       4
   10000       2       1       1       1       5     496       6       6      20     246      16      13            23.12500             3.12500             2.34373             0.21743             1.67872             0.35433           897.59530             3.39514             2.00011       3       3
   10000       2       1       1       1       5     496       6       6      21     235      15      19            23.20000             3.26667             2.36536             0.21904             1.71802             0.35182           894.64872             3.39794             1.94137       5       2
   10000       2       1       1       1       5     496       6       6      22     221      14      14            23.71429             3.21429             2.38287             0.21371             1.70898             0.36234           850.69557             3.40869             2.00028       5       1
   10000       2       1       1       1       5     496       6       6      23     213      13      19            23.53846             3.07692             2.40796             0.21726             1.66388             0.36202           877.12634             3.35800             1.86744       4       3
   10000       2       1       1       1       5     496       6       6      24     197      12      22            23.66667             3.08333             2.38251             0.21437             1.68842             0.36018           876.07921             3.32559             1.86414       2       6
   10000       2       1       1       1       5     496       6       6      25     181      11      29            22.72727             3.09091             2.33055             0.22180             1.69008             0.37448           938.56317             3.33284             1.70234       5       5
   10000       2       1       1       1       5     496       6       6      26     171      10      24            22.20000             3.10000             2.27768             0.22336             1.70031             0.37992           957.86668             3.42235             1.55528       1       3
   10000       2       1       1       1       5     496       6       6      27     154       9      26            21.33333             3.11111             2.23926             0.23363             1.69170             0.38727          1031.64996             3.34114             1.47259       4       4
   10000       2       1       1       1       5     496       6       6      28     135       8      19            21.62500             3.12500             2.23938             0.23194             1.70178             0.38012          1026.53638             3.22007             1.53166       2       3
   10000       2       1       1       1       5     496       6       6      29     118       7      25            20.85714             3.28571             2.20792             0.23313             1.71324             0.37954          1029.47841             3.21184             1.47158       3       6
   10000       2       1       1       1       5     496       6       6      30      97       6      21            20.83333             3.16667             2.19495             0.23389             1.67378             0.39279          1054.05212             3.12837             1.55017       4       2
   10000       2       1       1       1       5     496       6       6      31      79       5      32            17.80000             3.20000             2.05318             0.25741             1.67851             0.38608          1225.46535             3.20457             1.18803       4       6
   10000       2       1       1       1       5     496       6       6      32      57       4      27            14.25000             3.00000             1.81296             0.27964             1.69090             0.39927          1482.89643             3.23347             1.00000       1       1
   10000       2       1       1       1       5     496       6       6      33      39       3      18            13.00000             3.00000             1.75061             0.29443             1.70552             0.39510          1582.59899             3.23773             1.00000       6       5
   10000       2       1       1       1       5     496       6       6      34      27       2      12            13.50000             2.50000             1.66758             0.26740             1.51282             0.36538          1686.11915             3.04989             1.00000       4       5
   10000       2       1       1       1       5     496       6       6      35      14       1      13            14.00000             3.00000             1.64286             0.25275             1.69231             0.23077          1688.43410             2.87947             1.00000       5       6
   10000       2       1       1       1       5     496       6       6      36       0       0      14             0.00000             0.00000             0.00000             0.00000             0.00000             0.00000             0.00000             0.00000             0.00000       1       2
