   10000       2       2       2       6       1     467       6       6       0     467      36       0            20.41667             3.19444             2.11294             0.23015             1.72272             0.31714           954.81477             3.61434             2.49732       0       0
   10000       2       2       2       6       1     467       6       6       1     452      35      17            20.42857             3.17143             2.11789             0.23173             1.72064             0.31262           957.74160             3.59854             2.53029       5       6
   10000       2       2       2       6       1     467       6       6       2     439      34      16            20.55882             3.14706             2.14569             0.23422             1.73275             0.31305           970.19855             3.57498             2.53156       6       5
   10000       2       2       2       6       1     467       6       6       3     425      33      26            20.87879             3.18182             2.17955             0.22975             1.74505             0.32325           927.76545             3.57400             2.55723       1       5
   10000       2       2       2       6       1     467       6       6       4     414      32      27            20.90625             3.21875             2.15818             0.22802             1.74820             0.33238           918.84819             3.60995             2.53106       2       5
   10000       2       2       2       6       1     467       6       6       5     409      31      10            21.32258             3.19355             2.16948             0.22226             1.73989             0.33811           895.50898             3.60674             2.51656       6       6
   10000       2       2       2       6       1     467       6       6       6     399      30      26            21.60000             3.20000             2.19539             0.22321             1.72918             0.34115           888.55069             3.60481             2.49368       3       6
   10000       2       2       2       6       1     467       6       6       7     386      29      14            22.24138             3.10345             2.23298             0.21934             1.70512             0.34758           859.60586             3.60781             2.58215       4       3
   10000       2       2       2       6       1     467       6       6       8     368      28      34            21.85714             3.03571             2.19793             0.22125             1.68629             0.35421           877.13569             3.62497             2.55790       3       5
   10000       2       2       2       6       1     467       6       6       9     359      27      23            22.03704             3.25926             2.23818             0.22389             1.73897             0.36878           858.81066             3.61265             2.49091       1       3
   10000       2       2       2       6       1     467       6       6      10     347      26      24            22.53846             3.15385             2.23436             0.21865             1.72368             0.37187           837.23755             3.62339             2.55921       2       1
   10000       2       2       2       6       1     467       6       6      11     337      25      26            22.40000             3.24000             2.21436             0.21813             1.74508             0.35855           837.94843             3.65386             2.47777       1       2
   10000       2       2       2       6       1     467       6       6      12     333      24      18            22.62500             3.16667             2.20228             0.21503             1.73233             0.35650           833.84407             3.64671             2.42753       1       1
   10000       2       2       2       6       1     467       6       6      13     319      23      22            22.60870             3.17391             2.24972             0.21875             1.72884             0.38235           819.19592             3.70456             2.37529       5       3
   10000       2       2       2       6       1     467       6       6      14     312      22      21            22.90909             3.18182             2.31420             0.22191             1.73922             0.39293           814.49041             3.72653             2.29032       3       4
   10000       2       2       2       6       1     467       6       6      15     299      21      27            22.90476             3.09524             2.32584             0.22284             1.71225             0.39541           804.42131             3.75704             2.29136       2       6
   10000       2       2       2       6       1     467       6       6      16     287      20      23            23.20000             3.10000             2.32051             0.21817             1.70819             0.38636           774.47015             3.76349             2.27930       5       5
   10000       2       2       2       6       1     467       6       6      17     274      19      23            23.15789             3.15789             2.33311             0.22198             1.72446             0.38994           775.39634             3.80370             2.24501       1       4
   10000       2       2       2       6       1     467       6       6      18     259      18      28            23.44444             3.11111             2.37577             0.22615             1.72358             0.40999           762.63124             3.85893             2.26181       5       1
   10000       2       2       2       6       1     467       6       6      19     251      17      22            23.94118             3.11765             2.40022             0.22406             1.74656             0.41571           747.13376             3.87248             2.24070       6       3
   10000       2       2       2       6       1     467       6       6      20     233      16      25            23.81250             3.12500             2.38859             0.22516             1.75582             0.42116           757.66594             3.86132             2.27463       6       4
   10000       2       2       2       6       1     467       6       6      21     216      15      29            23.06667             3.13333             2.35594             0.22971             1.76005             0.40648           779.65487             3.87773             2.21501       6       1
   10000       2       2       2       6       1     467       6       6      22     203      14      23            23.14286             3.07143             2.35459             0.23027             1.74725             0.40668           793.97943             3.88099             2.19576       6       2
   10000       2       2       2       6       1     467       6       6      23     195      13      16            23.92308             3.15385             2.39351             0.22720             1.77789             0.40981           771.44270             3.88967             2.17092       5       2
   10000       2       2       2       6       1     467       6       6      24     188      12      14            24.66667             3.00000             2.33755             0.21060             1.72100             0.41951           741.55864             3.83764             2.11762       2       4
   10000       2       2       2       6       1     467       6       6      25     173      11      25            24.63636             3.09091             2.31279             0.21033             1.74731             0.40629           750.06271             3.84944             2.07952       5       4
   10000       2       2       2       6       1     467       6       6      26     161      10      24            24.80000             2.80000             2.28670             0.20934             1.68382             0.41541           763.25778             3.85307             1.97703       4       2
   10000       2       2       2       6       1     467       6       6      27     150       9      19            25.22222             2.77778             2.29175             0.20829             1.67230             0.40900           764.02602             3.85532             1.93212       4       1
   10000       2       2       2       6       1     467       6       6      28     138       8      21            26.25000             2.87500             2.35100             0.20888             1.69999             0.40154           711.36504             3.85427             1.92947       2       2
   10000       2       2       2       6       1     467       6       6      29     132       7      18            27.28571             3.14286             2.42337             0.20635             1.74980             0.39408           731.33759             3.69216             1.73936       2       3
   10000       2       2       2       6       1     467       6       6      30     117       6      15            29.00000             3.16667             2.45714             0.19140             1.78549             0.35333           678.95737             3.73263             1.84652       1       6
