   10000       2       1       2       7       3     525       6       6       0     525      36       0            21.69444             2.91667             2.24134             0.22026             1.60306             0.30909           825.34604             4.00950             2.38234       0       0
   10000       2       1       2       7       3     525       6       6       1     508      35      23            21.62857             2.91429             2.23251             0.22033             1.61733             0.30802           833.06514             3.99402             2.36605       4       1
   10000       2       1       2       7       3     525       6       6       2     494      34      21            21.67647             2.91176             2.22530             0.21907             1.61689             0.31128           832.98170             3.99172             2.34198       1       4
   10000       2       1       2       7       3     525       6       6       3     478      33      23            21.84848             2.87879             2.22939             0.21806             1.61807             0.31296           823.17917             4.01025             2.35881       1       3
   10000       2       1       2       7       3     525       6       6       4     462      32      26            21.84375             2.87500             2.21865             0.21701             1.60931             0.31171           819.72557             4.01909             2.32999       2       1
   10000       2       1       2       7       3     525       6       6       5     449      31      20            21.70968             2.90323             2.21276             0.21790             1.62375             0.30232           829.46463             3.98400             2.23917       4       5
   10000       2       1       2       7       3     525       6       6       6     437      30      15            22.00000             2.93333             2.23905             0.21622             1.62189             0.32109           813.27862             4.01085             2.26824       3       1
   10000       2       1       2       7       3     525       6       6       7     420      29      19            22.13793             2.82759             2.22691             0.21392             1.61296             0.31766           815.38651             3.96563             2.28592       2       6
   10000       2       1       2       7       3     525       6       6       8     412      28      21            22.25000             2.89286             2.21407             0.21194             1.62476             0.30866           818.68403             3.93992             2.23497       2       5
   10000       2       1       2       7       3     525       6       6       9     398      27      23            22.22222             2.88889             2.24142             0.21448             1.64165             0.31554           826.03477             3.91099             2.20499       3       5
   10000       2       1       2       7       3     525       6       6      10     378      26      27            22.03846             2.80769             2.24476             0.21799             1.62331             0.31784           849.50649             3.91432             2.18505       6       5
   10000       2       1       2       7       3     525       6       6      11     366      25      19            22.28000             2.84000             2.24858             0.21619             1.61390             0.32587           843.45998             3.92531             2.16845       4       3
   10000       2       1       2       7       3     525       6       6      12     359      24       8            22.75000             2.87500             2.28904             0.21189             1.63789             0.32700           788.93271             3.87699             2.15618       6       6
   10000       2       1       2       7       3     525       6       6      13     345      23      20            22.60870             2.86957             2.25747             0.21078             1.64424             0.32045           798.56173             3.86854             2.14819       3       6
   10000       2       1       2       7       3     525       6       6      14     331      22      18            22.54545             2.90909             2.26864             0.21225             1.65794             0.32369           788.11120             3.88878             2.13772       4       6
   10000       2       1       2       7       3     525       6       6      15     315      21      26            22.47619             2.95238             2.22633             0.20993             1.64143             0.31704           792.48400             3.90086             2.09064       5       3
   10000       2       1       2       7       3     525       6       6      16     304      20      19            22.65000             2.90000             2.23468             0.20986             1.63998             0.30910           783.43187             3.93956             2.04745       4       2
   10000       2       1       2       7       3     525       6       6      17     290      19      22            22.63158             2.89474             2.23963             0.21076             1.63908             0.30062           793.99767             3.94847             1.96657       5       4
   10000       2       1       2       7       3     525       6       6      18     282      18      16            22.88889             2.88889             2.25427             0.20852             1.64297             0.30443           773.59522             3.96684             1.90330       5       2
   10000       2       1       2       7       3     525       6       6      19     272      17      22            23.00000             2.94118             2.26304             0.20884             1.61567             0.30843           771.64964             3.95013             1.81247       2       3
   10000       2       1       2       7       3     525       6       6      20     256      16      27            22.43750             3.00000             2.25062             0.21399             1.60894             0.30732           803.51259             3.89974             1.72185       2       2
   10000       2       1       2       7       3     525       6       6      21     244      15      16            22.60000             2.93333             2.27737             0.21351             1.61213             0.31763           786.37728             3.91213             1.68826       4       4
   10000       2       1       2       7       3     525       6       6      22     227      14      24            22.00000             2.92857             2.23199             0.21553             1.60365             0.32197           809.90901             3.91700             1.65345       1       6
   10000       2       1       2       7       3     525       6       6      23     211      13      22            21.84615             2.92308             2.22179             0.21678             1.59268             0.32178           812.61201             3.98042             1.62437       5       1
   10000       2       1       2       7       3     525       6       6      24     199      12      24            21.33333             2.91667             2.18577             0.21833             1.58106             0.31638           829.11701             3.98174             1.52069       6       3
   10000       2       1       2       7       3     525       6       6      25     185      11      18            21.45455             2.90909             2.21726             0.21985             1.59138             0.31898           854.28792             3.89662             1.47718       3       2
   10000       2       1       2       7       3     525       6       6      26     168      10      23            20.70000             2.90000             2.17178             0.22437             1.60162             0.32374           904.49227             3.89482             1.41817       6       2
   10000       2       1       2       7       3     525       6       6      27     145       9      23            20.44444             2.77778             2.19014             0.22895             1.56745             0.32435           933.90130             3.86055             1.46464       6       4
   10000       2       1       2       7       3     525       6       6      28     129       8      19            20.37500             2.75000             2.18524             0.22879             1.60517             0.36047           965.56136             3.83285             1.43654       2       4
   10000       2       1       2       7       3     525       6       6      29     110       7      19            20.57143             2.71429             2.20288             0.22863             1.62020             0.37228           971.01268             3.73635             1.49891       1       5
   10000       2       1       2       7       3     525       6       6      30      92       6      18            21.00000             2.83333             2.17188             0.21989             1.67455             0.37551           966.57693             3.70664             1.58206       6       1
