   10000       2       2       2       2       9     525       6       6       0     525      36       0            21.69444             2.91667             2.24134             0.22026             1.60306             0.30909           825.34604             4.00950             2.38234       0       0
   10000       2       2       2       2       9     525       6       6       1     512      35      22            22.42857             2.85714             2.28513             0.21736             1.58680             0.31570           802.49392             4.03111             2.45160       6       3
   10000       2       2       2       2       9     525       6       6       2     498      34      21            22.88235             2.94118             2.32568             0.21639             1.61187             0.31755           788.52034             4.03560             2.48628       2       5
   10000       2       2       2       2       9     525       6       6       3     486      33      16            23.27273             2.96970             2.35746             0.21595             1.62921             0.33333           774.38186             4.04252             2.51804       1       2
   10000       2       2       2       2       9     525       6       6       4     479      32      25            23.46875             3.03125             2.37308             0.21594             1.65688             0.33429           770.13261             4.06077             2.47705       6       1
   10000       2       2       2       2       9     525       6       6       5     463      31      28            23.29032             3.06452             2.34640             0.21543             1.66203             0.32719           780.49717             4.05508             2.46525       6       2
   10000       2       2       2       2       9     525       6       6       6     447      30      25            23.73333             3.10000             2.32100             0.20916             1.69171             0.32220           771.66027             4.05366             2.48240       1       5
   10000       2       2       2       2       9     525       6       6       7     438      29      24            24.41379             3.06897             2.36338             0.20584             1.67902             0.32353           756.22298             4.03133             2.45839       2       2
   10000       2       2       2       2       9     525       6       6       8     423      28      22            24.89286             3.17857             2.39395             0.20449             1.72215             0.32687           747.96596             3.99117             2.47835       3       5
   10000       2       2       2       2       9     525       6       6       9     409      27      25            24.74074             3.22222             2.36534             0.20399             1.75120             0.32976           760.07644             4.01106             2.41371       2       4
   10000       2       2       2       2       9     525       6       6      10     392      26      24            25.00000             3.26923             2.39291             0.20552             1.78022             0.36105           727.04122             3.99128             2.42038       5       6
   10000       2       2       2       2       9     525       6       6      11     383      25      23            25.48000             3.28000             2.42604             0.20478             1.77776             0.36099           722.49612             3.98180             2.38943       4       5
   10000       2       2       2       2       9     525       6       6      12     371      24      23            25.83333             3.25000             2.37918             0.19799             1.76341             0.36294           709.56629             4.01849             2.37434       3       1
   10000       2       2       2       2       9     525       6       6      13     354      23      31            26.39130             3.21739             2.40739             0.19583             1.75241             0.37237           692.07498             4.01730             2.45283       5       2
   10000       2       2       2       2       9     525       6       6      14     332      22      31            25.81818             3.18182             2.40576             0.20098             1.75937             0.36867           706.12796             4.04622             2.41676       5       1
   10000       2       2       2       2       9     525       6       6      15     325      21      22            26.04762             3.19048             2.41090             0.19833             1.75951             0.36784           683.87159             4.10552             2.31204       5       5
   10000       2       2       2       2       9     525       6       6      16     313      20      23            25.80000             3.25000             2.41669             0.20175             1.76009             0.37372           689.61074             4.10997             2.27486       4       6
   10000       2       2       2       2       9     525       6       6      17     296      19      29            25.84211             3.26316             2.38891             0.19944             1.76018             0.36993           680.16189             4.18284             2.29534       6       5
   10000       2       2       2       2       9     525       6       6      18     280      18      27            25.66667             3.27778             2.39201             0.20037             1.77321             0.37753           677.73094             4.23245             2.24959       5       3
   10000       2       2       2       2       9     525       6       6      19     268      17      19            26.23529             3.29412             2.39551             0.19538             1.79201             0.38837           669.37036             4.25796             2.24179       4       1
   10000       2       2       2       2       9     525       6       6      20     256      16      21            26.50000             3.31250             2.35058             0.18983             1.78293             0.39346           656.55072             4.23360             2.23718       3       6
   10000       2       2       2       2       9     525       6       6      21     242      15      26            26.53333             3.20000             2.40139             0.19476             1.76103             0.40325           661.34804             4.24426             2.17186       5       4
   10000       2       2       2       2       9     525       6       6      22     225      14      24            25.92857             3.07143             2.39334             0.19910             1.76197             0.40984           686.63474             4.21869             2.14691       2       6
   10000       2       2       2       2       9     525       6       6      23     212      13      28            25.69231             3.07692             2.39459             0.20051             1.75412             0.40704           700.69223             4.24413             2.07201       2       3
   10000       2       2       2       2       9     525       6       6      24     202      12      15            26.33333             3.08333             2.40614             0.19420             1.76582             0.40013           710.17993             4.12747             2.03407       6       6
   10000       2       2       2       2       9     525       6       6      25     184      11      36            25.18182             3.18182             2.38751             0.20489             1.81207             0.38774           737.49326             4.14463             1.94467       1       3
   10000       2       2       2       2       9     525       6       6      26     169      10      16            26.10000             3.10000             2.36162             0.19093             1.78661             0.40651           700.38076             4.16106             2.02847       1       4
   10000       2       2       2       2       9     525       6       6      27     161       9      20            26.77778             3.11111             2.39069             0.18758             1.76875             0.40490           701.69476             4.08647             1.97355       6       4
   10000       2       2       2       2       9     525       6       6      28     148       8      27            26.50000             3.12500             2.36916             0.18807             1.77721             0.43683           705.50473             4.24138             1.94020       2       1
   10000       2       2       2       2       9     525       6       6      29     131       7      20            27.42857             3.28571             2.37501             0.18072             1.82057             0.45412           682.58351             4.16782             1.99909       1       6
   10000       2       2       2       2       9     525       6       6      30     110       6      24            28.00000             3.33333             2.41668             0.18004             1.84139             0.45010           624.50704             4.19284             2.10978       1       1
