   10000       2       1       2      10       5     503       6       6       0     503      36       0            22.55556             3.00000             2.29326             0.21934             1.68768             0.35119           834.45777             3.74064             2.54979       0       0
   10000       2       1       2      10       5     503       6       6       1     490      35      29            22.28571             2.97143             2.28599             0.22112             1.67462             0.34886           840.11817             3.77011             2.51011       6       3
   10000       2       1       2      10       5     503       6       6       2     473      34      28            22.05882             3.00000             2.27613             0.22233             1.68308             0.34344           847.20280             3.78051             2.47696       4       6
   10000       2       1       2      10       5     503       6       6       3     462      33      23            21.90909             3.00000             2.26698             0.22329             1.68510             0.34413           855.78672             3.78385             2.42164       4       1
   10000       2       1       2      10       5     503       6       6       4     453      32      17            22.09375             2.96875             2.29889             0.22423             1.68381             0.35559           847.45886             3.78634             2.41919       5       1
   10000       2       1       2      10       5     503       6       6       5     431      31      32            21.90323             2.93548             2.28428             0.22464             1.68029             0.36127           850.45843             3.80801             2.42517       5       3
   10000       2       1       2      10       5     503       6       6       6     423      30      17            21.93333             3.03333             2.27935             0.22411             1.69853             0.35991           845.20487             3.82279             2.39029       1       6
   10000       2       1       2      10       5     503       6       6       7     410      29      24            21.68966             3.03448             2.26559             0.22814             1.70957             0.36050           869.03370             3.79507             2.29956       2       3
   10000       2       1       2      10       5     503       6       6       8     398      28      20            21.75000             3.03571             2.25233             0.22451             1.71879             0.35761           860.56604             3.80066             2.28288       3       1
   10000       2       1       2      10       5     503       6       6       9     380      27      29            21.59259             3.03704             2.23774             0.22467             1.72137             0.35766           865.45677             3.82502             2.25765       6       5
   10000       2       1       2      10       5     503       6       6      10     368      26      26            21.92308             3.03846             2.24494             0.22354             1.70950             0.36067           860.36730             3.84104             2.25143       3       5
   10000       2       1       2      10       5     503       6       6      11     352      25      23            21.68000             3.08000             2.22301             0.22396             1.72554             0.34684           854.20903             3.88768             2.21207       5       2
   10000       2       1       2      10       5     503       6       6      12     338      24      27            21.58333             3.08333             2.20982             0.22338             1.72253             0.34644           856.49964             3.91156             2.20750       5       4
   10000       2       1       2      10       5     503       6       6      13     325      23      21            21.56522             3.08696             2.22067             0.22470             1.72866             0.35393           860.23365             3.91891             2.22304       6       1
   10000       2       1       2      10       5     503       6       6      14     316      22      20            21.50000             3.13636             2.19846             0.22380             1.75597             0.33867           864.54459             3.93430             2.13484       4       3
   10000       2       1       2      10       5     503       6       6      15     303      21      21            21.38095             3.23810             2.23441             0.23153             1.77992             0.35795           862.63066             3.87698             2.12418       6       6
   10000       2       1       2      10       5     503       6       6      16     289      20      24            21.00000             3.10000             2.22434             0.23343             1.75239             0.35127           884.09841             3.87541             2.05079       2       5
   10000       2       1       2      10       5     503       6       6      17     270      19      20            21.05263             3.15789             2.23290             0.23600             1.75542             0.35839           883.35191             3.89887             2.10040       6       2
   10000       2       1       2      10       5     503       6       6      18     249      18      30            20.55556             3.22222             2.24909             0.24326             1.78509             0.35586           879.26645             3.90081             2.07684       4       4
   10000       2       1       2      10       5     503       6       6      19     230      17      25            20.17647             3.11765             2.24387             0.24552             1.75020             0.36010           900.86929             3.93458             2.07329       5       6
   10000       2       1       2      10       5     503       6       6      20     220      16      23            19.81250             3.12500             2.22437             0.24987             1.74091             0.37153           908.65242             3.99151             2.05362       4       5
   10000       2       1       2      10       5     503       6       6      21     208      15      24            19.33333             3.00000             2.18765             0.25283             1.69784             0.35068           946.75198             4.00141             1.94104       3       2
   10000       2       1       2      10       5     503       6       6      22     187      14      22            19.07143             2.92857             2.13043             0.24917             1.67286             0.33363           958.96130             4.08452             2.00582       5       5
   10000       2       1       2      10       5     503       6       6      23     170      13      25            18.00000             2.92308             2.09388             0.26541             1.65558             0.34728          1012.55371             4.28444             1.91197       1       4
   10000       2       1       2      10       5     503       6       6      24     155      12      18            17.25000             2.91667             2.01820             0.29333             1.64271             0.34076          1295.32300             4.52229             1.81535       3       4
   10000       2       1       2      10       5     503       6       6      25     145      11      14            17.54545             2.90909             2.03284             0.29402             1.67317             0.32279          1303.06316             4.51738             1.76049       3       3
   10000       2       1       2      10       5     503       6       6      26     123      10      25            16.20000             2.90000             2.00941             0.31470             1.68643             0.33764          1394.47574             4.63920             1.75896       3       6
   10000       2       1       2      10       5     503       6       6      27     107       9      23            14.77778             2.88889             1.93323             0.34674             1.67150             0.34157          1589.33374             4.65220             1.60305       2       1
   10000       2       1       2      10       5     503       6       6      28      85       8      22            13.87500             2.75000             1.85670             0.35978             1.63639             0.33665          1675.84256             4.87426             1.67843       6       4
   10000       2       1       2      10       5     503       6       6      29      75       7      26            11.28571             2.71429             1.71153             0.40677             1.61166             0.31339          2072.49497             5.10645             1.09931       1       2
   10000       2       1       2      10       5     503       6       6      30      56       6      19            10.00000             2.66667             1.58450             0.42876             1.58397             0.30080          2234.67310             5.47503             1.11587       4       2
