   10000       2       1       2      10      11     465       6       6       0     465      36       0            20.86111             3.02778             2.26933             0.23432             1.65535             0.34821           866.06190             3.76657             2.53990       0       0
   10000       2       1       2      10      11     465       6       6       1     447      35      31            20.40000             3.05714             2.24727             0.23711             1.65943             0.34085           883.05402             3.74570             2.47154       5       1
   10000       2       1       2      10      11     465       6       6       2     431      34      27            20.20588             3.05882             2.23947             0.23986             1.66282             0.33590           894.85353             3.74174             2.43783       5       5
   10000       2       1       2      10      11     465       6       6       3     414      33      28            19.78788             3.09091             2.22954             0.24520             1.67404             0.33299           927.68751             3.73772             2.37757       4       6
   10000       2       1       2      10      11     465       6       6       4     400      32      25            19.87500             3.09375             2.21019             0.24296             1.67613             0.33295           925.68920             3.75227             2.37463       2       3
   10000       2       1       2      10      11     465       6       6       5     387      31      26            19.87097             3.09677             2.19558             0.24166             1.69775             0.33650           922.28939             3.76944             2.35907       1       4
   10000       2       1       2      10      11     465       6       6       6     372      30      25            19.80000             3.06667             2.18299             0.24150             1.70079             0.33757           932.32081             3.77981             2.31387       4       4
   10000       2       1       2      10      11     465       6       6       7     360      29      26            19.58621             3.10345             2.15729             0.24356             1.69871             0.33466           946.09497             3.79243             2.23142       5       3
   10000       2       1       2      10      11     465       6       6       8     348      28      25            19.32143             3.03571             2.16969             0.25001             1.68366             0.33537           971.77201             3.78555             2.17256       6       4
   10000       2       1       2      10      11     465       6       6       9     333      27      25            19.37037             3.14815             2.17018             0.25061             1.70271             0.33417           971.70969             3.78393             2.15562       3       3
   10000       2       1       2      10      11     465       6       6      10     318      26      30            19.15385             3.23077             2.12260             0.24825             1.70571             0.32612           980.61782             3.75926             2.10260       3       5
   10000       2       1       2      10      11     465       6       6      11     304      25      24            18.80000             3.20000             2.14780             0.25477             1.69384             0.31386           992.16219             3.80252             2.02288       2       5
   10000       2       1       2      10      11     465       6       6      12     287      24      23            18.50000             3.12500             2.12589             0.25691             1.70660             0.31398          1014.76480             3.77888             1.96392       3       2
   10000       2       1       2      10      11     465       6       6      13     278      23      25            18.17391             3.17391             2.09897             0.25889             1.70545             0.30359          1037.04431             3.78909             1.87282       1       2
   10000       2       1       2      10      11     465       6       6      14     268      22      27            17.54545             3.13636             2.07786             0.26638             1.68131             0.30362          1070.33579             3.81516             1.76052       2       1
   10000       2       1       2      10      11     465       6       6      15     262      21      23            17.09524             3.09524             2.06968             0.27319             1.66676             0.30200          1104.35662             3.81638             1.63645       6       2
   10000       2       1       2      10      11     465       6       6      16     243      20      21            16.60000             3.10000             2.06826             0.28168             1.65982             0.31102          1144.64169             3.81736             1.62606       4       3
   10000       2       1       2      10      11     465       6       6      17     230      19      21            16.31579             3.10526             2.07451             0.28643             1.66698             0.32272          1158.02218             3.78990             1.58917       3       6
   10000       2       1       2      10      11     465       6       6      18     226      18      21            15.77778             3.16667             2.07017             0.29555             1.69004             0.30706          1195.11655             3.81150             1.47240       1       6
   10000       2       1       2      10      11     465       6       6      19     215      17      20            15.41176             3.11765             2.06776             0.30341             1.68467             0.31114          1233.61939             3.82113             1.40044       5       2
   10000       2       1       2      10      11     465       6       6      20     201      16      19            14.93750             3.18750             2.04977             0.31218             1.68817             0.31151          1262.93077             3.81957             1.34068       3       1
   10000       2       1       2      10      11     465       6       6      21     184      15      18            14.73333             3.13333             2.05308             0.31731             1.65953             0.31659          1295.31254             3.78643             1.35206       6       1
   10000       2       1       2      10      11     465       6       6      22     180      14      18            14.42857             3.07143             2.04983             0.32385             1.61536             0.31094          1339.36586             3.82748             1.22154       6       6
   10000       2       1       2      10      11     465       6       6      23     174      13      16            14.07692             3.07692             2.01436             0.32647             1.60983             0.31922          1363.20397             3.85631             1.11929       3       4
   10000       2       1       2      10      11     465       6       6      24     160      12      15            14.00000             3.16667             2.01555             0.32986             1.63088             0.31606          1358.71076             3.90201             1.11732       5       6
   10000       2       1       2      10      11     465       6       6      25     145      11      15            13.90909             3.18182             2.00484             0.33215             1.62980             0.31232          1349.68206             3.96607             1.12799       6       5
   10000       2       1       2      10      11     465       6       6      26     136      10      13            13.70000             3.00000             1.97272             0.33867             1.55659             0.32403          1427.56337             3.99662             1.01245       4       1
   10000       2       1       2      10      11     465       6       6      27     124       9      12            13.88889             2.88889             1.95117             0.33252             1.53762             0.33983          1439.22782             4.01061             1.01384       5       4
   10000       2       1       2      10      11     465       6       6      28     114       8      10            14.37500             3.00000             1.95757             0.32131             1.57704             0.32676          1382.65877             4.09037             1.01557       6       3
   10000       2       1       2      10      11     465       6       6      29     106       7       8            15.28571             3.00000             2.00508             0.30089             1.57785             0.29180          1267.47267             4.06652             1.01779       4       2
   10000       2       1       2      10      11     465       6       6      30      98       6       8            16.50000             3.00000             2.11009             0.28556             1.60273             0.29282          1151.80458             3.71430             1.02076       4       5
