   10000       2       2       2      10       4     496       6       6       0     496      36       0            21.13889             3.02778             2.22575             0.23036             1.59494             0.35659           936.79100             3.61014             2.41911       0       0
   10000       2       2       2      10       4     496       6       6       1     483      35      21            21.34286             3.05714             2.22567             0.22817             1.61041             0.35712           925.74051             3.62808             2.43347       5       6
   10000       2       2       2      10       4     496       6       6       2     472      34      17            21.79412             3.08824             2.25026             0.22507             1.61766             0.36704           914.28197             3.60101             2.46461       4       3
   10000       2       2       2      10       4     496       6       6       3     459      33      20            22.33333             3.21212             2.26715             0.22282             1.67907             0.36163           904.43652             3.58979             2.51126       6       4
   10000       2       2       2      10       4     496       6       6       4     447      32      19            23.00000             3.28125             2.28345             0.21815             1.68434             0.36845           876.90842             3.59138             2.57062       3       5
   10000       2       2       2      10       4     496       6       6       5     435      31      33            22.96774             3.22581             2.27044             0.21656             1.70222             0.36879           873.50286             3.60015             2.58462       6       5
   10000       2       2       2      10       4     496       6       6       6     420      30      20            23.46667             3.20000             2.30958             0.21545             1.69921             0.36788           837.92283             3.63737             2.67971       3       2
   10000       2       2       2      10       4     496       6       6       7     406      29      20            24.31034             3.27586             2.34101             0.20972             1.74611             0.38061           777.83567             3.66694             2.71682       2       3
   10000       2       2       2      10       4     496       6       6       8     392      28      23            24.71429             3.25000             2.36234             0.20922             1.76754             0.38469           763.34456             3.66276             2.70397       5       2
   10000       2       2       2      10       4     496       6       6       9     380      27      20            24.81481             3.22222             2.35493             0.20786             1.77633             0.39243           748.25093             3.70411             2.68116       1       2
   10000       2       2       2      10       4     496       6       6      10     369      26      24            24.88462             3.23077             2.34559             0.20668             1.78620             0.38933           747.86453             3.73642             2.64317       3       1
   10000       2       2       2      10       4     496       6       6      11     356      25      36            24.48000             3.28000             2.32025             0.20798             1.79500             0.39402           750.71093             3.76316             2.57976       6       2
   10000       2       2       2      10       4     496       6       6      12     346      24      24            24.58333             3.29167             2.32968             0.20822             1.80659             0.40505           753.19224             3.77882             2.57323       6       1
   10000       2       2       2      10       4     496       6       6      13     331      23      24            24.34783             3.26087             2.30253             0.20850             1.80209             0.40351           752.84578             3.80657             2.56795       5       1
   10000       2       2       2      10       4     496       6       6      14     320      22      31            24.54545             3.31818             2.33717             0.21072             1.81673             0.42179           744.09305             3.81394             2.51664       4       6
   10000       2       2       2      10       4     496       6       6      15     315      21      12            24.85714             3.38095             2.31793             0.20350             1.84906             0.40984           735.71539             3.84579             2.38816       3       3
   10000       2       2       2      10       4     496       6       6      16     299      20      30            24.55000             3.35000             2.29930             0.20423             1.85769             0.41664           733.67407             3.85444             2.34569       3       6
   10000       2       2       2      10       4     496       6       6      17     279      19      37            23.63158             3.31579             2.27701             0.21019             1.85598             0.41608           759.18490             3.90432             2.30722       4       2
   10000       2       2       2      10       4     496       6       6      18     264      18      16            23.55556             3.27778             2.26520             0.20969             1.84683             0.38243           785.18159             3.85016             2.26790       6       3
   10000       2       2       2      10       4     496       6       6      19     256      17      26            23.82353             3.23529             2.31514             0.21152             1.84027             0.38637           762.12699             3.89087             2.15000       5       4
   10000       2       2       2      10       4     496       6       6      20     245      16      26            23.68750             3.25000             2.30265             0.21232             1.84393             0.38482           768.92637             3.93207             2.11670       5       5
   10000       2       2       2      10       4     496       6       6      21     239      15      20            24.06667             3.26667             2.33724             0.21285             1.83785             0.39910           762.46002             3.93456             2.04779       4       5
   10000       2       2       2      10       4     496       6       6      22     229      14      14            25.07143             3.28571             2.36235             0.20431             1.82785             0.38336           747.21049             3.94352             2.04727       1       6
   10000       2       2       2      10       4     496       6       6      23     216      13      28            24.46154             3.23077             2.30999             0.20591             1.84244             0.36242           775.65659             3.95382             1.96521       4       4
   10000       2       2       2      10       4     496       6       6      24     187      12      28            24.08333             3.25000             2.32770             0.21134             1.82776             0.37021           789.52781             3.95760             2.06734       6       6
   10000       2       2       2      10       4     496       6       6      25     176      11      26            24.18182             3.27273             2.31434             0.20939             1.82220             0.35538           790.04835             4.04727             2.04698       2       1
   10000       2       2       2      10       4     496       6       6      26     163      10      18            24.80000             3.30000             2.31112             0.20302             1.82795             0.35563           764.17595             4.01043             2.06437       4       1
   10000       2       2       2      10       4     496       6       6      27     148       9      15            25.77778             3.22222             2.34336             0.19449             1.78793             0.36476           727.27465             3.99529             2.16392       5       3
   10000       2       2       2      10       4     496       6       6      28     137       8      29            25.00000             3.37500             2.48142             0.21417             1.89923             0.40924           780.70378             3.95697             1.91662       2       5
   10000       2       2       2      10       4     496       6       6      29     128       7      27            24.57143             3.28571             2.47570             0.21856             1.90331             0.36914           789.38356             4.06829             1.65376       1       4
   10000       2       2       2      10       4     496       6       6      30     118       6      20            25.00000             3.33333             2.49100             0.21732             1.90849             0.34884           787.74488             3.99544             1.51790       3       4
