   10000       2       2       2       6       2     509       6       6       0     509      36       0            22.55556             2.97222             2.25679             0.22020             1.60747             0.37073           901.40119             3.36120             2.56709       0       0
   10000       2       2       2       6       2     509       6       6       1     498      35      22            22.80000             2.97143             2.27697             0.22076             1.61868             0.37187           896.09403             3.36671             2.57440       5       5
   10000       2       2       2       6       2     509       6       6       2     474      34      37            22.61765             3.02941             2.27179             0.22024             1.63805             0.38443           885.65138             3.39446             2.58449       5       1
   10000       2       2       2       6       2     509       6       6       3     459      33      23            23.00000             3.06061             2.28708             0.21586             1.64839             0.37804           846.23106             3.40263             2.65510       4       2
   10000       2       2       2       6       2     509       6       6       4     450      32      18            23.68750             3.06250             2.31078             0.21134             1.67788             0.37620           802.28318             3.41921             2.68322       1       4
   10000       2       2       2       6       2     509       6       6       5     436      31      23            23.61290             3.06452             2.30619             0.21202             1.68887             0.38113           812.43099             3.40273             2.66957       4       1
   10000       2       2       2       6       2     509       6       6       6     422      30      23            23.80000             3.03333             2.32786             0.21158             1.69066             0.39267           804.34086             3.38498             2.64708       5       2
   10000       2       2       2       6       2     509       6       6       7     411      29      20            23.96552             3.03448             2.35575             0.21323             1.69502             0.39782           802.08087             3.40987             2.61170       1       3
   10000       2       2       2       6       2     509       6       6       8     400      28      17            24.00000             3.03571             2.34436             0.21093             1.69941             0.39532           811.87611             3.34038             2.58999       1       1
   10000       2       2       2       6       2     509       6       6       9     392      27      12            25.40741             3.03704             2.35281             0.19830             1.70797             0.39458           769.68723             3.31649             2.67752       4       3
   10000       2       2       2       6       2     509       6       6      10     382      26      18            25.50000             3.11538             2.38079             0.19930             1.75132             0.39812           772.19710             3.31410             2.62113       5       6
   10000       2       2       2       6       2     509       6       6      11     373      25      23            25.84000             3.12000             2.37375             0.19622             1.75557             0.40283           765.25768             3.30957             2.60496       6       6
   10000       2       2       2       6       2     509       6       6      12     364      24      24            26.00000             3.16667             2.38735             0.19656             1.76903             0.41046           765.35421             3.30551             2.58016       6       5
   10000       2       2       2       6       2     509       6       6      13     358      23      20            26.73913             3.13043             2.40368             0.19262             1.76742             0.41818           750.04796             3.30780             2.57950       3       6
   10000       2       2       2       6       2     509       6       6      14     344      22      26            26.81818             3.04545             2.38389             0.19075             1.75317             0.42218           746.42793             3.34019             2.50403       2       2
   10000       2       2       2       6       2     509       6       6      15     334      21      21            26.71429             3.09524             2.37208             0.19031             1.76425             0.41034           748.02411             3.37528             2.42132       1       6
   10000       2       2       2       6       2     509       6       6      16     314      20      36            26.20000             3.10000             2.34331             0.19091             1.78924             0.42786           762.21197             3.36702             2.34645       5       4
   10000       2       2       2       6       2     509       6       6      17     302      19      23            25.68421             3.26316             2.33140             0.19575             1.80429             0.40050           786.59760             3.34053             2.25365       2       1
   10000       2       2       2       6       2     509       6       6      18     284      18      28            25.44444             3.27778             2.30544             0.19631             1.79106             0.40001           796.36755             3.33939             2.23906       6       4
   10000       2       2       2       6       2     509       6       6      19     273      17      30            26.17647             3.29412             2.31537             0.19473             1.83924             0.41269           786.39773             3.38162             2.24052       2       4
   10000       2       2       2       6       2     509       6       6      20     258      16      21            26.37500             3.37500             2.35470             0.19812             1.85798             0.43005           784.40240             3.41303             2.25461       6       1
   10000       2       2       2       6       2     509       6       6      21     244      15      25            26.40000             3.40000             2.35018             0.19751             1.85608             0.42213           766.56795             3.46815             2.25568       1       5
   10000       2       2       2       6       2     509       6       6      22     240      14      22            26.71429             3.50000             2.34254             0.19503             1.86507             0.41486           766.02170             3.46601             2.08040       2       3
   10000       2       2       2       6       2     509       6       6      23     227      13      33            27.23077             3.53846             2.38955             0.19489             1.89104             0.40499           746.37778             3.50478             2.08558       3       4
   10000       2       2       2       6       2     509       6       6      24     218      12      15            28.25000             3.58333             2.42753             0.18811             1.89386             0.40105           720.27943             3.44851             2.09166       1       2
   10000       2       2       2       6       2     509       6       6      25     207      11      33            27.72727             3.45455             2.38474             0.18922             1.88689             0.40354           739.99416             3.44058             1.99059       6       3
   10000       2       2       2       6       2     509       6       6      26     188      10      28            27.60000             3.50000             2.39311             0.19287             1.89115             0.39614           760.66913             3.39771             1.95542       5       3
   10000       2       2       2       6       2     509       6       6      27     171       9      17            28.66667             3.55556             2.42069             0.18517             1.93649             0.38956           726.83700             3.34784             2.05814       6       2
   10000       2       2       2       6       2     509       6       6      28     143       8      38            26.37500             3.50000             2.36730             0.19383             1.90256             0.40652           763.16109             3.39336             1.87821       3       5
   10000       2       2       2       6       2     509       6       6      29     125       7      31            25.14286             3.71429             2.27995             0.19623             1.99868             0.39665           789.06618             3.43988             1.78284       2       5
   10000       2       2       2       6       2     509       6       6      30     107       6      29            24.50000             3.83333             2.28997             0.20283             1.97561             0.39134           803.41246             3.52074             1.72973       2       6
