   10000       2       2       2       7       2     508       6       6       0     508      36       0            20.91667             3.02778             2.17896             0.23201             1.65907             0.34872           966.72845             3.87881             2.34215       0       0
   10000       2       2       2       7       2     508       6       6       1     496      35      22            21.48571             2.97143             2.19471             0.22856             1.65527             0.35074           945.00498             3.88536             2.36082       5       4
   10000       2       2       2       7       2     508       6       6       2     467      34      27            21.20588             3.00000             2.19965             0.23354             1.67451             0.35464           950.90093             3.89143             2.44090       5       1
   10000       2       2       2       7       2     508       6       6       3     460      33       8            21.93939             3.12121             2.22255             0.22568             1.72601             0.35553           834.16484             3.90940             2.46794       2       5
   10000       2       2       2       7       2     508       6       6       4     446      32      24            22.12500             3.06250             2.25598             0.22779             1.69387             0.36752           825.59907             3.92631             2.44441       3       6
   10000       2       2       2       7       2     508       6       6       5     432      31      20            22.06452             3.06452             2.26316             0.22904             1.69977             0.36870           833.78199             3.93244             2.44242       6       6
   10000       2       2       2       7       2     508       6       6       6     417      30      32            21.66667             3.10000             2.26215             0.23303             1.72222             0.36652           848.39013             3.95156             2.36198       6       2
   10000       2       2       2       7       2     508       6       6       7     398      29      27            22.10345             3.13793             2.27228             0.22777             1.71754             0.37324           822.70554             3.91154             2.42035       4       3
   10000       2       2       2       7       2     508       6       6       8     390      28      19            22.25000             3.14286             2.28714             0.22835             1.73077             0.38583           827.69008             3.91561             2.38693       1       6
   10000       2       2       2       7       2     508       6       6       9     378      27      17            22.44444             3.11111             2.29224             0.22734             1.73348             0.39309           818.10749             3.90828             2.40868       2       6
   10000       2       2       2       7       2     508       6       6      10     368      26      31            22.38462             3.26923             2.29908             0.22559             1.75831             0.38636           801.18477             3.94636             2.35935       1       4
   10000       2       2       2       7       2     508       6       6      11     354      25      17            22.76000             3.20000             2.29122             0.22068             1.75909             0.37520           774.01387             3.96705             2.40896       4       4
   10000       2       2       2       7       2     508       6       6      12     339      24      25            23.20833             3.16667             2.33202             0.21668             1.74814             0.38982           734.08940             3.96697             2.43288       2       1
   10000       2       2       2       7       2     508       6       6      13     322      23      30            22.82609             3.13043             2.30412             0.21932             1.74850             0.39287           744.17869             4.00977             2.41478       6       3
   10000       2       2       2       7       2     508       6       6      14     308      22      19            23.04545             3.09091             2.28309             0.21506             1.76643             0.39091           735.87826             4.02974             2.41751       2       2
   10000       2       2       2       7       2     508       6       6      15     304      21      13            23.90476             3.14286             2.33608             0.20987             1.78886             0.39320           719.04360             3.93832             2.37681       3       1
   10000       2       2       2       7       2     508       6       6      16     296      20      21            23.90000             3.20000             2.30540             0.20704             1.80185             0.38279           726.91741             3.93243             2.27015       2       4
   10000       2       2       2       7       2     508       6       6      17     288      19      23            23.63158             3.26316             2.31775             0.20952             1.85067             0.38811           738.34904             3.90214             2.19174       5       2
   10000       2       2       2       7       2     508       6       6      18     277      18      23            23.66667             3.27778             2.31542             0.20958             1.84175             0.38057           740.46161             3.85300             2.13533       5       3
   10000       2       2       2       7       2     508       6       6      19     263      17      23            23.70588             3.23529             2.33179             0.21190             1.85850             0.39240           745.34725             3.89226             2.13094       6       5
   10000       2       2       2       7       2     508       6       6      20     249      16      25            23.56250             3.25000             2.29464             0.20871             1.81162             0.37635           757.84836             3.90340             2.02986       3       2
   10000       2       2       2       7       2     508       6       6      21     231      15      25            23.46667             3.33333             2.27141             0.20901             1.83815             0.36841           766.49116             3.87917             2.04420       1       5
   10000       2       2       2       7       2     508       6       6      22     225      14      22            23.35714             3.28571             2.23721             0.20663             1.85266             0.35663           797.51447             3.86615             1.95101       4       1
   10000       2       2       2       7       2     508       6       6      23     212      13      19            23.69231             3.38462             2.25484             0.20560             1.86507             0.35243           766.77915             3.90828             1.95919       6       4
   10000       2       2       2       7       2     508       6       6      24     201      12      30            23.41667             3.50000             2.19993             0.20396             1.88641             0.35135           789.00905             3.88248             1.80316       4       5
   10000       2       2       2       7       2     508       6       6      25     184      11      20            23.72727             3.45455             2.18897             0.20064             1.87888             0.35309           758.61006             3.76854             1.84240       4       2
   10000       2       2       2       7       2     508       6       6      26     168      10      25            23.70000             3.60000             2.17615             0.20016             1.89151             0.35757           779.67788             3.79082             1.76176       1       3
   10000       2       2       2       7       2     508       6       6      27     163       9      16            24.88889             3.66667             2.20619             0.19179             1.91631             0.35562           740.19583             3.80216             1.63777       2       3
   10000       2       2       2       7       2     508       6       6      28     148       8      16            26.00000             3.75000             2.21538             0.18019             1.93854             0.34561           727.57511             3.70253             1.70290       6       1
   10000       2       2       2       7       2     508       6       6      29     137       7      23            26.14286             3.85714             2.22461             0.17900             1.97934             0.34662           705.47999             3.75605             1.57978       3       5
   10000       2       2       2       7       2     508       6       6      30     121       6      24            27.50000             3.83333             2.22595             0.17075             1.98891             0.32178           653.80667             3.78063             1.56792       4       6
