   10000       2       1       1       1       6     546       6       6       0     546      36       0            21.88889             3.11111             2.26232             0.22006             1.62450             0.32094           843.01095             3.63284             2.18994       0       0
   10000       2       1       1       1       6     546       6       6       1     532      35      17            22.11429             3.17143             2.27310             0.21974             1.64598             0.32187           830.07560             3.64424             2.20805       6       1
   10000       2       1       1       1       6     546       6       6       2     515      34      22            22.05882             3.11765             2.27906             0.22144             1.64831             0.32068           834.67188             3.66398             2.19092       3       6
   10000       2       1       1       1       6     546       6       6       3     497      33      24            22.03030             3.15152             2.27134             0.22104             1.64287             0.31246           828.58553             3.67764             2.17475       2       4
   10000       2       1       1       1       6     546       6       6       4     485      32      16            22.25000             3.18750             2.26067             0.21908             1.65136             0.31240           819.90466             3.68304             2.17133       4       4
   10000       2       1       1       1       6     546       6       6       5     467      31      25            22.48387             3.09677             2.26546             0.21694             1.63754             0.31544           806.18200             3.69013             2.19118       5       3
   10000       2       1       1       1       6     546       6       6       6     461      30      16            22.73333             3.16667             2.26465             0.21458             1.64504             0.31091           798.95445             3.66965             2.14834       4       6
   10000       2       1       1       1       6     546       6       6       7     447      29      25            22.75862             3.13793             2.27813             0.21638             1.63393             0.31050           804.44328             3.66003             2.11232       5       2
   10000       2       1       1       1       6     546       6       6       8     438      28      20            22.89286             3.10714             2.28023             0.21443             1.62922             0.31390           796.20909             3.68095             2.08121       2       3
   10000       2       1       1       1       6     546       6       6       9     420      27      22            23.25926             3.11111             2.28498             0.21066             1.65708             0.30861           776.95025             3.68027             2.08997       5       5
   10000       2       1       1       1       6     546       6       6      10     404      26      24            23.03846             3.15385             2.27092             0.21229             1.65795             0.30404           789.10592             3.69342             2.06580       1       6
   10000       2       1       1       1       6     546       6       6      11     388      25      25            23.20000             3.16000             2.30342             0.21536             1.65442             0.31289           792.49342             3.69378             2.06294       4       1
   10000       2       1       1       1       6     546       6       6      12     366      24      28            22.62500             3.16667             2.25621             0.21602             1.65398             0.30649           813.25600             3.69994             2.01422       4       3
   10000       2       1       1       1       6     546       6       6      13     355      23      18            22.73913             3.13043             2.26129             0.21529             1.64270             0.30350           825.76773             3.66981             2.00553       5       6
   10000       2       1       1       1       6     546       6       6      14     341      22      28            22.22727             3.13636             2.25080             0.21894             1.65792             0.31452           858.30887             3.59670             1.94108       6       5
   10000       2       1       1       1       6     546       6       6      15     334      21      18            22.09524             3.19048             2.28226             0.22334             1.66651             0.32078           865.59290             3.55814             1.80090       2       2
   10000       2       1       1       1       6     546       6       6      16     316      20      30            21.70000             3.20000             2.23770             0.22238             1.66736             0.32212           872.21889             3.57696             1.74922       2       5
   10000       2       1       1       1       6     546       6       6      17     302      19      17            21.63158             3.21053             2.25368             0.22401             1.68631             0.32985           863.64311             3.61141             1.72952       6       2
   10000       2       1       1       1       6     546       6       6      18     288      18      32            20.88889             3.16667             2.23928             0.22925             1.67027             0.33502           885.89763             3.65109             1.61302       3       2
   10000       2       1       1       1       6     546       6       6      19     274      17      20            21.11765             3.17647             2.29150             0.23178             1.67899             0.32552           892.06018             3.64473             1.58264       1       2
   10000       2       1       1       1       6     546       6       6      20     253      16      24            20.68750             3.18750             2.29780             0.23719             1.68323             0.33118           916.61532             3.55878             1.57140       1       1
   10000       2       1       1       1       6     546       6       6      21     236      15      16            21.00000             3.26667             2.31934             0.23565             1.70656             0.32214           893.24182             3.51305             1.61618       6       6
   10000       2       1       1       1       6     546       6       6      22     224      14      22            20.71429             3.28571             2.32780             0.23953             1.70058             0.32424           897.38097             3.54380             1.52614       3       4
   10000       2       1       1       1       6     546       6       6      23     214      13      24            20.07692             3.23077             2.30085             0.24464             1.70978             0.31338           936.67098             3.58290             1.39069       1       4
   10000       2       1       1       1       6     546       6       6      24     195      12      22            19.25000             3.33333             2.26328             0.25492             1.74232             0.31108           999.13510             3.60122             1.32946       3       1
   10000       2       1       1       1       6     546       6       6      25     186      11      25            18.72727             3.27273             2.22554             0.25699             1.73292             0.31384          1032.14769             3.56672             1.20439       6       4
   10000       2       1       1       1       6     546       6       6      26     172      10      15            19.10000             3.30000             2.26643             0.25655             1.75709             0.31139          1006.46351             3.58649             1.21292       1       5
   10000       2       1       1       1       6     546       6       6      27     161       9      20            18.66667             3.44444             2.22138             0.25880             1.77115             0.31037          1038.45511             3.57680             1.08627       4       5
   10000       2       1       1       1       6     546       6       6      28     139       8      24            18.00000             3.37500             2.19697             0.26488             1.74798             0.32199          1064.61874             3.60775             1.06764       3       3
   10000       2       1       1       1       6     546       6       6      29     120       7      19            17.85714             3.42857             2.20256             0.26847             1.76753             0.32830          1046.92525             3.57582             1.07731       1       3
   10000       2       1       1       1       6     546       6       6      30     100       6      23            17.00000             3.50000             2.16385             0.27632             1.77424             0.33757          1069.80496             3.63247             1.04247       6       3
   10000       2       1       1       1       6     546       6       6      31      79       5      22            16.00000             3.40000             2.10571             0.28484             1.71957             0.33841          1100.59871             3.68138             1.02605       2       6
   10000       2       1       1       1       6     546       6       6      32      65       4      14            16.50000             3.50000             2.22143             0.29286             1.78407             0.34609          1091.63575             3.64994             1.03256       3       5
   10000       2       1       1       1       6     546       6       6      33      44       3      21            15.00000             3.66667             2.20000             0.31429             1.84543             0.34479          1158.24413             3.79520             1.04342       5       4
   10000       2       1       1       1       6     546       6       6      34      30       2      15            15.00000             3.50000             2.33333             0.33333             1.83957             0.37433          1172.40350             3.56164             1.00000       4       2
   10000       2       1       1       1       6     546       6       6      35      18       1      12            18.00000             3.00000             2.83333             0.33333             1.58824             0.29412           940.10184             3.59394             1.00000       2       1
   10000       2       1       1       1       6     546       6       6      36       0       0      18             0.00000             0.00000             0.00000             0.00000             0.00000             0.00000             0.00000             0.00000             0.00000       5       1
