   10000       2       1       2      12      11     508       6       6       0     508      36       0            20.91667             3.02778             2.17896             0.23201             1.65907             0.34872           966.72843             3.87881             2.34215       0       0
   10000       2       1       2      12      11     508       6       6       1     491      35      29            20.51429             3.05714             2.17358             0.23545             1.66246             0.34853           981.45630             3.87585             2.28601       6       2
   10000       2       1       2      12      11     508       6       6       2     475      34      29            20.11765             3.02941             2.16885             0.24103             1.65596             0.35066          1000.53480             3.87075             2.22238       5       1
   10000       2       1       2      12      11     508       6       6       3     459      33      28            20.03030             3.00000             2.14901             0.23990             1.63774             0.35472          1001.58031             3.88357             2.20017       5       5
   10000       2       1       2      12      11     508       6       6       4     441      32      28            19.78125             2.93750             2.15971             0.24752             1.62670             0.35283          1034.58554             3.87459             2.16885       1       5
   10000       2       1       2      12      11     508       6       6       5     427      31      25            19.83871             2.96774             2.14076             0.24211             1.62522             0.35486          1017.14327             3.85473             2.16649       4       3
   10000       2       1       2      12      11     508       6       6       6     406      30      25            19.80000             2.93333             2.15831             0.24393             1.62474             0.33443          1021.10902             3.87442             2.20021       5       6
   10000       2       1       2      12      11     508       6       6       7     393      29      28            19.44828             3.03448             2.14256             0.24654             1.64278             0.33885          1037.87717             3.89513             2.17037       6       5
   10000       2       1       2      12      11     508       6       6       8     378      28      25            19.32143             3.03571             2.13188             0.24756             1.63931             0.33632          1048.81242             3.91864             2.13953       5       4
   10000       2       1       2      12      11     508       6       6       9     360      27      27            18.74074             2.96296             2.10337             0.25227             1.62571             0.33369          1078.01082             3.97010             2.11113       6       3
   10000       2       1       2      12      11     508       6       6      10     344      26      25            18.50000             2.92308             2.08280             0.25801             1.59979             0.34591          1091.07259             4.00890             2.09889       2       1
   10000       2       1       2      12      11     508       6       6      11     328      25      24            18.56000             2.88000             2.06589             0.25535             1.58811             0.34663          1076.85719             4.03759             2.06524       3       5
   10000       2       1       2      12      11     508       6       6      12     314      24      25            18.00000             2.91667             2.06837             0.26952             1.55919             0.34628          1195.10920             4.03243             1.97491       2       6
   10000       2       1       2      12      11     508       6       6      13     299      23      23            17.91304             2.86957             2.05897             0.26878             1.54927             0.36033          1185.29531             3.93351             1.93963       4       2
   10000       2       1       2      12      11     508       6       6      14     283      22      25            17.59091             2.90909             2.04892             0.26909             1.54361             0.35491          1196.80928             3.95903             1.86667       2       2
   10000       2       1       2      12      11     508       6       6      15     267      21      22            17.23810             2.90476             2.04707             0.27337             1.54665             0.32271          1182.72901             4.01854             1.84435       1       2
   10000       2       1       2      12      11     508       6       6      16     251      20      23            17.00000             2.90000             2.05325             0.27798             1.55780             0.34393          1175.06281             4.07490             1.80327       1       4
   10000       2       1       2      12      11     508       6       6      17     240      19      22            16.78947             2.78947             2.03239             0.27930             1.53116             0.33337          1176.94784             4.08110             1.74627       4       6
   10000       2       1       2      12      11     508       6       6      18     232      18      20            16.44444             2.77778             2.01993             0.28322             1.53086             0.33792          1194.19043             4.06129             1.66072       4       4
   10000       2       1       2      12      11     508       6       6      19     221      17      21            16.23529             2.70588             1.96265             0.29185             1.50881             0.32073          1534.88508             4.07463             1.50481       2       4
   10000       2       1       2      12      11     508       6       6      20     202      16      19            16.06250             2.68750             1.93259             0.29297             1.50292             0.33018          1583.48405             4.11461             1.53636       1       1
   10000       2       1       2      12      11     508       6       6      21     184      15      18            15.93333             2.66667             1.95227             0.29988             1.49272             0.33716          1635.08816             4.08800             1.57212       4       5
   10000       2       1       2      12      11     508       6       6      22     169      14      18            15.35714             2.64286             1.90878             0.30605             1.51940             0.33044          1720.04347             4.04043             1.54307       5       2
   10000       2       1       2      12      11     508       6       6      23     152      13      18            15.07692             2.69231             1.87877             0.30978             1.55617             0.33092          1784.18317             4.08137             1.57024       3       6
   10000       2       1       2      12      11     508       6       6      24     136      12      17            14.91667             2.66667             1.86573             0.31465             1.54730             0.34287          1867.54270             4.09942             1.60699       6       6
   10000       2       1       2      12      11     508       6       6      25     131      11      16            15.27273             2.63636             1.94405             0.32234             1.54575             0.34949          1921.23610             4.08206             1.55175       2       3
   10000       2       1       2      12      11     508       6       6      26     116      10      16            15.20000             2.80000             1.92541             0.32673             1.57013             0.36232          1972.68088             4.20441             1.59257       6       4
   10000       2       1       2      12      11     508       6       6      27     101       9      15            15.22222             2.77778             1.89265             0.32829             1.54856             0.33403          2078.03891             4.25025             1.65841       6       1
   10000       2       1       2      12      11     508       6       6      28      89       8      12            15.62500             2.75000             1.85839             0.32008             1.52622             0.34169          2188.84369             4.28524             1.74071       1       6
   10000       2       1       2      12      11     508       6       6      29      84       7       8            16.28571             3.00000             1.91287             0.31751             1.64898             0.31305          2373.04932             3.78655             1.65729       4       1
   10000       2       1       2      12      11     508       6       6      30      81       6       3            18.50000             3.50000             2.10608             0.25800             1.76472             0.37280           968.26865             3.87089             1.76684       2       5
