   10000       2       1       2       5       9     514       6       6       0     514      36       0            21.69444             3.13889             2.30008             0.22645             1.65036             0.33603           860.60524             3.60649             2.37765       0       0
   10000       2       1       2       5       9     514       6       6       1     501      35      23            21.77143             3.08571             2.29702             0.22557             1.64833             0.32652           856.04721             3.61006             2.33968       2       2
   10000       2       1       2       5       9     514       6       6       2     486      34      21            21.70588             3.05882             2.27949             0.22546             1.64327             0.33021           868.74701             3.60960             2.31995       2       6
   10000       2       1       2       5       9     514       6       6       3     465      33      28            21.51515             3.06061             2.28189             0.22747             1.64936             0.33299           875.06431             3.60513             2.30356       3       3
   10000       2       1       2       5       9     514       6       6       4     447      32      28            21.34375             3.15625             2.29075             0.23059             1.66623             0.32789           889.93648             3.58863             2.24676       2       4
   10000       2       1       2       5       9     514       6       6       5     434      31      19            21.41935             3.16129             2.28184             0.22856             1.67369             0.32371           876.17145             3.61891             2.24792       1       4
   10000       2       1       2       5       9     514       6       6       6     417      30      19            21.20000             3.13333             2.29057             0.23240             1.66625             0.32462           885.53743             3.59339             2.26076       1       6
   10000       2       1       2       5       9     514       6       6       7     398      29      15            21.00000             3.10345             2.26800             0.23297             1.66308             0.32675           909.31528             3.55695             2.27960       1       5
   10000       2       1       2       5       9     514       6       6       8     391      28      21            21.00000             3.14286             2.23798             0.22979             1.67674             0.32186           914.77527             3.55063             2.18432       6       3
   10000       2       1       2       5       9     514       6       6       9     381      27      14            21.33333             3.11111             2.26761             0.22876             1.68002             0.31908           905.48206             3.51269             2.19981       5       3
   10000       2       1       2       5       9     514       6       6      10     371      26      21            21.50000             3.03846             2.27484             0.22693             1.67301             0.30889           898.80717             3.50713             2.17476       5       2
   10000       2       1       2       5       9     514       6       6      11     351      25      32            21.12000             3.08000             2.24952             0.22743             1.66328             0.31405           909.48230             3.52248             2.16081       2       1
   10000       2       1       2       5       9     514       6       6      12     342      24      15            21.54167             3.12500             2.27561             0.22571             1.68193             0.32004           905.06844             3.49068             2.13645       5       4
   10000       2       1       2       5       9     514       6       6      13     330      23      24            21.65217             3.08696             2.27392             0.22476             1.69918             0.32621           900.95588             3.45421             2.04182       4       5
   10000       2       1       2       5       9     514       6       6      14     317      22      22            21.59091             3.13636             2.26295             0.22537             1.72486             0.32606           908.11649             3.47440             2.00033       3       2
   10000       2       1       2       5       9     514       6       6      15     308      21      13            21.95238             3.14286             2.29007             0.22236             1.74249             0.34916           892.60703             3.44417             2.00148       2       5
   10000       2       1       2       5       9     514       6       6      16     301      20      18            21.85000             3.05000             2.28725             0.22259             1.73214             0.34844           906.03503             3.44242             1.93474       6       1
   10000       2       1       2       5       9     514       6       6      17     290      19      20            22.00000             3.10526             2.26335             0.21826             1.73620             0.35087           905.57529             3.44228             1.87997       4       2
   10000       2       1       2       5       9     514       6       6      18     281      18      19            22.16667             3.22222             2.28414             0.22003             1.74876             0.34327           899.13110             3.46677             1.80709       3       6
   10000       2       1       2       5       9     514       6       6      19     267      17      25            21.70588             3.17647             2.26975             0.22466             1.73831             0.33623           925.59141             3.50800             1.74914       4       1
   10000       2       1       2       5       9     514       6       6      20     252      16      27            21.62500             3.12500             2.27413             0.22586             1.73336             0.34197           926.72986             3.53291             1.70362       5       6
   10000       2       1       2       5       9     514       6       6      21     236      15      19            21.80000             3.06667             2.29321             0.22624             1.70077             0.34624           923.06198             3.53979             1.73095       4       6
   10000       2       1       2       5       9     514       6       6      22     216      14      23            21.35714             3.07143             2.27102             0.22920             1.70574             0.31687           941.58818             3.54981             1.72057       4       3
   10000       2       1       2       5       9     514       6       6      23     197      13      24            20.84615             3.23077             2.24619             0.23256             1.70810             0.31167           980.65387             3.52205             1.70373       2       3
   10000       2       1       2       5       9     514       6       6      24     179      12      23            20.66667             3.25000             2.23071             0.23351             1.69564             0.31197           998.99243             3.50454             1.72168       6       2
   10000       2       1       2       5       9     514       6       6      25     167      11      19            20.63636             3.09091             2.23659             0.23358             1.67951             0.28140           996.76554             3.55010             1.66288       3       5
   10000       2       1       2       5       9     514       6       6      26     152      10      15            21.00000             3.00000             2.25177             0.22952             1.64625             0.30145           971.54399             3.56438             1.71393       3       1
   10000       2       1       2       5       9     514       6       6      27     138       9      21            20.33333             3.11111             2.24270             0.23862             1.68631             0.30954          1035.14648             3.52772             1.64881       4       4
   10000       2       1       2       5       9     514       6       6      28     123       8      15            21.00000             3.00000             2.27304             0.23273             1.67219             0.34625           967.00482             3.54415             1.72991       3       4
   10000       2       1       2       5       9     514       6       6      29     102       7      21            21.00000             3.00000             2.29164             0.23537             1.66607             0.34492           937.49098             3.62816             1.83419       5       1
   10000       2       1       2       5       9     514       6       6      30      91       6      16            21.16667             3.00000             2.32499             0.23302             1.67207             0.37159           921.82059             3.54283             1.71398       5       5
