   10000       2       2       2       4       9     523       6       6       0     523      36       0            22.19444             3.02778             2.32437             0.22473             1.62973             0.34372           814.90618             3.76329             2.41033       0       0
   10000       2       2       2       4       9     523       6       6       1     500      35      25            22.31429             3.00000             2.34796             0.22573             1.62910             0.35459           811.69090             3.76117             2.44115       6       3
   10000       2       2       2       4       9     523       6       6       2     481      34      31            22.44118             3.00000             2.36959             0.22718             1.64373             0.36160           804.33890             3.75501             2.46525       2       5
   10000       2       2       2       4       9     523       6       6       3     471      33      29            22.54545             3.03030             2.35696             0.22494             1.65004             0.35356           801.07172             3.75079             2.44597       1       5
   10000       2       2       2       4       9     523       6       6       4     458      32      21            23.21875             3.00000             2.36400             0.21784             1.66674             0.36271           766.51314             3.76440             2.48749       2       2
   10000       2       2       2       4       9     523       6       6       5     447      31      24            23.45161             3.00000             2.35404             0.21515             1.67796             0.35640           748.50379             3.79661             2.45818       1       1
   10000       2       2       2       4       9     523       6       6       6     434      30      20            23.60000             2.93333             2.39900             0.21795             1.67217             0.36929           741.27825             3.80451             2.47725       6       2
   10000       2       2       2       4       9     523       6       6       7     422      29      19            23.51724             2.93103             2.38474             0.21704             1.69144             0.36648           742.94635             3.82646             2.45221       1       2
   10000       2       2       2       4       9     523       6       6       8     411      28      24            24.03571             2.96429             2.39367             0.21391             1.72127             0.37296           735.46433             3.81697             2.47093       5       2
   10000       2       2       2       4       9     523       6       6       9     403      27      19            24.25926             2.92593             2.39529             0.21196             1.70292             0.36293           728.38861             3.79938             2.45094       6       1
   10000       2       2       2       4       9     523       6       6      10     389      26      30            24.07692             2.96154             2.40154             0.21448             1.69237             0.37247           728.75484             3.83034             2.37614       2       3
   10000       2       2       2       4       9     523       6       6      11     379      25      24            24.24000             3.00000             2.37934             0.21070             1.70961             0.36178           728.13933             3.81812             2.33092       4       2
   10000       2       2       2       4       9     523       6       6      12     367      24      21            24.12500             3.04167             2.36396             0.21013             1.69707             0.35829           732.26232             3.82488             2.27659       2       4
   10000       2       2       2       4       9     523       6       6      13     356      23      24            24.34783             3.08696             2.36078             0.20804             1.71014             0.36375           723.52509             3.85688             2.23710       6       6
   10000       2       2       2       4       9     523       6       6      14     341      22      28            23.95455             3.22727             2.34566             0.20988             1.73199             0.36140           742.16094             3.87305             2.22188       1       4
   10000       2       2       2       4       9     523       6       6      15     326      21      21            25.09524             3.28571             2.40867             0.20597             1.76328             0.38637           705.55512             3.89669             2.31323       4       4
   10000       2       2       2       4       9     523       6       6      16     316      20      23            25.00000             3.35000             2.37659             0.20432             1.77970             0.38304           712.66737             3.90790             2.26657       5       3
   10000       2       2       2       4       9     523       6       6      17     305      19      25            24.89474             3.31579             2.40692             0.20786             1.77417             0.39085           707.71276             3.92691             2.20044       4       3
   10000       2       2       2       4       9     523       6       6      18     285      18      16            24.94444             3.27778             2.39841             0.20809             1.77200             0.39609           719.56030             3.95659             2.20888       6       4
   10000       2       2       2       4       9     523       6       6      19     271      17      23            24.82353             3.17647             2.41128             0.21053             1.77669             0.39738           729.46898             3.96442             2.13570       2       6
   10000       2       2       2       4       9     523       6       6      20     260      16      13            25.62500             3.25000             2.42813             0.20174             1.80326             0.40566           678.85646             3.99374             2.18258       6       5
   10000       2       2       2       4       9     523       6       6      21     250      15      17            26.26667             3.26667             2.47657             0.20027             1.79828             0.40980           660.61712             3.97926             2.21500       1       6
   10000       2       2       2       4       9     523       6       6      22     243      14      21            27.35714             3.21429             2.49621             0.19218             1.82700             0.40972           643.33199             3.92149             2.15098       4       5
   10000       2       2       2       4       9     523       6       6      23     234      13      22            27.30769             3.15385             2.53444             0.19493             1.86192             0.43467           647.28556             3.96405             2.01256       4       1
   10000       2       2       2       4       9     523       6       6      24     221      12      31            26.83333             3.25000             2.47137             0.19394             1.86696             0.41661           649.99531             4.04216             1.93110       5       5
   10000       2       2       2       4       9     523       6       6      25     203      11      29            26.63636             3.36364             2.50605             0.19871             1.87747             0.41188           649.15830             4.11637             1.91492       2       1
   10000       2       2       2       4       9     523       6       6      26     191      10      20            26.90000             3.60000             2.48363             0.19464             1.90586             0.40908           646.60717             4.09995             1.84480       5       6
   10000       2       2       2       4       9     523       6       6      27     173       9      26            26.88889             3.55556             2.46693             0.19372             1.90355             0.42137           643.12945             4.11567             1.84697       5       1
   10000       2       2       2       4       9     523       6       6      28     163       8      24            27.62500             3.50000             2.52302             0.19265             1.86888             0.43188           637.98836             4.03308             1.78344       4       6
   10000       2       2       2       4       9     523       6       6      29     137       7      28            27.42857             3.42857             2.56174             0.19755             1.82332             0.42230           625.69761             4.07239             1.84530       1       3
   10000       2       2       2       4       9     523       6       6      30     107       6      35            26.16667             3.33333             2.52396             0.20291             1.78897             0.43877           636.89481             4.09943             1.89535       5       4
