   10000       2       2       2       4       9     467       6       6       0     467      36       0            20.41667             3.19444             2.11294             0.23015             1.72272             0.31714           954.81477             3.61434             2.49732       0       0
   10000       2       2       2       4       9     467       6       6       1     460      35      14            20.68571             3.11429             2.14263             0.22947             1.71879             0.32104           945.27923             3.61869             2.49327       1       1
   10000       2       2       2       4       9     467       6       6       2     449      34      22            20.73529             3.17647             2.11273             0.22550             1.72247             0.31869           936.82729             3.63640             2.48503       2       1
   10000       2       2       2       4       9     467       6       6       3     435      33      15            20.78788             3.18182             2.15487             0.23044             1.73199             0.32934           947.96886             3.62508             2.47857       6       5
   10000       2       2       2       4       9     467       6       6       4     424      32      13            21.12500             3.15625             2.19375             0.22968             1.76300             0.33207           928.29036             3.58592             2.45855       2       3
   10000       2       2       2       4       9     467       6       6       5     412      31      19            21.38710             3.22581             2.20760             0.22860             1.77641             0.34468           924.14102             3.58813             2.44972       2       4
   10000       2       2       2       4       9     467       6       6       6     405      30      24            21.33333             3.23333             2.19713             0.22826             1.77209             0.34799           929.51627             3.58943             2.40363       1       2
   10000       2       2       2       4       9     467       6       6       7     395      29      24            21.72414             3.27586             2.23848             0.22719             1.81912             0.36189           905.97776             3.60529             2.41782       6       3
   10000       2       2       2       4       9     467       6       6       8     382      28      25            22.28571             3.21429             2.25283             0.22369             1.81288             0.38937           894.09085             3.60944             2.44410       5       2
   10000       2       2       2       4       9     467       6       6       9     372      27      21            22.33333             3.18519             2.26100             0.22398             1.79935             0.39192           887.84939             3.60773             2.41930       2       2
   10000       2       2       2       4       9     467       6       6      10     365      26      18            23.03846             3.19231             2.30226             0.22061             1.78894             0.40783           844.62066             3.60943             2.46574       4       6
   10000       2       2       2       4       9     467       6       6      11     356      25      23            23.00000             3.16000             2.27852             0.22134             1.78652             0.39498           887.85948             3.60052             2.46103       1       3
   10000       2       2       2       4       9     467       6       6      12     352      24      13            23.29167             3.20833             2.27846             0.21810             1.79304             0.39117           886.68545             3.60139             2.40304       6       6
   10000       2       2       2       4       9     467       6       6      13     338      23      34            23.04348             3.21739             2.27897             0.22054             1.83372             0.38549           895.70083             3.59700             2.36457       5       1
   10000       2       2       2       4       9     467       6       6      14     327      22      31            23.40909             3.45455             2.31452             0.21262             1.93197             0.39118           788.31032             3.58053             2.29665       1       5
   10000       2       2       2       4       9     467       6       6      15     309      21      23            23.33333             3.47619             2.30185             0.21301             1.93235             0.38669           802.63537             3.54302             2.31575       6       4
   10000       2       2       2       4       9     467       6       6      16     300      20      16            23.80000             3.50000             2.31633             0.20822             1.94274             0.40127           778.64456             3.54261             2.30273       5       6
   10000       2       2       2       4       9     467       6       6      17     287      19      25            23.94737             3.57895             2.31905             0.20698             1.94439             0.41176           760.00465             3.58649             2.28909       2       5
   10000       2       2       2       4       9     467       6       6      18     278      18      21            24.83333             3.55556             2.36580             0.20367             1.98771             0.42795           727.21574             3.57541             2.29212       4       4
   10000       2       2       2       4       9     467       6       6      19     260      17      19            24.94118             3.47059             2.38226             0.20383             1.99014             0.44187           718.80796             3.53845             2.34280       1       4
   10000       2       2       2       4       9     467       6       6      20     252      16      28            24.68750             3.43750             2.38546             0.20751             1.98334             0.43914           726.17143             3.55061             2.25718       6       1
   10000       2       2       2       4       9     467       6       6      21     235      15      27            24.93333             3.40000             2.37208             0.20508             1.96907             0.44813           723.89720             3.54349             2.19978       4       2
   10000       2       2       2       4       9     467       6       6      22     221      14      29            24.85714             3.42857             2.38595             0.20823             1.96371             0.44332           722.63380             3.56029             2.10129       5       3
   10000       2       2       2       4       9     467       6       6      23     215      13      21            25.53846             3.38462             2.40932             0.20477             1.95706             0.45527           715.93784             3.52416             2.03699       4       3
   10000       2       2       2       4       9     467       6       6      24     201      12      28            25.33333             3.41667             2.39428             0.20569             2.01112             0.47041           710.89115             3.58746             1.95940       5       5
   10000       2       2       2       4       9     467       6       6      25     187      11      21            25.63636             3.36364             2.40169             0.20391             2.00629             0.46906           695.97025             3.53135             1.97125       5       4
   10000       2       2       2       4       9     467       6       6      26     181      10      24            26.40000             3.50000             2.40096             0.19980             2.03260             0.48149           689.70814             3.50866             1.86240       4       1
   10000       2       2       2       4       9     467       6       6      27     173       9      17            27.55556             3.44444             2.41894             0.18922             2.03144             0.46625           657.77203             3.56170             1.79716       1       6
   10000       2       2       2       4       9     467       6       6      28     158       8      17            28.62500             3.50000             2.42212             0.17766             2.03943             0.45442           640.28386             3.53930             1.83844       6       2
   10000       2       2       2       4       9     467       6       6      29     147       7      21            29.85714             3.28571             2.43440             0.16972             1.99740             0.46469           606.69899             3.59427             1.76249       2       6
   10000       2       2       2       4       9     467       6       6      30     129       6      29            30.66667             3.50000             2.55093             0.17291             2.05386             0.47201           575.79309             3.56744             1.79522       4       5
