   10000       2       2       2      12       3     465       6       6       0     465      36       0            20.86111             3.02778             2.26933             0.23432             1.65535             0.34821           866.06184             3.76657             2.53990       0       0
   10000       2       2       2      12       3     465       6       6       1     452      35      25            20.94286             3.02857             2.29308             0.23493             1.67264             0.35431           855.61344             3.78871             2.53522       2       6
   10000       2       2       2      12       3     465       6       6       2     446      34      19            21.11765             3.02941             2.30341             0.23451             1.66900             0.35395           851.25244             3.79705             2.50870       6       2
   10000       2       2       2      12       3     465       6       6       3     439      33      14            21.45455             3.09091             2.32845             0.23326             1.68745             0.36850           838.51178             3.75717             2.50359       4       5
   10000       2       2       2      12       3     465       6       6       4     432      32      20            21.84375             3.09375             2.31663             0.22770             1.68941             0.37303           816.63382             3.77442             2.52724       2       1
   10000       2       2       2      12       3     465       6       6       5     418      31      25            22.32258             3.03226             2.34007             0.22402             1.69724             0.37437           790.62881             3.84935             2.52345       5       5
   10000       2       2       2      12       3     465       6       6       6     407      30      30            22.16667             3.13333             2.32713             0.22391             1.73233             0.37008           791.93364             3.85362             2.47609       3       6
   10000       2       2       2      12       3     465       6       6       7     398      29      18            22.55172             3.17241             2.36435             0.22473             1.75886             0.39548           785.17130             3.88552             2.43911       2       2
   10000       2       2       2      12       3     465       6       6       8     383      28      32            22.21429             3.17857             2.34205             0.22557             1.77408             0.39583           792.84593             3.89840             2.34398       5       1
   10000       2       2       2      12       3     465       6       6       9     369      27      20            22.29630             3.11111             2.32260             0.22303             1.77232             0.39410           786.26121             3.88301             2.33617       4       1
   10000       2       2       2      12       3     465       6       6      10     361      26      23            22.80769             3.07692             2.32621             0.21847             1.79162             0.39650           764.96422             3.89929             2.33068       1       4
   10000       2       2       2      12       3     465       6       6      11     347      25      27            22.56000             2.96000             2.33251             0.22122             1.77610             0.40647           774.40679             3.92030             2.26899       3       2
   10000       2       2       2      12       3     465       6       6      12     337      24      23            22.58333             3.04167             2.31519             0.21990             1.77507             0.39644           773.74402             3.92688             2.23875       3       5
   10000       2       2       2      12       3     465       6       6      13     320      23      33            22.95652             3.13043             2.31044             0.21644             1.80935             0.39364           760.28688             3.92718             2.28647       2       3
   10000       2       2       2      12       3     465       6       6      14     310      22      22            22.86364             3.13636             2.32192             0.21920             1.81604             0.40932           765.04279             3.92754             2.25300       1       2
   10000       2       2       2      12       3     465       6       6      15     299      21      22            23.71429             3.23810             2.32539             0.21132             1.82526             0.41169           737.51957             3.92305             2.29857       5       4
   10000       2       2       2      12       3     465       6       6      16     288      20      20            23.85000             3.25000             2.31542             0.20967             1.83732             0.40971           731.15522             3.90639             2.31010       3       1
   10000       2       2       2      12       3     465       6       6      17     283      19      17            23.84211             3.26316             2.32604             0.21030             1.86196             0.40138           723.56728             3.94003             2.18605       6       3
   10000       2       2       2      12       3     465       6       6      18     274      18      17            24.22222             3.22222             2.33978             0.20773             1.85429             0.40284           708.07791             3.96484             2.19956       1       1
   10000       2       2       2      12       3     465       6       6      19     267      17      26            24.64706             3.23529             2.37089             0.20719             1.84879             0.41538           701.46170             3.98095             2.14399       3       3
   10000       2       2       2      12       3     465       6       6      20     255      16      23            24.68750             3.31250             2.37006             0.20664             1.87106             0.41207           692.67833             4.00176             2.10979       5       6
   10000       2       2       2      12       3     465       6       6      21     225      15      37            23.80000             3.26667             2.34016             0.21002             1.85729             0.40804           707.23933             4.01705             2.12182       1       3
   10000       2       2       2      12       3     465       6       6      22     217      14      19            23.92857             3.50000             2.32894             0.20841             1.91652             0.40211           702.09733             4.07042             2.04169       1       6
   10000       2       2       2      12       3     465       6       6      23     206      13      23            24.30769             3.53846             2.36687             0.20869             1.92813             0.40289           673.60728             4.13628             2.03557       5       3
   10000       2       2       2      12       3     465       6       6      24     192      12      32            24.50000             3.33333             2.37263             0.20650             1.91467             0.41208           656.18150             4.16622             1.98307       4       3
   10000       2       2       2      12       3     465       6       6      25     175      11      22            24.72727             3.36364             2.39581             0.20677             1.88867             0.42411           659.83441             4.15211             2.03613       6       1
   10000       2       2       2      12       3     465       6       6      26     161      10      25            24.00000             3.30000             2.34525             0.20928             1.90972             0.40725           673.50739             4.26538             1.92496       3       4
   10000       2       2       2      12       3     465       6       6      27     149       9      20            23.88889             3.33333             2.36170             0.21054             1.93169             0.38470           687.67168             4.24290             1.83369       4       2
   10000       2       2       2      12       3     465       6       6      28     142       8      19            24.25000             3.25000             2.36700             0.20761             1.90934             0.38722           693.96655             4.23149             1.64780       6       6
   10000       2       2       2      12       3     465       6       6      29     123       7      24            24.28571             3.28571             2.34204             0.20570             1.95179             0.37993           721.10490             4.16320             1.66647       4       6
   10000       2       2       2      12       3     465       6       6      30     101       6      27            23.83333             3.33333             2.32498             0.20864             1.91811             0.37914           739.89446             4.12935             1.69520       5       2
