   10000       2       1       1       1      11     467       6       6       0     467      36       0            20.41667             3.19444             2.11294             0.23015             1.72272             0.31714           954.81457             3.61434             2.49732       0       0
   10000       2       1       1       1      11     467       6       6       1     453      35      29            20.20000             3.14286             2.09576             0.23040             1.71151             0.31584           969.60175             3.61362             2.45989       5       1
   10000       2       1       1       1      11     467       6       6       2     441      34      29            20.02941             3.20588             2.10057             0.23313             1.72505             0.31819           974.65792             3.61598             2.43853       6       2
   10000       2       1       1       1      11     467       6       6       3     422      33      29            20.03030             3.15152             2.09533             0.23221             1.71739             0.31785           970.82488             3.60668             2.44948       5       5
   10000       2       1       1       1      11     467       6       6       4     403      32      28            19.81250             3.09375             2.10020             0.23477             1.71649             0.31869           986.80545             3.59271             2.41706       6       4
   10000       2       1       1       1      11     467       6       6       5     386      31      26            19.90323             3.09677             2.09616             0.23504             1.72780             0.31636           981.16957             3.59630             2.42818       3       5
   10000       2       1       1       1      11     467       6       6       6     372      30      28            19.66667             3.10000             2.11735             0.24005             1.71995             0.33113           993.73056             3.60034             2.37019       4       4
   10000       2       1       1       1      11     467       6       6       7     358      29      26            19.58621             3.10345             2.09823             0.23877             1.72916             0.32747          1003.81946             3.58232             2.33609       3       3
   10000       2       1       1       1      11     467       6       6       8     338      28      26            19.35714             3.07143             2.07843             0.24457             1.71568             0.32846          1107.24457             3.58805             2.34601       1       5
   10000       2       1       1       1      11     467       6       6       9     330      27      28            18.88889             3.07407             2.05653             0.24975             1.71536             0.32416          1136.63533             3.60435             2.23916       5       3
   10000       2       1       1       1      11     467       6       6      10     318      26      27            18.50000             3.07692             2.00795             0.25092             1.71239             0.30484          1170.37169             3.60729             2.15234       4       2
   10000       2       1       1       1      11     467       6       6      11     306      25      27            18.24000             3.16000             2.00442             0.25392             1.72168             0.30468          1201.56644             3.57538             2.06083       2       4
   10000       2       1       1       1      11     467       6       6      12     293      24      26            17.83333             3.12500             1.97331             0.27341             1.70166             0.30674          1443.41819             3.59057             1.95860       2       6
   10000       2       1       1       1      11     467       6       6      13     282      23      28            17.17391             3.13043             1.95236             0.28022             1.69424             0.30902          1489.33522             3.60032             1.87356       4       6
   10000       2       1       1       1      11     467       6       6      14     272      22      25            16.72727             3.09091             1.91629             0.28538             1.68314             0.30709          1551.83866             3.59774             1.77081       1       3
   10000       2       1       1       1      11     467       6       6      15     261      21      25            16.19048             3.04762             1.89110             0.29312             1.65935             0.32237          1616.47279             3.59631             1.65182       3       1
   10000       2       1       1       1      11     467       6       6      16     252      20      26            15.25000             3.05000             1.87025             0.31155             1.65338             0.29477          1774.02444             3.70460             1.38516       2       2
   10000       2       1       1       1      11     467       6       6      17     232      19      23            14.78947             3.05263             1.86477             0.31947             1.65000             0.29651          1826.20956             3.70086             1.37641       1       4
   10000       2       1       1       1      11     467       6       6      18     218      18      22            14.22222             3.05556             1.84188             0.32860             1.63254             0.30591          1894.09877             3.73557             1.31025       2       1
   10000       2       1       1       1      11     467       6       6      19     201      17      19            13.94118             3.00000             1.80833             0.33178             1.63053             0.30429          1946.75113             3.76050             1.30679       3       6
   10000       2       1       1       1      11     467       6       6      20     194      16      19            13.31250             3.06250             1.78191             0.34383             1.66212             0.29559          2042.18473             3.72093             1.16685       6       6
   10000       2       1       1       1      11     467       6       6      21     182      15      19            12.73333             3.06667             1.73511             0.35276             1.66114             0.28231          2139.29701             3.73207             1.08965       1       2
   10000       2       1       1       1      11     467       6       6      22     166      14      18            12.28571             3.07143             1.69859             0.36055             1.67470             0.27385          2232.90058             3.74083             1.06163       3       2
   10000       2       1       1       1      11     467       6       6      23     149      13      18            11.84615             3.00000             1.67010             0.36942             1.65873             0.27229          2326.56893             3.75477             1.05485       4       5
   10000       2       1       1       1      11     467       6       6      24     133      12      17            11.41667             3.00000             1.63770             0.37876             1.63550             0.27936          2440.70281             3.76964             1.04780       5       2
   10000       2       1       1       1      11     467       6       6      25     119      11      17            10.90909             2.90909             1.59407             0.38913             1.61373             0.29339          2563.43487             3.83125             1.01364       5       4
   10000       2       1       1       1      11     467       6       6      26     102      10      17            10.30000             3.00000             1.57113             0.40524             1.64385             0.27898          2709.65091             3.87268             1.01500       6       3
   10000       2       1       1       1      11     467       6       6      27      87       9      16             9.66667             3.00000             1.49570             0.41694             1.62650             0.28776          2836.07567             4.01589             1.00000       2       5
   10000       2       1       1       1      11     467       6       6      28      73       8      14             9.12500             3.12500             1.41480             0.42785             1.66635             0.26604          3018.06618             4.06766             1.00000       6       1
   10000       2       1       1       1      11     467       6       6      29      60       7      13             8.57143             3.00000             1.38615             0.45051             1.60678             0.28023          3234.78031             4.08075             1.00000       3       4
   10000       2       1       1       1      11     467       6       6      30      48       6      12             8.00000             3.00000             1.29773             0.46751             1.60185             0.28148          3494.30271             4.20365             1.00000       5       6
   10000       2       1       1       1      11     467       6       6      31      37       5      11             7.40000             3.00000             1.23000             0.49556             1.62222             0.27778          3861.81644             4.38322             1.00000       1       1
   10000       2       1       1       1      11     467       6       6      32      27       4      10             6.75000             2.50000             1.16250             0.53611             1.41667             0.26389          4408.52806             4.64747             1.00000       4       3
   10000       2       1       1       1      11     467       6       6      33      17       3      10             5.66667             2.33333             1.05000             0.60370             1.37037             0.20370          5275.71755             4.93791             1.00000       4       1
   10000       2       1       1       1      11     467       6       6      34       7       2      10             3.50000             1.00000             0.87500             0.75000             1.00000             0.25000          7249.27057             5.23103             1.00000       6       5
   10000       2       1       1       1      11     467       6       6      35       3       1       4             3.00000             1.00000             1.00000             1.00000             1.00000             0.50000         10283.58223             3.29586             1.00000       2       3
   10000       2       1       1       1      11     467       6       6      36       0       0       3             0.00000             0.00000             0.00000             0.00000             0.00000             0.00000             0.00000             0.00000             0.00000       1       6
