   10000       2       1       2       6       8     465       6       6       0     465      36       0            20.86111             3.02778             2.26933             0.23432             1.65535             0.34821           866.06190             3.76657             2.53990       0       0
   10000       2       1       2       6       8     465       6       6       1     459      35      14            21.00000             3.11429             2.27988             0.23429             1.67721             0.34322           860.00099             3.75875             2.45117       4       2
   10000       2       1       2       6       8     465       6       6       2     446      34      25            21.00000             3.08824             2.26407             0.23282             1.69364             0.34517           858.82076             3.77489             2.43632       1       4
   10000       2       1       2       6       8     465       6       6       3     432      33      20            21.03030             3.00000             2.27856             0.23317             1.67518             0.34362           848.47527             3.80190             2.41833       6       5
   10000       2       1       2       6       8     465       6       6       4     420      32      18            21.40625             3.15625             2.25210             0.22632             1.70195             0.34430           829.48165             3.79755             2.44340       3       4
   10000       2       1       2       6       8     465       6       6       5     403      31      24            21.22581             3.12903             2.24625             0.22758             1.68295             0.33835           829.52770             3.84275             2.45209       1       3
   10000       2       1       2       6       8     465       6       6       6     391      30      18            21.30000             3.16667             2.25187             0.22846             1.69171             0.34896           833.35160             3.84892             2.43603       1       1
   10000       2       1       2       6       8     465       6       6       7     373      29      31            20.79310             3.10345             2.22815             0.23230             1.67403             0.34339           856.80730             3.82693             2.36487       5       1
   10000       2       1       2       6       8     465       6       6       8     365      28      13            21.07143             3.10714             2.22307             0.22694             1.66647             0.34125           841.40798             3.82958             2.38511       4       1
   10000       2       1       2       6       8     465       6       6       9     359      27      17            21.25926             3.00000             2.26046             0.22831             1.64863             0.34293           831.71119             3.84252             2.33298       6       3
   10000       2       1       2       6       8     465       6       6      10     349      26      18            21.23077             3.11538             2.22175             0.22613             1.65687             0.34804           841.01088             3.84672             2.29293       1       5
   10000       2       1       2       6       8     465       6       6      11     338      25      15            21.32000             3.04000             2.24218             0.22633             1.65135             0.33936           837.30952             3.83753             2.29955       1       2
   10000       2       1       2       6       8     465       6       6      12     332      24      20            21.25000             3.12500             2.21887             0.22519             1.66228             0.33273           839.43490             3.83661             2.24732       6       2
   10000       2       1       2       6       8     465       6       6      13     327      23      16            21.47826             3.08696             2.23857             0.22549             1.64977             0.33134           841.19383             3.85847             2.21196       6       6
   10000       2       1       2       6       8     465       6       6      14     309      22      26            21.13636             3.13636             2.22087             0.22827             1.67790             0.30932           864.89555             3.84281             2.14157       3       6
   10000       2       1       2       6       8     465       6       6      15     294      21      18            21.19048             3.04762             2.21918             0.22764             1.64576             0.32081           873.19395             3.82788             2.17250       6       1
   10000       2       1       2       6       8     465       6       6      16     285      20      16            21.40000             3.00000             2.24694             0.22749             1.65194             0.31767           849.47667             3.82883             2.12848       5       6
   10000       2       1       2       6       8     465       6       6      17     272      19      20            21.68421             3.00000             2.26191             0.22644             1.65353             0.31112           842.51312             3.82655             2.15612       5       2
   10000       2       1       2       6       8     465       6       6      18     261      18      24            21.77778             3.27778             2.23449             0.22520             1.68759             0.31880           857.69711             3.83381             2.07106       5       4
   10000       2       1       2       6       8     465       6       6      19     245      17      21            21.23529             3.05882             2.22023             0.23175             1.64133             0.33418           885.51442             3.87349             2.01165       2       1
   10000       2       1       2       6       8     465       6       6      20     228      16      27            21.06250             3.12500             2.16830             0.23202             1.64423             0.33012           897.97649             3.91138             1.94920       2       3
   10000       2       1       2       6       8     465       6       6      21     212      15      23            20.86667             3.13333             2.16502             0.23981             1.64157             0.32100           939.33424             3.94662             1.87958       2       6
   10000       2       1       2       6       8     465       6       6      22     198      14      18            21.00000             3.07143             2.19356             0.24171             1.64753             0.34215           920.86216             3.98523             1.88663       5       3
   10000       2       1       2       6       8     465       6       6      23     182      13      22            20.00000             3.07692             2.16952             0.25043             1.62653             0.33475           968.40825             3.99621             1.75590       3       5
   10000       2       1       2       6       8     465       6       6      24     172      12      18            19.83333             3.16667             2.17658             0.25476             1.64498             0.33940           970.32266             4.02687             1.71630       2       5
   10000       2       1       2       6       8     465       6       6      25     165      11       7            21.00000             3.27273             2.22726             0.22987             1.68847             0.33995           803.81684             4.08454             1.78141       1       6
   10000       2       1       2       6       8     465       6       6      26     150      10      22            20.50000             3.30000             2.17740             0.23189             1.70493             0.35662           819.09511             4.09776             1.70677       5       5
   10000       2       1       2       6       8     465       6       6      27     132       9      19            20.55556             3.33333             2.21085             0.23526             1.68583             0.36784           814.40524             4.10304             1.76813       2       4
   10000       2       1       2       6       8     465       6       6      28     115       8      26            19.62500             3.25000             2.16711             0.24224             1.63688             0.35328           851.19972             4.13878             1.65001       4       3
   10000       2       1       2       6       8     465       6       6      29      96       7      18            19.85714             3.14286             2.11614             0.23621             1.57453             0.32869           857.05585             4.19784             1.75638       6       4
   10000       2       1       2       6       8     465       6       6      30      85       6      14            20.50000             3.16667             2.22287             0.23317             1.60577             0.35604           785.04197             4.19122             1.77133       2       2
