   10000       2       1       2       4      10     467       6       6       0     467      36       0            20.41667             3.19444             2.11294             0.23015             1.72272             0.31714           954.81477             3.61434             2.49732       0       0
   10000       2       1       2       4      10     467       6       6       1     465      35      11            20.57143             3.31429             2.12812             0.22947             1.74546             0.31660           952.50486             3.52932             2.37737       2       3
   10000       2       1       2       4      10     467       6       6       2     459      34      15            20.76471             3.23529             2.11012             0.22484             1.74495             0.31571           953.57295             3.51700             2.34839       6       5
   10000       2       1       2       4      10     467       6       6       3     446      33      23            20.69697             3.33333             2.13398             0.22876             1.78166             0.31702           957.26255             3.52225             2.30140       6       3
   10000       2       1       2       4      10     467       6       6       4     438      32      12            20.78125             3.40625             2.14760             0.22899             1.80071             0.30938           947.66940             3.48883             2.29255       6       6
   10000       2       1       2       4      10     467       6       6       5     429      31      16            21.16129             3.29032             2.15964             0.22624             1.74980             0.31733           940.29776             3.48886             2.27702       4       3
   10000       2       1       2       4      10     467       6       6       6     409      30      26            21.13333             3.30000             2.13656             0.22894             1.72991             0.30655          1025.14479             3.49498             2.28751       1       5
   10000       2       1       2       4      10     467       6       6       7     398      29      25            21.00000             3.37931             2.13156             0.23044             1.73877             0.30966          1035.45423             3.49502             2.25068       6       2
   10000       2       1       2       4      10     467       6       6       8     371      28      27            20.82143             3.28571             2.11998             0.23216             1.72725             0.31046          1044.71494             3.48253             2.28664       5       5
   10000       2       1       2       4      10     467       6       6       9     356      27      25            20.66667             3.18519             2.12382             0.23479             1.71703             0.31258          1060.54801             3.48578             2.24108       5       2
   10000       2       1       2       4      10     467       6       6      10     354      26       5            21.34615             3.30769             2.14691             0.21872             1.75296             0.31126           899.87584             3.49333             2.22700       1       6
   10000       2       1       2       4      10     467       6       6      11     343      25      28            21.20000             3.32000             2.12926             0.21940             1.75825             0.31223           912.36208             3.50566             2.19712       5       4
   10000       2       1       2       4      10     467       6       6      12     329      24      21            21.37500             3.33333             2.16070             0.22164             1.73896             0.32625           895.92153             3.55040             2.18979       2       5
   10000       2       1       2       4      10     467       6       6      13     312      23      25            21.08696             3.34783             2.14433             0.22390             1.76762             0.32779           907.51604             3.54100             2.12894       4       5
   10000       2       1       2       4      10     467       6       6      14     294      22      17            21.22727             3.36364             2.11780             0.21961             1.77661             0.33517           914.36409             3.50231             2.18226       6       4
   10000       2       1       2       4      10     467       6       6      15     288      21      19            21.33333             3.33333             2.13441             0.22112             1.78131             0.33722           912.39489             3.53051             2.12294       4       6
   10000       2       1       2       4      10     467       6       6      16     278      20      24            21.05000             3.35000             2.13697             0.22499             1.78636             0.33899           930.95137             3.52372             2.00114       1       2
   10000       2       1       2       4      10     467       6       6      17     266      19      22            20.89474             3.31579             2.12329             0.22517             1.78905             0.34695           948.78203             3.47769             1.97619       1       3
   10000       2       1       2       4      10     467       6       6      18     254      18      13            21.33333             3.33333             2.12832             0.21904             1.80821             0.35037           917.02301             3.48488             2.02366       5       6
   10000       2       1       2       4      10     467       6       6      19     242      17      27            20.70588             3.29412             2.12036             0.22680             1.78556             0.34614           956.46258             3.47994             1.94672       5       1
   10000       2       1       2       4      10     467       6       6      20     227      16      20            20.43750             3.31250             2.11192             0.22866             1.78839             0.34086           972.94221             3.48923             1.92567       2       6
   10000       2       1       2       4      10     467       6       6      21     222      15      13            20.80000             3.26667             2.13126             0.22610             1.79580             0.34631           969.75189             3.47685             1.79851       4       1
   10000       2       1       2       4      10     467       6       6      22     212      14      20            20.64286             3.28571             2.11615             0.22695             1.79333             0.33538           993.98295             3.42441             1.75025       2       4
   10000       2       1       2       4      10     467       6       6      23     203      13      25            20.30769             3.30769             2.07789             0.23033             1.79009             0.32818          1026.03381             3.45718             1.56896       2       1
   10000       2       1       2       4      10     467       6       6      24     189      12      13            20.75000             3.33333             2.06960             0.22053             1.82103             0.33030           974.99407             3.45197             1.61045       5       3
   10000       2       1       2       4      10     467       6       6      25     173      11      21            20.63636             3.18182             2.08228             0.22202             1.77480             0.35455           986.72096             3.43914             1.61758       4       2
   10000       2       1       2       4      10     467       6       6      26     153      10      22            20.20000             3.00000             2.10015             0.22823             1.73645             0.36376          1008.51720             3.42488             1.66023       4       4
   10000       2       1       2       4      10     467       6       6      27     140       9      15            20.77778             2.88889             2.10592             0.22263             1.69018             0.35707           948.16960             3.46144             1.65637       2       2
   10000       2       1       2       4      10     467       6       6      28     123       8      17            21.25000             3.00000             2.11099             0.21808             1.72958             0.33921           926.73367             3.44194             1.73841       6       1
   10000       2       1       2       4      10     467       6       6      29     101       7      23            21.00000             3.00000             2.10847             0.22162             1.72341             0.34221           941.47512             3.38942             1.82900       1       4
   10000       2       1       2       4      10     467       6       6      30      92       6      11            22.66667             3.00000             2.21548             0.20493             1.75357             0.36440           814.38461             3.44761             1.91869       1       1
