   10000       2       1       2       7       2     467       6       6       0     467      36       0            20.41667             3.19444             2.11294             0.23015             1.72272             0.31714           954.81477             3.61434             2.49732       0       0
   10000       2       1       2       7       2     467       6       6       1     459      35      17            20.65714             3.17143             2.12633             0.22867             1.70664             0.31923           948.33603             3.61443             2.47738       4       1
   10000       2       1       2       7       2     467       6       6       2     448      34      18            20.67647             3.11765             2.12966             0.22865             1.70128             0.31782           944.94302             3.62973             2.43433       2       2
   10000       2       1       2       7       2     467       6       6       3     435      33      24            20.57576             3.06061             2.14752             0.23248             1.68420             0.31306           955.93640             3.62643             2.39466       4       2
   10000       2       1       2       7       2     467       6       6       4     424      32      27            20.43750             3.09375             2.12319             0.23215             1.68699             0.31565           965.31647             3.62769             2.35552       6       2
   10000       2       1       2       7       2     467       6       6       5     406      31      20            20.54839             3.06452             2.13213             0.23300             1.67309             0.31041           965.91061             3.62821             2.38191       3       6
   10000       2       1       2       7       2     467       6       6       6     391      30      24            20.76667             3.10000             2.10836             0.23000             1.67903             0.31213           956.38893             3.63645             2.40640       3       5
   10000       2       1       2       7       2     467       6       6       7     379      29      14            20.72414             3.03448             2.10109             0.23000             1.67932             0.30840           963.70238             3.60570             2.38191       6       6
   10000       2       1       2       7       2     467       6       6       8     365      28      26            20.64286             3.07143             2.11639             0.23283             1.67002             0.31318           969.39606             3.61160             2.33843       4       4
   10000       2       1       2       7       2     467       6       6       9     352      27      20            20.55556             3.03704             2.08424             0.23587             1.65919             0.30924          1009.34485             3.61617             2.31716       2       6
   10000       2       1       2       7       2     467       6       6      10     340      26      24            20.46154             3.03846             2.06698             0.23689             1.65782             0.31148          1023.65677             3.61837             2.28254       3       1
   10000       2       1       2       7       2     467       6       6      11     324      25      31            19.76000             3.00000             2.06740             0.24479             1.65602             0.29359          1059.11445             3.62889             2.20543       5       1
   10000       2       1       2       7       2     467       6       6      12     316      24      19            19.66667             2.91667             2.06312             0.24842             1.65789             0.30028          1078.23566             3.65429             2.14124       4       6
   10000       2       1       2       7       2     467       6       6      13     300      23      16            19.78261             3.00000             2.05344             0.24637             1.67338             0.29525          1076.17022             3.66143             2.18652       6       1
   10000       2       1       2       7       2     467       6       6      14     284      22      19            19.68182             3.00000             2.06459             0.24727             1.66884             0.29471          1073.54151             3.66248             2.23697       4       5
   10000       2       1       2       7       2     467       6       6      15     270      21      24            19.61905             3.04762             2.05100             0.24633             1.68775             0.28219          1098.33479             3.65667             2.15151       2       4
   10000       2       1       2       7       2     467       6       6      16     251      20      17            19.25000             2.95000             2.02964             0.24987             1.65118             0.28841          1135.84289             3.62895             2.18531       5       2
   10000       2       1       2       7       2     467       6       6      17     247      19      12            19.94737             2.84211             2.08449             0.24244             1.60780             0.30447          1054.22175             3.58936             2.17444       4       3
   10000       2       1       2       7       2     467       6       6      18     227      18      30            18.83333             2.88889             2.00931             0.27480             1.58107             0.28732          1506.13493             3.63204             2.03032       1       5
   10000       2       1       2       7       2     467       6       6      19     226      17       9            19.52941             2.94118             2.05298             0.27246             1.61005             0.29301          1496.28838             3.53193             1.89161       2       3
   10000       2       1       2       7       2     467       6       6      20     218      16      12            20.06250             2.93750             2.07591             0.26944             1.63073             0.29793          1510.53711             3.50825             1.85843       6       5
   10000       2       1       2       7       2     467       6       6      21     202      15      24            19.66667             2.86667             2.11893             0.28156             1.61731             0.30311          1573.34432             3.53942             1.80950       6       3
   10000       2       1       2       7       2     467       6       6      22     174      14      21            19.07143             2.92857             2.06689             0.28635             1.61764             0.29127          1647.73005             3.43908             1.89908       6       4
   10000       2       1       2       7       2     467       6       6      23     161      13      19            18.69231             2.92308             2.04380             0.29229             1.63132             0.29704          1717.56711             3.46484             1.85042       3       2
   10000       2       1       2       7       2     467       6       6      24     147      12      16            18.91667             2.91667             2.02662             0.29164             1.61726             0.30512          1729.62517             3.53826             1.89305       2       5
   10000       2       1       2       7       2     467       6       6      25     134      11      22            18.27273             2.81818             1.98384             0.30311             1.56842             0.31323          1833.04986             3.58526             1.80251       2       1
   10000       2       1       2       7       2     467       6       6      26     130      10       3            19.70000             3.00000             2.07463             0.23398             1.62421             0.30098           995.28139             3.61698             1.89234       1       6
   10000       2       1       2       7       2     467       6       6      27     125       9      16            19.55556             3.00000             2.07212             0.23699             1.67607             0.30888          1016.28496             3.75222             1.66348       5       4
   10000       2       1       2       7       2     467       6       6      28     108       8      25            18.50000             3.00000             2.04139             0.24575             1.65257             0.30513          1057.74760             3.77662             1.59217       1       4
   10000       2       1       2       7       2     467       6       6      29      96       7      13            19.28571             3.00000             2.05495             0.23310             1.65303             0.29569           973.96977             3.80625             1.65914       5       3
   10000       2       1       2       7       2     467       6       6      30      82       6      19            19.33333             3.00000             2.05391             0.22905             1.67549             0.30137           969.95777             3.74723             1.63142       1       3
