   10000       2       1       2       3      10     503       6       6       0     503      36       0            22.55556             3.00000             2.29326             0.21934             1.68768             0.35119           834.45777             3.74064             2.54979       0       0
   10000       2       1       2       3      10     503       6       6       1     488      35      24            22.45714             3.00000             2.29181             0.22005             1.68323             0.34903           835.95864             3.75798             2.52330       5       5
   10000       2       1       2       3      10     503       6       6       2     478      34      21            22.52941             3.00000             2.30456             0.22060             1.66996             0.34173           832.14927             3.78151             2.47928       4       2
   10000       2       1       2       3      10     503       6       6       3     475      33      16            22.81818             2.93939             2.27540             0.21239             1.67318             0.34328           814.45106             3.73209             2.39409       2       2
   10000       2       1       2       3      10     503       6       6       4     458      32      28            22.62500             2.96875             2.26420             0.21436             1.68706             0.33944           820.92260             3.74118             2.36747       4       6
   10000       2       1       2       3      10     503       6       6       5     444      31      26            22.54839             3.03226             2.26894             0.21559             1.70471             0.33476           815.04190             3.77347             2.33405       5       2
   10000       2       1       2       3      10     503       6       6       6     431      30      21            22.63333             3.06667             2.23887             0.21333             1.73244             0.33509           820.06966             3.75503             2.29532       2       3
   10000       2       1       2       3      10     503       6       6       7     419      29      22            22.65517             3.06897             2.24738             0.21527             1.74164             0.33378           819.76935             3.73787             2.22719       2       5
   10000       2       1       2       3      10     503       6       6       8     400      28      31            22.46429             3.00000             2.25595             0.21815             1.72058             0.33599           823.81591             3.77269             2.20500       5       3
   10000       2       1       2       3      10     503       6       6       9     383      27      26            22.22222             3.07407             2.22301             0.21740             1.74531             0.34363           831.27382             3.76960             2.13559       3       1
   10000       2       1       2       3      10     503       6       6      10     367      26      30            21.76923             3.03846             2.18052             0.21769             1.74092             0.34673           842.24873             3.81158             2.08946       6       3
   10000       2       1       2       3      10     503       6       6      11     364      25       7            22.48000             3.08000             2.24550             0.21354             1.77561             0.34929           811.53524             3.59581             2.03773       2       4
   10000       2       1       2       3      10     503       6       6      12     350      24      23            22.37500             3.16667             2.24605             0.21526             1.78014             0.34462           813.36284             3.60498             2.01182       6       6
   10000       2       1       2       3      10     503       6       6      13     338      23      20            22.30435             3.21739             2.24324             0.21594             1.80273             0.34398           820.17349             3.60866             1.99316       4       1
   10000       2       1       2       3      10     503       6       6      14     323      22      27            22.13636             3.09091             2.25222             0.21715             1.78561             0.35087           817.08407             3.61982             1.97373       3       6
   10000       2       1       2       3      10     503       6       6      15     306      21      22            21.85714             3.09524             2.23673             0.22268             1.78713             0.34289           849.80118             3.57454             1.96888       2       1
   10000       2       1       2       3      10     503       6       6      16     296      20      24            21.35000             3.10000             2.20525             0.22566             1.78425             0.33510           880.20084             3.56545             1.89077       6       1
   10000       2       1       2       3      10     503       6       6      17     281      19      26            21.15789             3.21053             2.18976             0.22873             1.79484             0.32746           902.29827             3.58473             1.82658       3       3
   10000       2       1       2       3      10     503       6       6      18     265      18      12            21.50000             3.22222             2.22382             0.22419             1.83162             0.32484           862.51063             3.56228             1.89414       4       3
   10000       2       1       2       3      10     503       6       6      19     255      17      19            21.47059             3.23529             2.19656             0.22243             1.81785             0.31926           871.31294             3.57540             1.84635       2       6
   10000       2       1       2       3      10     503       6       6      20     239      16      16            21.75000             3.25000             2.19662             0.21973             1.83023             0.31567           854.28716             3.58017             1.89494       5       1
   10000       2       1       2       3      10     503       6       6      21     224      15      28            21.26667             3.13333             2.18970             0.22421             1.81121             0.31601           868.81999             3.62435             1.84383       6       4
   10000       2       1       2       3      10     503       6       6      22     201      14      23            21.07143             3.14286             2.15969             0.22368             1.82645             0.32002           879.46625             3.65384             1.90045       6       5
   10000       2       1       2       3      10     503       6       6      23     189      13      26            20.53846             3.07692             2.14044             0.22930             1.84418             0.33018           909.77303             3.69398             1.79078       3       5
   10000       2       1       2       3      10     503       6       6      24     175      12      19            20.75000             3.25000             2.08874             0.22175             1.87953             0.31837           902.07335             3.59424             1.80007       3       4
   10000       2       1       2       3      10     503       6       6      25     161      11      15            21.27273             3.18182             2.10166             0.21707             1.86208             0.33432           896.19726             3.57912             1.86253       3       2
   10000       2       1       2       3      10     503       6       6      26     147      10      24            20.60000             3.10000             2.08581             0.22244             1.87401             0.35006           914.23614             3.63112             1.79595       4       5
   10000       2       1       2       3      10     503       6       6      27     128       9      25            19.44444             3.11111             2.04414             0.23133             1.87401             0.32798           965.76323             3.68737             1.76534       5       4
   10000       2       1       2       3      10     503       6       6      28     108       8      20            19.37500             3.00000             2.01465             0.23046             1.84510             0.33608           996.87472             3.73078             1.86101       5       6
   10000       2       1       2       3      10     503       6       6      29      90       7      18            19.57143             3.00000             2.04056             0.23257             1.83978             0.33367           995.40717             3.79878             1.98401       6       2
   10000       2       1       2       3      10     503       6       6      30      74       6      16            20.16667             2.83333             2.08898             0.23245             1.76863             0.34484           961.16605             3.87755             2.14802       4       4
