   10000       2       2       2       7       3     509       6       6       0     509      36       0            22.55556             2.97222             2.25679             0.22020             1.60747             0.37073           901.40119             3.36120             2.56709       0       0
   10000       2       2       2       7       3     509       6       6       1     500      35      25            23.60000             2.97143             2.32232             0.21740             1.63503             0.38145           866.22305             3.37693             2.62934       2       5
   10000       2       2       2       7       3     509       6       6       2     490      34      39            23.20588             2.97059             2.33293             0.22143             1.62821             0.37524           872.86788             3.39550             2.57733       2       6
   10000       2       2       2       7       3     509       6       6       3     471      33      25            23.15152             2.96970             2.31113             0.21993             1.66212             0.38699           868.59263             3.41709             2.57205       4       6
   10000       2       2       2       7       3     509       6       6       4     463      32      17            23.62500             3.09375             2.33727             0.21768             1.68146             0.38902           851.50174             3.37483             2.53079       3       2
   10000       2       2       2       7       3     509       6       6       5     446      31      24            24.48387             3.16129             2.36976             0.21057             1.73355             0.40993           810.01523             3.36817             2.63257       6       3
   10000       2       2       2       7       3     509       6       6       6     439      30      26            24.73333             3.16667             2.34676             0.20693             1.72550             0.40217           806.24797             3.37279             2.63091       3       6
   10000       2       2       2       7       3     509       6       6       7     420      29      28            24.62069             3.17241             2.33026             0.20439             1.73440             0.40040           790.28549             3.42669             2.63077       4       2
   10000       2       2       2       7       3     509       6       6       8     404      28      38            24.42857             3.14286             2.33041             0.20506             1.72928             0.40466           779.62020             3.45488             2.62320       1       5
   10000       2       2       2       7       3     509       6       6       9     394      27      24            24.66667             3.11111             2.35519             0.20546             1.74287             0.40867           769.53144             3.45899             2.57956       2       2
   10000       2       2       2       7       3     509       6       6      10     386      26      22            24.76923             3.19231             2.35215             0.20332             1.75385             0.41749           767.03718             3.45660             2.51501       3       1
   10000       2       2       2       7       3     509       6       6      11     375      25      21            24.72000             3.20000             2.34616             0.20431             1.76898             0.40938           768.14885             3.43662             2.47889       2       1
   10000       2       2       2       7       3     509       6       6      12     366      24      17            25.50000             3.16667             2.42968             0.20459             1.75149             0.40716           743.92435             3.43675             2.50686       4       3
   10000       2       2       2       7       3     509       6       6      13     351      23      24            25.52174             3.17391             2.41762             0.20370             1.75848             0.41224           743.36468             3.44380             2.50182       6       6
   10000       2       2       2       7       3     509       6       6      14     340      22      25            25.86364             3.09091             2.46369             0.20534             1.75149             0.41874           742.56738             3.44130             2.49626       6       5
   10000       2       2       2       7       3     509       6       6      15     326      21      25            26.38095             3.23810             2.46797             0.20162             1.77527             0.43175           725.84415             3.46374             2.50608       2       3
   10000       2       2       2       7       3     509       6       6      16     314      20      30            26.40000             3.20000             2.46997             0.20128             1.78678             0.42889           717.87852             3.48149             2.42351       1       4
   10000       2       2       2       7       3     509       6       6      17     291      19      34            25.94737             3.21053             2.45088             0.20305             1.79230             0.41243           722.08260             3.50939             2.38889       5       1
   10000       2       2       2       7       3     509       6       6      18     270      18      30            25.77778             3.00000             2.42322             0.20196             1.78040             0.42359           722.98114             3.52885             2.41837       5       4
   10000       2       2       2       7       3     509       6       6      19     257      17      31            26.05882             3.11765             2.39792             0.19889             1.81144             0.40886           714.81237             3.57274             2.39465       4       5
   10000       2       2       2       7       3     509       6       6      20     243      16      27            25.62500             3.25000             2.36674             0.20160             1.82596             0.42100           729.99506             3.56134             2.30767       5       3
   10000       2       2       2       7       3     509       6       6      21     227      15      27            25.26667             3.26667             2.34970             0.20344             1.84958             0.43396           730.91036             3.59575             2.24435       2       4
   10000       2       2       2       7       3     509       6       6      22     214      14      22            25.50000             3.28571             2.31422             0.19861             1.85569             0.43774           735.76637             3.56895             2.19494       4       1
   10000       2       2       2       7       3     509       6       6      23     200      13      23            25.38462             3.23077             2.35180             0.20581             1.90388             0.45508           750.74728             3.61834             2.15199       6       2
   10000       2       2       2       7       3     509       6       6      24     186      12      37            24.33333             3.33333             2.31938             0.20942             1.92081             0.44226           771.41482             3.65137             2.02907       3       5
   10000       2       2       2       7       3     509       6       6      25     163      11      33            23.45455             3.27273             2.27116             0.21329             1.88339             0.43016           792.99128             3.64947             2.00788       6       4
   10000       2       2       2       7       3     509       6       6      26     145      10      23            23.50000             3.30000             2.23652             0.21064             1.88536             0.42772           779.76804             3.74589             2.03454       1       6
   10000       2       2       2       7       3     509       6       6      27     130       9      27            22.88889             3.22222             2.20277             0.21411             1.87876             0.41889           799.00595             3.79729             1.91978       1       3
   10000       2       2       2       7       3     509       6       6      28     119       8      16            23.75000             3.25000             2.24374             0.20962             1.89694             0.42958           732.14516             3.81223             1.93622       6       1
   10000       2       2       2       7       3     509       6       6      29     106       7      15            25.00000             3.14286             2.27856             0.19875             1.86181             0.43993           714.99691             3.72482             1.99182       5       2
   10000       2       2       2       7       3     509       6       6      30      95       6      26            24.33333             3.50000             2.20138             0.19876             1.95335             0.41314           686.05031             3.87452             1.80063       4       4
