   10000       2       1       2       3       3     508       6       6       0     508      36       0            20.91667             3.02778             2.17896             0.23201             1.65907             0.34872           966.72845             3.87881             2.34215       0       0
   10000       2       1       2       3       3     508       6       6       1     494      35      20            20.97143             3.08571             2.18217             0.23179             1.67024             0.34654           969.44782             3.87013             2.33761       6       6
   10000       2       1       2       3       3     508       6       6       2     488      34      11            21.23529             3.11765             2.20088             0.22980             1.69134             0.34473           962.44408             3.78130             2.29884       3       1
   10000       2       1       2       3       3     508       6       6       3     471      33      20            21.21212             3.27273             2.18667             0.22737             1.72075             0.34165           958.80297             3.78024             2.28838       3       6
   10000       2       1       2       3       3     508       6       6       4     452      32      22            21.50000             3.28125             2.19117             0.22318             1.71640             0.34776           921.61398             3.74709             2.35880       3       2
   10000       2       1       2       3       3     508       6       6       5     436      31      25            21.64516             3.29032             2.19298             0.22196             1.71930             0.34402           896.05148             3.73379             2.33527       3       4
   10000       2       1       2       3       3     508       6       6       6     420      30      25            22.03333             3.30000             2.25330             0.22546             1.73953             0.34799           872.73588             3.72492             2.33513       4       5
   10000       2       1       2       3       3     508       6       6       7     401      29      28            21.58621             3.20690             2.24072             0.22990             1.71522             0.35266           897.74925             3.76484             2.27125       6       3
   10000       2       1       2       3       3     508       6       6       8     398      28      10            21.89286             3.25000             2.25889             0.22642             1.73110             0.34943           899.99677             3.68996             2.20746       4       1
   10000       2       1       2       3       3     508       6       6       9     394      27      13            22.18519             3.22222             2.23937             0.21922             1.72454             0.35100           888.50002             3.68605             2.17616       3       3
   10000       2       1       2       3       3     508       6       6      10     380      26      25            22.07692             3.23077             2.23954             0.22106             1.70955             0.34535           893.30676             3.67659             2.14593       2       1
   10000       2       1       2       3       3     508       6       6      11     367      25      19            22.12000             3.20000             2.23547             0.21878             1.72005             0.35315           870.83963             3.63415             2.12787       4       2
   10000       2       1       2       3       3     508       6       6      12     354      24      28            22.12500             3.20833             2.22497             0.21843             1.71778             0.35372           873.62083             3.64902             2.07764       5       4
   10000       2       1       2       3       3     508       6       6      13     336      23      21            22.04348             3.17391             2.24911             0.22254             1.72898             0.36544           900.94785             3.67734             2.07567       2       2
   10000       2       1       2       3       3     508       6       6      14     319      22      25            21.63636             3.31818             2.21254             0.22450             1.75020             0.36237           924.47951             3.69670             2.04643       5       6
   10000       2       1       2       3       3     508       6       6      15     303      21      22            21.47619             3.28571             2.20917             0.22567             1.74928             0.35615           928.21438             3.69126             2.04778       5       5
   10000       2       1       2       3       3     508       6       6      16     297      20      16            21.70000             3.25000             2.22747             0.22413             1.74588             0.35791           911.88942             3.68478             2.00946       4       4
   10000       2       1       2       3       3     508       6       6      17     287      19      19            21.73684             3.36842             2.23821             0.22500             1.77780             0.34774           933.91356             3.68472             1.91122       2       4
   10000       2       1       2       3       3     508       6       6      18     270      18      28            21.27778             3.27778             2.19796             0.22633             1.75504             0.34818           958.51869             3.71427             1.89052       6       5
   10000       2       1       2       3       3     508       6       6      19     252      17      28            20.52941             3.29412             2.18108             0.23230             1.78443             0.35032           992.88104             3.67072             1.79772       5       2
   10000       2       1       2       3       3     508       6       6      20     248      16      15            20.93750             3.25000             2.16931             0.22496             1.78335             0.34526           950.25248             3.72372             1.68199       2       5
   10000       2       1       2       3       3     508       6       6      21     229      15      23            20.46667             3.33333             2.13575             0.22788             1.82244             0.34134           974.40126             3.63282             1.66083       5       1
   10000       2       1       2       3       3     508       6       6      22     222      14      10            21.21429             3.00000             2.19796             0.22344             1.76326             0.34197           898.55597             3.63163             1.62725       2       3
   10000       2       1       2       3       3     508       6       6      23     205      13      24            20.76923             3.07692             2.18314             0.23150             1.78135             0.33992           932.24347             3.62171             1.58808       6       2
   10000       2       1       2       3       3     508       6       6      24     195      12      18            20.66667             3.00000             2.18187             0.23412             1.73042             0.33675           946.85418             3.60675             1.54032       5       3
   10000       2       1       2       3       3     508       6       6      25     184      11      11            21.54545             3.09091             2.17813             0.21711             1.75993             0.31656           910.21571             3.58761             1.58944       6       1
   10000       2       1       2       3       3     508       6       6      26     167      10      17            22.00000             3.20000             2.18604             0.21280             1.80304             0.31766           868.72675             3.66420             1.64839       6       4
   10000       2       1       2       3       3     508       6       6      27     150       9      18            22.44444             3.11111             2.23042             0.21298             1.78950             0.33952           825.54202             3.69209             1.70648       3       5
   10000       2       1       2       3       3     508       6       6      28     137       8      19            22.37500             3.00000             2.31492             0.22203             1.79747             0.35273           820.29147             3.68530             1.64775       2       6
   10000       2       1       2       3       3     508       6       6      29     119       7      16            23.00000             2.85714             2.31936             0.21333             1.73078             0.35742           741.22268             3.66292             1.75087       4       6
   10000       2       1       2       3       3     508       6       6      30      92       6      26            22.33333             2.83333             2.31849             0.21976             1.69527             0.33932           772.81510             3.64458             1.88359       4       3
