   10000       2       2       2      12      10     546       6       6       0     546      36       0            21.88889             3.11111             2.26232             0.22006             1.62450             0.32094           843.01095             3.63284             2.18994       0       0
   10000       2       2       2      12      10     546       6       6       1     532      35      21            22.60000             3.14286             2.30913             0.21721             1.64379             0.33308           814.03959             3.64221             2.25481       5       2
   10000       2       2       2      12      10     546       6       6       2     504      34      19            22.82353             3.08824             2.33309             0.21801             1.62479             0.34417           811.73461             3.66761             2.34589       4       2
   10000       2       2       2      12      10     546       6       6       3     489      33      20            23.00000             3.18182             2.34804             0.21777             1.65340             0.33885           803.75569             3.67811             2.35689       1       5
   10000       2       2       2      12      10     546       6       6       4     474      32      27            22.78125             3.18750             2.31674             0.21737             1.66047             0.32607           810.12190             3.68267             2.32192       5       1
   10000       2       2       2      12      10     546       6       6       5     445      31      26            22.83871             3.16129             2.30962             0.21517             1.66938             0.33802           798.25828             3.68200             2.36961       5       4
   10000       2       2       2      12      10     546       6       6       6     428      30      19            23.20000             3.16667             2.36543             0.21673             1.67362             0.35855           789.17996             3.65315             2.39641       2       1
   10000       2       2       2      12      10     546       6       6       7     413      29      23            23.06897             3.17241             2.33726             0.21615             1.68380             0.35923           801.31524             3.65653             2.37187       4       1
   10000       2       2       2      12      10     546       6       6       8     395      28      24            23.60714             3.10714             2.39102             0.21611             1.69989             0.37771           780.09572             3.66688             2.45489       2       3
   10000       2       2       2      12      10     546       6       6       9     384      27      19            23.85185             3.11111             2.37936             0.21363             1.70434             0.37503           771.73892             3.68345             2.44834       1       6
   10000       2       2       2      12      10     546       6       6      10     373      26      22            23.69231             3.11538             2.37775             0.21494             1.69778             0.37697           779.68216             3.69303             2.41882       3       1
   10000       2       2       2      12      10     546       6       6      11     362      25      27            23.80000             3.16000             2.34201             0.21094             1.69858             0.37993           775.01081             3.70785             2.38208       3       2
   10000       2       2       2      12      10     546       6       6      12     343      24      28            24.04167             3.16667             2.36474             0.21090             1.71357             0.38104           764.38012             3.75967             2.44745       2       5
   10000       2       2       2      12      10     546       6       6      13     337      23      19            24.13043             3.21739             2.36661             0.20923             1.72398             0.37635           755.08704             3.78661             2.37017       5       3
   10000       2       2       2      12      10     546       6       6      14     320      22      25            23.95455             3.22727             2.31323             0.20744             1.73887             0.37014           759.03583             3.81294             2.36649       6       1
   10000       2       2       2      12      10     546       6       6      15     305      21      29            23.95238             3.19048             2.32983             0.20819             1.73846             0.37967           752.45468             3.82804             2.34836       2       6
   10000       2       2       2      12      10     546       6       6      16     291      20      29            24.15000             3.25000             2.35248             0.20916             1.79595             0.38885           761.74293             3.83153             2.33212       6       5
   10000       2       2       2      12      10     546       6       6      17     277      19      21            24.31579             3.21053             2.26345             0.19978             1.78186             0.38613           768.70293             3.83160             2.29963       4       6
   10000       2       2       2      12      10     546       6       6      18     260      18      18            24.16667             3.22222             2.29778             0.20260             1.79827             0.39603           756.98539             3.83587             2.31961       6       2
   10000       2       2       2      12      10     546       6       6      19     254      17      24            24.35294             3.35294             2.25532             0.19653             1.86743             0.38019           761.68432             3.79808             2.22862       5       6
   10000       2       2       2      12      10     546       6       6      20     239      16      28            23.93750             3.31250             2.24205             0.19906             1.84470             0.37348           774.64139             3.82673             2.15498       4       5
   10000       2       2       2      12      10     546       6       6      21     230      15      19            24.13333             3.33333             2.26759             0.19908             1.86508             0.37060           764.77879             3.79297             2.08899       2       2
   10000       2       2       2      12      10     546       6       6      22     214      14      27            23.78571             3.28571             2.23328             0.20013             1.85713             0.37208           780.80015             3.71778             2.07036       1       1
   10000       2       2       2      12      10     546       6       6      23     202      13      28            23.00000             3.23077             2.25569             0.20790             1.87011             0.38881           814.63723             3.73253             1.90305       4       3
   10000       2       2       2      12      10     546       6       6      24     183      12      26            22.75000             3.25000             2.21701             0.20737             1.84901             0.39398           818.98560             3.74836             1.90267       3       3
   10000       2       2       2      12      10     546       6       6      25     162      11      28            21.63636             3.18182             2.20235             0.21709             1.84079             0.39027           853.47822             3.78819             1.85755       6       3
   10000       2       2       2      12      10     546       6       6      26     149      10      29            20.90000             3.30000             2.21715             0.22497             1.86476             0.38187           866.15801             3.86362             1.75714       1       3
   10000       2       2       2      12      10     546       6       6      27     134       9      22            20.55556             3.33333             2.20399             0.22761             1.87743             0.37425           874.33118             3.80620             1.72887       6       6
   10000       2       2       2      12      10     546       6       6      28     122       8      26            20.50000             3.50000             2.23348             0.23176             1.95265             0.41507           892.58373             3.80595             1.63973       3       5
   10000       2       2       2      12      10     546       6       6      29     113       7      20            20.42857             3.42857             2.10514             0.22146             1.96073             0.42258           891.22313             3.81844             1.48828       1       4
   10000       2       2       2      12      10     546       6       6      30      99       6      16            21.16667             3.33333             2.14707             0.21668             1.97058             0.45967           876.13081             3.68132             1.51140       6       4
