   10000       2       1       2       3       6     478       6       6       0     478      36       0            20.97222             2.94444             2.17468             0.22490             1.64555             0.34265           881.77585             3.80360             2.53724       0       0
   10000       2       1       2       3       6     478       6       6       1     467      35      22            21.08571             2.97143             2.18508             0.22414             1.64711             0.34306           870.68781             3.83023             2.51639       5       6
   10000       2       1       2       3       6     478       6       6       2     448      34      32            20.94118             2.97059             2.16876             0.22378             1.64557             0.34088           872.40685             3.82608             2.51522       5       1
   10000       2       1       2       3       6     478       6       6       3     443      33      18            21.18182             3.00000             2.20916             0.22539             1.64743             0.34634           862.67257             3.80655             2.45395       5       3
   10000       2       1       2       3       6     478       6       6       4     433      32      22            21.15625             3.00000             2.20061             0.22687             1.65065             0.34521           868.52166             3.81847             2.39500       2       4
   10000       2       1       2       3       6     478       6       6       5     421      31      21            21.22581             2.93548             2.21604             0.22564             1.62971             0.34819           857.32020             3.79649             2.35005       2       6
   10000       2       1       2       3       6     478       6       6       6     403      30      20            21.20000             3.00000             2.21103             0.22813             1.64644             0.35542           856.37633             3.80000             2.38083       6       1
   10000       2       1       2       3       6     478       6       6       7     385      29      26            20.86207             2.96552             2.19514             0.23124             1.63363             0.36574           869.49593             3.79000             2.35731       6       4
   10000       2       1       2       3       6     478       6       6       8     378      28      19            21.00000             2.92857             2.21951             0.23597             1.62212             0.37185           870.62960             3.80263             2.29648       3       5
   10000       2       1       2       3       6     478       6       6       9     362      27      27            21.03704             3.00000             2.20526             0.23400             1.63047             0.37081           865.54310             3.79469             2.28557       3       2
   10000       2       1       2       3       6     478       6       6      10     351      26      17            21.07692             2.96154             2.23297             0.23670             1.60737             0.35706           871.88415             3.80288             2.24981       4       1
   10000       2       1       2       3       6     478       6       6      11     337      25      19            21.20000             3.04000             2.21937             0.23409             1.62216             0.35988           863.53779             3.80454             2.25382       5       4
   10000       2       1       2       3       6     478       6       6      12     322      24      27            20.87500             3.08333             2.19646             0.23493             1.61796             0.35905           868.70191             3.83212             2.18562       4       4
   10000       2       1       2       3       6     478       6       6      13     308      23      20            20.91304             3.08696             2.18032             0.23180             1.62733             0.35168           849.82981             3.85420             2.18313       2       5
   10000       2       1       2       3       6     478       6       6      14     292      22      25            20.54545             3.09091             2.15385             0.23344             1.63316             0.34452           867.70579             3.85257             2.13791       5       5
   10000       2       1       2       3       6     478       6       6      15     283      21      21            20.42857             2.95238             2.18675             0.23845             1.62784             0.33632           873.03823             3.86029             2.06815       3       3
   10000       2       1       2       3       6     478       6       6      16     276      20      15            20.70000             3.00000             2.18893             0.23607             1.64374             0.34401           858.41552             3.82053             2.03712       3       1
   10000       2       1       2       3       6     478       6       6      17     265      19      15            20.94737             3.00000             2.22445             0.23686             1.64285             0.33388           861.94768             3.80390             2.03726       6       3
   10000       2       1       2       3       6     478       6       6      18     253      18      18            21.05556             3.00000             2.19808             0.23008             1.64847             0.31944           853.43125             3.78006             2.03207       4       5
   10000       2       1       2       3       6     478       6       6      19     236      17      24            20.64706             3.00000             2.18324             0.23332             1.65253             0.32534           873.59374             3.73014             2.01848       6       2
   10000       2       1       2       3       6     478       6       6      20     225      16      20            20.25000             3.00000             2.17954             0.23760             1.65761             0.32589           901.86221             3.69583             1.90212       2       1
   10000       2       1       2       3       6     478       6       6      21     210      15      21            19.93333             2.86667             2.14317             0.23793             1.63550             0.32712           924.37230             3.71613             1.88627       5       2
   10000       2       1       2       3       6     478       6       6      22     197      14      22            19.35714             2.78571             2.08459             0.23785             1.60557             0.30974           978.38293             3.73156             1.74517       2       2
   10000       2       1       2       3       6     478       6       6      23     183      13      21            18.84615             2.84615             2.07775             0.24475             1.62138             0.31318          1024.26826             3.76119             1.70775       4       3
   10000       2       1       2       3       6     478       6       6      24     160      12      23            18.50000             2.83333             2.10064             0.25724             1.60877             0.30140          1047.29181             3.82303             1.76673       3       4
   10000       2       1       2       3       6     478       6       6      25     153      11      12            18.72727             2.90909             2.07554             0.24607             1.65753             0.29207          1075.82067             3.72702             1.71899       3       6
   10000       2       1       2       3       6     478       6       6      26     137      10      25            17.80000             2.90000             2.08855             0.26534             1.63385             0.28735          1132.40784             3.78768             1.68089       6       6
   10000       2       1       2       3       6     478       6       6      27     128       9      13            18.44444             3.00000             2.05534             0.23856             1.68184             0.25881          1054.23013             3.77146             1.66443       2       3
   10000       2       1       2       3       6     478       6       6      28     111       8      17            18.62500             3.00000             2.01085             0.22929             1.65769             0.25991          1041.00078             3.77958             1.74749       4       6
   10000       2       1       2       3       6     478       6       6      29      93       7      18            18.71429             3.28571             2.10923             0.25327             1.76285             0.31852          1023.47727             3.85505             1.85427       6       5
   10000       2       1       2       3       6     478       6       6      30      79       6      14            19.50000             3.00000             2.10839             0.23671             1.65388             0.30893           936.42902             3.81348             1.99665       4       2
