   10000       2       1       2       3       1     523       6       6       0     523      36       0            22.19444             3.02778             2.32437             0.22473             1.62973             0.34372           814.90618             3.76329             2.41033       0       0
   10000       2       1       2       3       1     523       6       6       1     511      35      21            22.22857             3.00000             2.32797             0.22472             1.62900             0.34305           810.98531             3.77811             2.37025       2       2
   10000       2       1       2       3       1     523       6       6       2     498      34      20            22.38235             3.05882             2.35888             0.22614             1.62395             0.35150           802.47697             3.78321             2.34300       6       2
   10000       2       1       2       3       1     523       6       6       3     484      33      22            22.63636             3.06061             2.36377             0.22449             1.60606             0.34661           795.62029             3.78891             2.34917       2       4
   10000       2       1       2       3       1     523       6       6       4     468      32      21            22.62500             3.06250             2.37006             0.22550             1.59985             0.35016           794.15378             3.76816             2.28422       3       5
   10000       2       1       2       3       1     523       6       6       5     454      31      21            22.74194             2.93548             2.37343             0.22387             1.59315             0.35079           785.39739             3.78090             2.26273       6       5
   10000       2       1       2       3       1     523       6       6       6     437      30      25            22.86667             2.96667             2.38063             0.22326             1.59790             0.35924           777.66710             3.76300             2.26553       4       3
   10000       2       1       2       3       1     523       6       6       7     428      29      25            22.65517             3.06897             2.36519             0.22551             1.61345             0.34516           789.88358             3.75896             2.16993       2       6
   10000       2       1       2       3       1     523       6       6       8     410      28      21            22.53571             3.03571             2.36897             0.22688             1.61098             0.34744           794.41580             3.78079             2.16841       6       4
   10000       2       1       2       3       1     523       6       6       9     399      27      18            22.66667             2.96296             2.38801             0.22950             1.59972             0.34383           792.18541             3.78973             2.10934       3       2
   10000       2       1       2       3       1     523       6       6      10     389      26      16            22.84615             3.03846             2.37009             0.22443             1.61358             0.34092           792.69278             3.77966             2.10616       3       6
   10000       2       1       2       3       1     523       6       6      11     379      25      16            22.92000             3.04000             2.34541             0.22065             1.60495             0.33640           787.87332             3.78135             2.09703       6       1
   10000       2       1       2       3       1     523       6       6      12     370      24      19            23.29167             3.16667             2.34474             0.21756             1.63985             0.33302           788.56026             3.72389             2.06042       4       5
   10000       2       1       2       3       1     523       6       6      13     356      23      24            23.17391             3.13043             2.36725             0.22142             1.63487             0.33378           798.32462             3.71029             2.02410       5       3
   10000       2       1       2       3       1     523       6       6      14     336      22      29            22.95455             3.13636             2.33596             0.22077             1.63731             0.33554           797.25404             3.75267             2.00007       5       4
   10000       2       1       2       3       1     523       6       6      15     330      21      15            23.57143             3.14286             2.33349             0.21403             1.64227             0.33292           773.22521             3.75835             1.94973       3       1
   10000       2       1       2       3       1     523       6       6      16     312      20      24            23.30000             3.15000             2.33841             0.21711             1.64043             0.32929           784.92506             3.79552             1.93355       2       1
   10000       2       1       2       3       1     523       6       6      17     298      19      20            23.15789             3.15789             2.34259             0.21869             1.63722             0.32747           777.05521             3.78574             1.91302       5       5
   10000       2       1       2       3       1     523       6       6      18     286      18      17            23.33333             3.22222             2.34108             0.21581             1.66502             0.32156           763.83761             3.83339             1.84997       3       3
   10000       2       1       2       3       1     523       6       6      19     275      17      20            23.58824             3.35294             2.34689             0.21472             1.68530             0.30576           771.12586             3.77980             1.78406       5       2
   10000       2       1       2       3       1     523       6       6      20     261      16      22            23.25000             3.43750             2.33602             0.21749             1.69281             0.30503           793.53333             3.75822             1.74936       4       4
   10000       2       1       2       3       1     523       6       6      21     246      15      23            23.06667             3.33333             2.36716             0.22127             1.69930             0.32399           789.09047             3.79911             1.72347       2       3
   10000       2       1       2       3       1     523       6       6      22     228      14      19            23.35714             3.21429             2.37356             0.21923             1.69348             0.33523           780.76419             3.79368             1.76832       6       3
   10000       2       1       2       3       1     523       6       6      23     209      13      22            22.92308             3.15385             2.30720             0.21948             1.69914             0.34229           803.39576             3.84978             1.74917       6       6
   10000       2       1       2       3       1     523       6       6      24     199      12      16            23.25000             3.25000             2.30855             0.21559             1.69351             0.31711           798.04875             3.83395             1.72588       5       6
   10000       2       1       2       3       1     523       6       6      25     180      11      19            23.63636             3.18182             2.33205             0.21451             1.68558             0.32574           796.27431             3.74540             1.79187       4       6
   10000       2       1       2       3       1     523       6       6      26     168      10      28            22.80000             3.30000             2.27714             0.21943             1.71334             0.30449           843.43070             3.72859             1.65336       4       1
   10000       2       1       2       3       1     523       6       6      27     146       9      24            22.66667             3.33333             2.23139             0.21764             1.71149             0.29967           853.56968             3.71779             1.69920       5       1
   10000       2       1       2       3       1     523       6       6      28     132       8      14            23.75000             3.25000             2.26924             0.20775             1.68504             0.32752           835.27228             3.65006             1.78660       4       2
   10000       2       1       2       3       1     523       6       6      29     114       7      18            24.57143             3.28571             2.32358             0.20569             1.69046             0.35750           790.70434             3.59272             1.89898       3       4
   10000       2       1       2       3       1     523       6       6      30      96       6      24            24.16667             3.16667             2.28918             0.20310             1.67043             0.33500           791.39393             3.58466             1.92837       2       5
