   10000       2       2       2      12      11     467       6       6       0     467      36       0            20.41667             3.19444             2.11294             0.23015             1.72272             0.31714           954.81457             3.61434             2.49732       0       0
   10000       2       2       2      12      11     467       6       6       1     449      35      29            21.02857             3.22857             2.19124             0.22915             1.73837             0.34036           911.70726             3.63083             2.62833       5       5
   10000       2       2       2      12      11     467       6       6       2     438      34      29            21.35294             3.14706             2.19857             0.22560             1.74039             0.34435           899.46996             3.64230             2.65199       5       1
   10000       2       2       2      12      11     467       6       6       3     419      33      30            21.57576             3.21212             2.21270             0.22563             1.75027             0.36243           892.75408             3.64040             2.70126       5       2
   10000       2       2       2      12      11     467       6       6       4     400      32      30            21.12500             3.15625             2.19835             0.22805             1.74331             0.35630           910.19788             3.64807             2.69217       6       1
   10000       2       2       2      12      11     467       6       6       5     392      31      27            21.58065             3.16129             2.23247             0.22695             1.75256             0.37014           892.86618             3.63429             2.68070       4       2
   10000       2       2       2      12      11     467       6       6       6     375      30      31            21.90000             3.30000             2.24985             0.22559             1.78087             0.37769           865.53749             3.59638             2.66420       3       2
   10000       2       2       2      12      11     467       6       6       7     361      29      29            21.79310             3.20690             2.26059             0.22786             1.77753             0.37151           877.12021             3.60765             2.63936       3       3
   10000       2       2       2      12      11     467       6       6       8     345      28      31            22.14286             3.25000             2.27693             0.22638             1.79096             0.39239           850.24131             3.62617             2.64933       3       5
   10000       2       2       2      12      11     467       6       6       9     329      27      27            22.48148             3.14815             2.24066             0.21758             1.79596             0.38787           826.18713             3.62773             2.73257       5       4
   10000       2       2       2      12      11     467       6       6      10     317      26      30            22.07692             3.15385             2.23755             0.22046             1.80896             0.38787           836.97419             3.64135             2.66149       4       4
   10000       2       2       2      12      11     467       6       6      11     309      25      28            22.24000             3.16000             2.26898             0.22407             1.84606             0.39638           853.32330             3.65366             2.65496       6       3
   10000       2       2       2      12      11     467       6       6      12     297      24      29            21.95833             3.16667             2.24550             0.22452             1.88382             0.39232           861.08003             3.64120             2.58276       6       4
   10000       2       2       2      12      11     467       6       6      13     287      23      26            22.00000             3.21739             2.25504             0.22431             1.89363             0.38893           848.42532             3.67811             2.54043       2       1
   10000       2       2       2      12      11     467       6       6      14     278      22      26            22.45455             3.27273             2.29785             0.22483             1.89536             0.42434           850.96927             3.67194             2.52151       1       4
   10000       2       2       2      12      11     467       6       6      15     269      21      33            22.95238             3.28571             2.32870             0.21552             1.94122             0.43063           749.84013             3.70390             2.51463       1       5
   10000       2       2       2      12      11     467       6       6      16     261      20      25            23.15000             3.30000             2.32946             0.21391             1.96066             0.43550           732.90060             3.70804             2.45432       2       2
   10000       2       2       2      12      11     467       6       6      17     248      19      26            22.89474             3.26316             2.30437             0.21451             1.97603             0.42850           741.13344             3.76551             2.42958       1       2
   10000       2       2       2      12      11     467       6       6      18     238      18      25            23.33333             3.38889             2.32564             0.21274             1.99567             0.42180           730.54662             3.76946             2.40085       3       6
   10000       2       2       2      12      11     467       6       6      19     229      17      26            23.05882             3.47059             2.32159             0.21517             2.02963             0.44052           726.56124             3.81289             2.31302       4       5
   10000       2       2       2      12      11     467       6       6      20     220      16      24            23.06250             3.43750             2.33827             0.21701             2.03746             0.42816           729.83565             3.82307             2.28371       4       1
   10000       2       2       2      12      11     467       6       6      21     209      15      24            22.86667             3.53333             2.35350             0.22063             2.05530             0.43097           735.97283             3.84361             2.20047       3       4
   10000       2       2       2      12      11     467       6       6      22     203      14      24            22.71429             3.50000             2.35158             0.22224             2.04383             0.41835           745.82257             3.87467             2.11402       1       6
   10000       2       2       2      12      11     467       6       6      23     190      13      24            22.23077             3.53846             2.33898             0.22772             2.06079             0.43134           764.64903             3.87267             2.02472       1       3
   10000       2       2       2      12      11     467       6       6      24     176      12      23            21.75000             3.66667             2.28633             0.22979             2.07045             0.44151           790.99222             3.86841             1.90374       6       6
   10000       2       2       2      12      11     467       6       6      25     167      11      22            21.45455             3.54545             2.27724             0.23281             2.03249             0.45819           810.88396             3.87838             1.78591       4       3
   10000       2       2       2      12      11     467       6       6      26     160      10      21            21.30000             3.60000             2.27890             0.23580             2.05430             0.43913           805.51819             3.93550             1.65304       4       6
   10000       2       2       2      12      11     467       6       6      27     146       9      20            21.44444             3.66667             2.27100             0.23451             2.05448             0.42944           813.84949             3.94002             1.64611       6       2
   10000       2       2       2      12      11     467       6       6      28     137       8      17            21.37500             3.62500             2.22806             0.22959             2.05435             0.38958           860.70299             3.90762             1.44836       2       3
   10000       2       2       2      12      11     467       6       6      29     126       7      16            22.14286             3.71429             2.25322             0.22548             2.07354             0.37449           823.82175             3.89855             1.41936       1       1
   10000       2       2       2      12      11     467       6       6      30     115       6      14            23.50000             3.66667             2.33048             0.21493             2.13315             0.40320           812.56644             3.77993             1.40490       6       5
