   10000       2       2       1       1       9     525       6       6       0     525      36       0            21.69444             2.91667             2.24134             0.22026             1.60306             0.30909           825.34602             4.00950             2.38234       0       0
   10000       2       2       1       1       9     525       6       6       1     514      35      26            21.85714             2.91429             2.27769             0.22173             1.61589             0.31190           813.43057             4.03266             2.34440       5       1
   10000       2       2       1       1       9     525       6       6       2     503      34      20            22.52941             2.94118             2.31487             0.21846             1.64119             0.32270           794.52069             4.04499             2.37981       3       2
   10000       2       2       1       1       9     525       6       6       3     487      33      20            22.78788             3.00000             2.32530             0.21687             1.66581             0.32715           780.00251             4.06325             2.37284       4       5
   10000       2       2       1       1       9     525       6       6       4     477      32      20            23.03125             3.00000             2.33885             0.21589             1.67790             0.33830           782.95692             4.01329             2.37074       3       5
   10000       2       2       1       1       9     525       6       6       5     462      31      21            23.16129             2.96774             2.34482             0.21476             1.67765             0.34043           763.08590             4.02042             2.37530       4       6
   10000       2       2       1       1       9     525       6       6       6     445      30      27            23.20000             3.03333             2.35555             0.21514             1.69791             0.34058           742.49258             4.04359             2.38072       6       5
   10000       2       2       1       1       9     525       6       6       7     436      29      17            23.55172             3.00000             2.39373             0.21620             1.69914             0.35977           735.54194             4.03967             2.35736       1       2
   10000       2       2       1       1       9     525       6       6       8     422      28      25            23.78571             3.00000             2.40980             0.21569             1.72610             0.36947           733.40999             4.03635             2.34810       2       6
   10000       2       2       1       1       9     525       6       6       9     405      27      20            23.81481             3.00000             2.40594             0.21368             1.74528             0.36438           713.31943             4.07107             2.36939       1       1
   10000       2       2       1       1       9     525       6       6      10     376      26      29            23.53846             3.11538             2.38061             0.21305             1.76536             0.35803           723.46137             4.06484             2.39952       6       4
   10000       2       2       1       1       9     525       6       6      11     357      25      23            23.64000             3.12000             2.39520             0.21335             1.74133             0.37831           715.23216             4.08936             2.48506       6       3
   10000       2       2       1       1       9     525       6       6      12     353      24      15            24.00000             3.12500             2.43329             0.21351             1.72189             0.37915           716.88239             4.08806             2.41977       6       6
   10000       2       2       1       1       9     525       6       6      13     339      23      26            23.82609             3.17391             2.41289             0.21455             1.73979             0.37928           731.28734             4.10845             2.38051       4       1
   10000       2       2       1       1       9     525       6       6      14     325      22      23            23.86364             3.13636             2.39187             0.21266             1.73742             0.36826           730.07234             4.09265             2.37273       1       6
   10000       2       2       1       1       9     525       6       6      15     315      21      19            23.95238             3.19048             2.41430             0.21396             1.76949             0.36831           739.03351             4.06363             2.31989       6       2
   10000       2       2       1       1       9     525       6       6      16     305      20      27            24.25000             3.20000             2.40747             0.21033             1.76471             0.36440           738.15974             4.05223             2.29045       2       2
   10000       2       2       1       1       9     525       6       6      17     292      19      24            24.31579             3.15789             2.40312             0.21020             1.76746             0.36593           732.40201             4.10141             2.25662       5       5
   10000       2       2       1       1       9     525       6       6      18     281      18      22            24.38889             3.16667             2.37409             0.20703             1.76440             0.36630           732.12264             4.09946             2.25565       6       1
   10000       2       2       1       1       9     525       6       6      19     271      17      22            25.05882             3.29412             2.40070             0.20408             1.78616             0.37204           705.21490             4.13863             2.27013       1       3
   10000       2       2       1       1       9     525       6       6      20     258      16      22            25.37500             3.25000             2.45578             0.20602             1.79234             0.39304           704.20716             4.15750             2.20590       2       5
   10000       2       2       1       1       9     525       6       6      21     244      15      18            25.80000             3.26667             2.48626             0.20428             1.79925             0.40471           688.00520             4.05364             2.23417       5       6
   10000       2       2       1       1       9     525       6       6      22     233      14      31            25.71429             3.50000             2.47253             0.20381             1.87442             0.39956           698.21511             4.08212             2.12589       2       4
   10000       2       2       1       1       9     525       6       6      23     213      13      26            25.15385             3.38462             2.42420             0.20476             1.87539             0.39592           714.17674             4.06661             2.13182       1       4
   10000       2       2       1       1       9     525       6       6      24     201      12      23            24.75000             3.25000             2.40768             0.20590             1.84213             0.40407           725.30014             4.09208             2.06263       3       1
   10000       2       2       1       1       9     525       6       6      25     188      11      24            25.45455             3.18182             2.46790             0.20507             1.82457             0.39457           699.56135             4.25087             2.00902       5       3
   10000       2       2       1       1       9     525       6       6      26     175      10      21            25.70000             3.00000             2.47603             0.20394             1.78475             0.40732           699.80959             4.24265             1.93976       5       4
   10000       2       2       1       1       9     525       6       6      27     162       9      24            25.55556             3.11111             2.45723             0.20349             1.84349             0.43417           692.27030             4.36683             1.89815       4       2
   10000       2       2       1       1       9     525       6       6      28     146       8      29            25.75000             3.00000             2.50404             0.20625             1.80206             0.43475           696.55310             4.42408             1.85250       2       3
   10000       2       2       1       1       9     525       6       6      29     130       7      25            25.71429             3.00000             2.45963             0.20346             1.78822             0.41020           702.08465             4.44345             1.78992       5       2
   10000       2       2       1       1       9     525       6       6      30     118       6      25            25.00000             3.16667             2.46652             0.21125             1.82859             0.39337           719.48495             4.56333             1.54557       4       4
   10000       2       2       1       1       9     525       6       6      31     102       5      30            23.20000             3.20000             2.46858             0.22698             1.94140             0.40676           754.68402             4.71643             1.28983       3       3
   10000       2       2       1       1       9     525       6       6      32      85       4      22            23.25000             3.25000             2.40873             0.22128             1.98687             0.38167           772.12923             4.73332             1.20625       4       3
   10000       2       2       1       1       9     525       6       6      33      67       3      25            22.66667             3.00000             2.43831             0.23060             1.89917             0.37000           775.41567             4.56242             1.03417       3       4
   10000       2       2       1       1       9     525       6       6      34      51       2      17            25.50000             3.00000             2.56923             0.20987             1.81750             0.36750           664.90289             4.57272             1.00000       3       6
   10000       2       2       1       1       9     525       6       6      35      26       1      25            26.00000             3.00000             2.53846             0.20308             1.76000             0.36000           604.45822             4.80922             1.00000       2       1
   10000       2       2       1       1       9     525       6       6      36       0       0      26             0.00000             0.00000             0.00000             0.00000             0.00000             0.00000             0.00000             0.00000             0.00000       1       5
