   10000       2       2       2       1       8     514       6       6       0     514      36       0            21.69444             3.13889             2.30008             0.22645             1.65036             0.33603           860.60524             3.60649             2.37765       0       0
   10000       2       2       2       1       8     514       6       6       1     504      35      17            22.20000             3.17143             2.32852             0.22428             1.66911             0.34276           848.13972             3.60678             2.39146       1       5
   10000       2       2       2       1       8     514       6       6       2     489      34      29            22.14706             3.26471             2.33664             0.22554             1.68260             0.33892           849.81977             3.59945             2.36429       2       4
   10000       2       2       2       1       8     514       6       6       3     479      33      23            22.15152             3.30303             2.33892             0.22597             1.68249             0.33780           846.42673             3.61231             2.35529       1       4
   10000       2       2       2       1       8     514       6       6       4     464      32      28            22.65625             3.34375             2.33894             0.22132             1.68884             0.34646           827.94681             3.60906             2.36867       3       5
   10000       2       2       2       1       8     514       6       6       5     451      31      24            23.06452             3.35484             2.33836             0.21588             1.72011             0.34262           796.78322             3.62483             2.40674       5       1
   10000       2       2       2       1       8     514       6       6       6     435      30      25            23.03333             3.26667             2.34582             0.21712             1.70336             0.35512           793.60601             3.65450             2.42465       3       4
   10000       2       2       2       1       8     514       6       6       7     428      29      24            23.31034             3.34483             2.37820             0.21829             1.71274             0.37232           791.72925             3.66590             2.35671       5       2
   10000       2       2       2       1       8     514       6       6       8     410      28      23            23.17857             3.32143             2.39755             0.22189             1.70769             0.37529           804.00930             3.65726             2.34049       4       6
   10000       2       2       2       1       8     514       6       6       9     392      27      20            23.14815             3.44444             2.39561             0.22215             1.73217             0.37354           802.16739             3.69348             2.32910       3       1
   10000       2       2       2       1       8     514       6       6      10     381      26      19            24.23077             3.26923             2.45148             0.21617             1.72381             0.39233           770.71118             3.68840             2.40585       5       4
   10000       2       2       2       1       8     514       6       6      11     372      25      20            24.56000             3.32000             2.43317             0.21162             1.74972             0.40631           759.74747             3.69709             2.37168       3       2
   10000       2       2       2       1       8     514       6       6      12     367      24      19            24.70833             3.25000             2.42945             0.20954             1.72842             0.39830           757.10884             3.70807             2.33574       6       1
   10000       2       2       2       1       8     514       6       6      13     354      23      31            25.43478             3.34783             2.45205             0.20578             1.74476             0.40060           739.53091             3.71308             2.33197       4       3
   10000       2       2       2       1       8     514       6       6      14     336      22      33            24.86364             3.36364             2.45525             0.21263             1.75440             0.41255           760.71070             3.76246             2.26336       2       6
   10000       2       2       2       1       8     514       6       6      15     329      21      18            25.14286             3.33333             2.44454             0.20849             1.75527             0.41629           756.41759             3.73532             2.23805       1       6
   10000       2       2       2       1       8     514       6       6      16     316      20      31            25.30000             3.30000             2.44419             0.20760             1.78079             0.41766           755.23877             3.74303             2.20817       3       3
   10000       2       2       2       1       8     514       6       6      17     306      19      24            24.94737             3.26316             2.44211             0.21037             1.78366             0.42387           762.60945             3.77383             2.16758       4       1
   10000       2       2       2       1       8     514       6       6      18     290      18      25            24.94444             3.22222             2.43384             0.21009             1.76238             0.41732           769.89508             3.77436             2.15319       4       2
   10000       2       2       2       1       8     514       6       6      19     282      17      19            25.29412             3.35294             2.45941             0.20869             1.80806             0.40996           765.44241             3.77165             2.10215       5       3
   10000       2       2       2       1       8     514       6       6      20     271      16      17            25.81250             3.37500             2.46098             0.20285             1.82341             0.40574           734.86738             3.77303             2.13339       3       6
   10000       2       2       2       1       8     514       6       6      21     266      15      15            26.86667             3.40000             2.53078             0.19983             1.84078             0.41515           676.62534             3.73843             2.04772       6       6
   10000       2       2       2       1       8     514       6       6      22     248      14      25            26.78571             3.35714             2.52628             0.19998             1.85074             0.41284           678.55164             3.77778             2.02787       6       4
   10000       2       2       2       1       8     514       6       6      23     236      13      32            26.23077             3.38462             2.53091             0.20715             1.86476             0.42375           708.16813             3.82268             1.86372       5       5
   10000       2       2       2       1       8     514       6       6      24     220      12      30            25.75000             3.41667             2.50462             0.20995             1.89764             0.43147           730.45368             3.84860             1.81985       6       2
   10000       2       2       2       1       8     514       6       6      25     202      11      22            26.00000             3.45455             2.48093             0.20590             1.91214             0.44165           738.28698             3.79944             1.83076       6       3
   10000       2       2       2       1       8     514       6       6      26     194      10      14            27.20000             3.50000             2.54332             0.19766             1.90329             0.44098           652.66526             3.81379             1.83209       5       6
   10000       2       2       2       1       8     514       6       6      27     177       9      24            27.55556             3.44444             2.55196             0.19573             1.87923             0.45111           661.73764             3.75538             1.85832       2       5
   10000       2       2       2       1       8     514       6       6      28     162       8      23            27.37500             3.50000             2.52363             0.19422             1.89396             0.46321           658.91802             3.68658             1.81072       4       4
   10000       2       2       2       1       8     514       6       6      29     141       7      26            27.57143             3.57143             2.51731             0.19270             1.92452             0.46081           666.46014             3.57101             1.86761       4       5
   10000       2       2       2       1       8     514       6       6      30     120       6      21            28.66667             3.50000             2.65114             0.19625             1.88695             0.48761           658.13059             3.41487             2.01221       6       5
