   10000       2       1       1       1       9     504       6       6       0     504      36       0            21.11111             2.88889             2.22961             0.22955             1.55904             0.32370           873.83775             3.92412             2.46365       0       0
   10000       2       1       1       1       9     504       6       6       1     490      35      24            21.02857             2.85714             2.23626             0.23198             1.55614             0.33242           880.85392             3.91636             2.44813       6       5
   10000       2       1       1       1       9     504       6       6       2     473      34      22            20.94118             2.88235             2.23697             0.23259             1.54325             0.32789           885.02948             3.90117             2.43079       1       3
   10000       2       1       1       1       9     504       6       6       3     456      33      21            21.06061             2.96970             2.25237             0.23222             1.57375             0.33027           861.92924             3.92639             2.46024       6       4
   10000       2       1       1       1       9     504       6       6       4     451      32      14            21.43750             2.96875             2.25175             0.22789             1.58046             0.32727           845.34198             3.85181             2.38616       2       4
   10000       2       1       1       1       9     504       6       6       5     444      31      16            21.74194             3.00000             2.25197             0.22469             1.58796             0.32896           834.57613             3.80837             2.35928       3       4
   10000       2       1       1       1       9     504       6       6       6     428      30      26            21.80000             2.90000             2.28146             0.22819             1.58576             0.34682           836.83519             3.79141             2.38364       5       6
   10000       2       1       1       1       9     504       6       6       7     410      29      26            21.72414             3.00000             2.29132             0.22985             1.59970             0.33755           838.70424             3.80072             2.36162       6       2
   10000       2       1       1       1       9     504       6       6       8     393      28      23            21.92857             3.03571             2.30944             0.22870             1.59247             0.34420           828.11213             3.79367             2.36607       3       6
   10000       2       1       1       1       9     504       6       6       9     377      27      26            21.85185             3.07407             2.29289             0.22792             1.60765             0.34466           830.20202             3.77707             2.39197       1       4
   10000       2       1       1       1       9     504       6       6      10     364      26      26            21.65385             3.07692             2.30054             0.23089             1.61997             0.35028           836.54119             3.75305             2.29751       5       4
   10000       2       1       1       1       9     504       6       6      11     359      25      14            21.80000             3.12000             2.31604             0.23194             1.62434             0.35050           857.82806             3.69656             2.20244       5       3
   10000       2       1       1       1       9     504       6       6      12     345      24      21            21.62500             3.08333             2.29879             0.23347             1.60460             0.35024           873.47967             3.67889             2.17549       1       5
   10000       2       1       1       1       9     504       6       6      13     330      23      22            21.69565             3.04348             2.27470             0.23063             1.58579             0.34565           878.58369             3.67088             2.16962       5       2
   10000       2       1       1       1       9     504       6       6      14     316      22      23            21.50000             3.04545             2.26044             0.23287             1.60703             0.34033           894.38051             3.64570             2.12695       1       1
   10000       2       1       1       1       9     504       6       6      15     303      21      13            21.90476             3.04762             2.29140             0.23118             1.60419             0.34315           865.50972             3.61758             2.18061       6       3
   10000       2       1       1       1       9     504       6       6      16     298      20      16            21.90000             3.10000             2.29815             0.23116             1.63918             0.33899           877.92625             3.61559             1.93982       3       2
   10000       2       1       1       1       9     504       6       6      17     286      19      19            22.05263             3.00000             2.27371             0.22725             1.64318             0.34158           876.59853             3.60371             1.95079       5       5
   10000       2       1       1       1       9     504       6       6      18     273      18      16            22.55556             3.16667             2.32603             0.22661             1.65875             0.34007           851.86790             3.60305             1.97498       4       4
   10000       2       1       1       1       9     504       6       6      19     261      17      12            23.17647             3.23529             2.32169             0.21519             1.68681             0.34938           803.86266             3.58238             2.03233       6       6
   10000       2       1       1       1       9     504       6       6      20     247      16      23            22.81250             3.18750             2.29204             0.21740             1.67994             0.34622           818.62714             3.64262             1.92967       2       1
   10000       2       1       1       1       9     504       6       6      21     240      15      12            23.40000             3.20000             2.33848             0.21493             1.67006             0.35702           813.98506             3.58348             1.89765       1       2
   10000       2       1       1       1       9     504       6       6      22     225      14      20            23.35714             3.07143             2.32491             0.21434             1.59561             0.34837           822.53089             3.59430             1.83383       4       3
   10000       2       1       1       1       9     504       6       6      23     211      13      19            23.30769             3.07692             2.34492             0.21574             1.61749             0.36291           823.12660             3.57616             1.79796       1       6
   10000       2       1       1       1       9     504       6       6      24     198      12      19            23.50000             3.08333             2.33641             0.21232             1.60850             0.37109           813.50546             3.54545             1.77903       3       1
   10000       2       1       1       1       9     504       6       6      25     184      11      26            23.54545             3.36364             2.29196             0.20790             1.62249             0.34486           820.64619             3.54255             1.72132       4       5
   10000       2       1       1       1       9     504       6       6      26     168      10      22            23.30000             3.30000             2.35175             0.21406             1.62334             0.34591           817.62695             3.57956             1.67836       3       3
   10000       2       1       1       1       9     504       6       6      27     152       9      21            22.88889             3.55556             2.29715             0.21646             1.69773             0.37562           850.61356             3.53099             1.62829       2       3
   10000       2       1       1       1       9     504       6       6      28     138       8      14            24.00000             3.50000             2.33842             0.20605             1.67918             0.37450           809.76363             3.39032             1.70683       2       2
   10000       2       1       1       1       9     504       6       6      29     122       7      26            22.85714             3.57143             2.28659             0.21428             1.70441             0.35675           890.16713             3.42570             1.52287       4       1
   10000       2       1       1       1       9     504       6       6      30     102       6      22            22.83333             3.50000             2.25088             0.21171             1.68310             0.35633           897.93359             3.48598             1.54887       4       6
   10000       2       1       1       1       9     504       6       6      31      81       5      28            20.80000             3.40000             2.19923             0.22770             1.74012             0.36146          1003.90903             3.60663             1.46067       6       1
   10000       2       1       1       1       9     504       6       6      32      57       4      24            16.25000             3.25000             2.08450             0.27733             1.76991             0.32826          1256.41904             3.60850             1.27885       3       5
   10000       2       1       1       1       9     504       6       6      33      44       3      17            14.66667             3.33333             2.10370             0.33464             1.81002             0.37429          1340.13592             3.93675             1.00000       2       6
   10000       2       1       1       1       9     504       6       6      34      28       2      16            14.00000             3.50000             2.15556             0.36863             1.74837             0.42810          1326.13861             3.99383             1.00000       4       2
   10000       2       1       1       1       9     504       6       6      35      18       1      10            18.00000             4.00000             2.11111             0.24837             1.94118             0.41176          1381.62891             2.60109             1.00000       2       5
   10000       2       1       1       1       9     504       6       6      36       0       0      18             0.00000             0.00000             0.00000             0.00000             0.00000             0.00000             0.00000             0.00000             0.00000       5       1
