   10000       2       1       2       6       2     487       6       6       0     487      36       0            20.66667             3.16667             2.25710             0.23799             1.67006             0.35268           950.26701             3.56068             2.38376       0       0
   10000       2       1       2       6       2     487       6       6       1     463      35      34            20.11429             3.14286             2.23939             0.24236             1.66062             0.35621           968.50061             3.57177             2.34788       2       1
   10000       2       1       2       6       2     487       6       6       2     446      34      26            20.14706             3.14706             2.24761             0.24059             1.66038             0.33540           960.48014             3.58227             2.33803       5       5
   10000       2       1       2       6       2     487       6       6       3     439      33      15            20.54545             3.12121             2.23711             0.23618             1.66014             0.34416           933.39855             3.59181             2.35440       5       4
   10000       2       1       2       6       2     487       6       6       4     433      32      10            20.87500             3.15625             2.27366             0.23384             1.67165             0.33752           905.24971             3.56816             2.32017       6       6
   10000       2       1       2       6       2     487       6       6       5     422      31      20            20.87097             3.16129             2.26312             0.23284             1.67856             0.34254           907.51165             3.57288             2.27876       1       3
   10000       2       1       2       6       2     487       6       6       6     406      30      24            20.83333             3.16667             2.28743             0.23568             1.67506             0.35671           905.94725             3.57357             2.23862       3       6
   10000       2       1       2       6       2     487       6       6       7     392      29      26            20.82759             3.13793             2.27757             0.23447             1.66654             0.34798           902.21956             3.58179             2.20503       5       2
   10000       2       1       2       6       2     487       6       6       8     373      28      23            20.53571             3.14286             2.27002             0.23888             1.67108             0.36375           925.73034             3.58710             2.21598       6       5
   10000       2       1       2       6       2     487       6       6       9     365      27      22            20.62963             3.00000             2.24283             0.23569             1.65256             0.36296           920.89032             3.56258             2.17606       2       5
   10000       2       1       2       6       2     487       6       6      10     345      26      24            20.57692             3.07692             2.26268             0.23861             1.66260             0.35378           923.28430             3.57157             2.19307       4       2
   10000       2       1       2       6       2     487       6       6      11     337      25      18            20.60000             3.04000             2.25253             0.23690             1.66068             0.34686           918.30800             3.58900             2.15332       6       2
   10000       2       1       2       6       2     487       6       6      12     325      24      23            20.25000             3.08333             2.24047             0.24040             1.66410             0.35535           941.04903             3.61258             2.10399       5       1
   10000       2       1       2       6       2     487       6       6      13     311      23      21            20.26087             3.04348             2.23384             0.24036             1.66045             0.35423           954.79828             3.58995             2.08866       1       4
   10000       2       1       2       6       2     487       6       6      14     296      22      15            20.36364             3.09091             2.24037             0.23951             1.67878             0.36713           920.99893             3.65798             2.11391       2       4
   10000       2       1       2       6       2     487       6       6      15     283      21      19            20.28571             3.09524             2.22105             0.23953             1.68725             0.35875           926.40095             3.63039             2.10413       1       1
   10000       2       1       2       6       2     487       6       6      16     262      20      24            19.70000             3.10000             2.21125             0.24491             1.70255             0.37650           949.34255             3.62907             2.10140       1       5
   10000       2       1       2       6       2     487       6       6      17     252      19      16            20.00000             3.10526             2.23226             0.24265             1.69029             0.36637           915.68125             3.66818             2.10222       6       4
   10000       2       1       2       6       2     487       6       6      18     238      18      23            20.16667             3.05556             2.17406             0.23639             1.68249             0.34713           917.60640             3.65046             2.05809       3       4
   10000       2       1       2       6       2     487       6       6      19     226      17      18            20.00000             3.11765             2.24626             0.24857             1.67483             0.36255           942.57283             3.62417             2.04364       1       6
   10000       2       1       2       6       2     487       6       6      20     198      16      30            18.75000             3.12500             2.10902             0.24885             1.68943             0.34465           986.01936             3.69364             2.06231       6       3
   10000       2       1       2       6       2     487       6       6      21     185      15      17            18.66667             3.06667             2.13168             0.25070             1.68477             0.33738           984.61577             3.72687             2.05976       5       3
   10000       2       1       2       6       2     487       6       6      22     174      14      14            18.71429             3.07143             2.13268             0.25153             1.69912             0.32211          1003.60437             3.60842             2.04153       1       2
   10000       2       1       2       6       2     487       6       6      23     168      13      13            19.15385             3.07692             2.15751             0.24604             1.69471             0.34165           986.13299             3.65379             1.95729       2       2
   10000       2       1       2       6       2     487       6       6      24     158      12      15            19.50000             3.16667             2.22576             0.25003             1.67510             0.35233           979.78591             3.66168             1.94717       5       6
   10000       2       1       2       6       2     487       6       6      25     139      11      17            19.45455             3.09091             2.19659             0.24860             1.68198             0.34601           986.13807             3.68275             2.03801       6       1
   10000       2       1       2       6       2     487       6       6      26     129      10      16            19.70000             3.20000             2.21170             0.24793             1.68520             0.33180           960.53952             3.66858             1.98117       2       3
   10000       2       1       2       6       2     487       6       6      27     119       9      17            20.22222             3.22222             2.20370             0.23987             1.75318             0.34812           926.51374             3.66094             1.98205       3       5
   10000       2       1       2       6       2     487       6       6      28     106       8      13            21.12500             3.12500             2.22386             0.22689             1.73553             0.36039           898.46542             3.59503             2.10480       2       6
   10000       2       1       2       6       2     487       6       6      29      96       7      13            22.00000             3.14286             2.27430             0.22341             1.78029             0.34053           827.45568             3.56726             2.06833       4       1
   10000       2       1       2       6       2     487       6       6      30      83       6      20            21.16667             3.16667             2.27251             0.23355             1.76584             0.32182           876.87685             3.62889             1.87009       4       3
