   10000       2       1       2       7       2     478       6       6       0     478      36       0            20.97222             2.94444             2.17468             0.22490             1.64555             0.34265           881.77585             3.80360             2.53724       0       0
   10000       2       1       2       7       2     478       6       6       1     462      35      27            21.02857             2.97143             2.16797             0.22351             1.65142             0.34368           877.48517             3.80146             2.53205       3       2
   10000       2       1       2       7       2     478       6       6       2     454      34      19            21.29412             2.97059             2.21720             0.22547             1.64981             0.35202           860.35403             3.81651             2.52542       6       5
   10000       2       1       2       7       2     478       6       6       3     441      33      17            21.51515             2.96970             2.21471             0.22250             1.65679             0.34911           852.65659             3.81320             2.51873       4       5
   10000       2       1       2       7       2     478       6       6       4     429      32      21            21.34375             3.00000             2.17405             0.21712             1.64480             0.34729           860.63012             3.81327             2.46399       2       6
   10000       2       1       2       7       2     478       6       6       5     421      31      13            21.48387             3.06452             2.20538             0.22251             1.65906             0.33521           863.03289             3.77460             2.41991       6       3
   10000       2       1       2       7       2     478       6       6       6     411      30      21            21.53333             3.10000             2.21286             0.22418             1.67375             0.32642           856.41001             3.79943             2.32394       2       3
   10000       2       1       2       7       2     478       6       6       7     399      29      19            21.65517             3.10345             2.18535             0.21717             1.65955             0.32360           844.76745             3.82696             2.32580       1       6
   10000       2       1       2       7       2     478       6       6       8     385      28      22            21.53571             3.03571             2.17843             0.21793             1.65821             0.32511           854.39336             3.80118             2.30537       6       2
   10000       2       1       2       7       2     478       6       6       9     376      27      19            21.37037             3.03704             2.18466             0.22069             1.65752             0.31613           871.04478             3.79182             2.23176       2       1
   10000       2       1       2       7       2     478       6       6      10     369      26      18            21.34615             3.03846             2.18305             0.22262             1.65402             0.31311           886.43879             3.78798             2.14869       4       1
   10000       2       1       2       7       2     478       6       6      11     356      25      17            21.60000             3.00000             2.20768             0.22151             1.64648             0.32053           859.19906             3.79253             2.17024       4       2
   10000       2       1       2       7       2     478       6       6      12     348      24      20            21.75000             3.00000             2.20336             0.22079             1.65242             0.33032           861.07392             3.77752             2.09737       5       3
   10000       2       1       2       7       2     478       6       6      13     335      23      19            21.91304             3.00000             2.21832             0.22043             1.65219             0.31786           859.32432             3.78803             2.10382       6       1
   10000       2       1       2       7       2     478       6       6      14     326      22      13            22.27273             3.00000             2.24707             0.21896             1.65613             0.31102           864.78578             3.73248             2.05999       3       6
   10000       2       1       2       7       2     478       6       6      15     314      21      22            21.90476             3.00000             2.24217             0.22416             1.67022             0.31256           901.28504             3.73206             1.95489       4       3
   10000       2       1       2       7       2     478       6       6      16     304      20      19            22.15000             3.05000             2.23393             0.21922             1.69173             0.31679           879.61860             3.72630             1.91019       2       4
   10000       2       1       2       7       2     478       6       6      17     294      19      17            22.42105             3.05263             2.29223             0.22363             1.67779             0.32904           862.40433             3.73151             1.87056       3       5
   10000       2       1       2       7       2     478       6       6      18     280      18      20            22.44444             3.00000             2.27238             0.22130             1.66102             0.32712           865.48196             3.72082             1.84512       2       2
   10000       2       1       2       7       2     478       6       6      19     267      17      23            22.05882             2.94118             2.26511             0.22912             1.66367             0.32486           900.08791             3.73468             1.79162       1       5
   10000       2       1       2       7       2     478       6       6      20     252      16      20            21.68750             2.93750             2.22889             0.27110             1.64480             0.32180          1423.92450             3.93951             1.69594       1       3
   10000       2       1       2       7       2     478       6       6      21     241      15      12            22.33333             2.93333             2.26048             0.26741             1.64584             0.33719          1419.76173             3.89227             1.73413       3       1
   10000       2       1       2       7       2     478       6       6      22     240      14       2            23.78571             3.07143             2.39077             0.21538             1.68951             0.36581           839.33665             3.55234             1.71138       1       4
   10000       2       1       2       7       2     478       6       6      23     221      13      25            23.61538             3.15385             2.40722             0.21881             1.70437             0.36810           847.48768             3.52040             1.71136       6       4
   10000       2       1       2       7       2     478       6       6      24     206      12      24            23.33333             3.16667             2.37051             0.21792             1.70187             0.36161           848.27750             3.58093             1.60474       4       4
   10000       2       1       2       7       2     478       6       6      25     189      11      22            23.00000             3.18182             2.38566             0.22101             1.71443             0.36999           860.35382             3.60969             1.58147       6       6
   10000       2       1       2       7       2     478       6       6      26     169      10      30            21.40000             3.10000             2.27343             0.22467             1.67271             0.36782           911.71682             3.62789             1.51133       5       2
   10000       2       1       2       7       2     478       6       6      27     151       9      20            21.33333             3.11111             2.28981             0.22778             1.69944             0.36588           918.92192             3.60779             1.48520       5       4
   10000       2       1       2       7       2     478       6       6      28     132       8      20            21.50000             3.12500             2.28065             0.22553             1.73727             0.35435           896.37686             3.60250             1.53384       2       5
   10000       2       1       2       7       2     478       6       6      29     108       7      24            21.14286             3.14286             2.27313             0.22876             1.73080             0.34907           925.01299             3.55751             1.61010       5       1
   10000       2       1       2       7       2     478       6       6      30      92       6      21            20.66667             3.16667             2.15884             0.21945             1.69793             0.35111           940.15611             3.54252             1.55267       4       6
