   10000       2       1       2       3       5     509       6       6       0     509      36       0            22.55556             2.97222             2.25679             0.22020             1.60747             0.37073           901.40119             3.36120             2.56709       0       0
   10000       2       1       2       3       5     509       6       6       1     507      35       7            22.97143             3.00000             2.28164             0.21319             1.61167             0.37427           869.61325             3.33551             2.48967       4       3
   10000       2       1       2       3       5     509       6       6       2     493      34      25            23.44118             3.02941             2.24692             0.20595             1.60982             0.37419           860.05409             3.30124             2.49936       5       2
   10000       2       1       2       3       5     509       6       6       3     477      33      23            23.75758             3.00000             2.29600             0.20732             1.60228             0.36971           841.51108             3.29257             2.52595       3       3
   10000       2       1       2       3       5     509       6       6       4     456      32      24            23.81250             2.93750             2.27275             0.20472             1.59823             0.37387           840.23066             3.28431             2.54919       6       4
   10000       2       1       2       3       5     509       6       6       5     442      31      25            23.64516             2.90323             2.27747             0.20697             1.59149             0.37602           847.78094             3.28189             2.51747       6       6
   10000       2       1       2       3       5     509       6       6       6     434      30      24            23.40000             2.93333             2.27889             0.20981             1.59888             0.37829           859.69425             3.27223             2.41917       5       5
   10000       2       1       2       3       5     509       6       6       7     424      29      20            23.75862             3.00000             2.27688             0.20697             1.61415             0.37371           837.52542             3.28193             2.38713       4       4
   10000       2       1       2       3       5     509       6       6       8     412      28      20            23.50000             3.03571             2.29018             0.21233             1.60586             0.37693           862.67956             3.27676             2.28042       3       2
   10000       2       1       2       3       5     509       6       6       9     401      27      17            23.66667             3.03704             2.29575             0.21088             1.61055             0.37931           849.64369             3.26036             2.29400       4       2
   10000       2       1       2       3       5     509       6       6      10     387      26      25            23.42308             3.07692             2.32381             0.21781             1.62513             0.38125           860.09288             3.25498             2.20755       2       1
   10000       2       1       2       3       5     509       6       6      11     380      25      18            23.28000             3.04000             2.30361             0.21919             1.63051             0.38327           875.54236             3.25094             2.13839       4       1
   10000       2       1       2       3       5     509       6       6      12     362      24      30            23.00000             3.00000             2.29994             0.22129             1.61742             0.39195           880.83900             3.27797             2.09743       4       5
   10000       2       1       2       3       5     509       6       6      13     351      23      21            23.04348             3.00000             2.29351             0.22070             1.59900             0.39097           884.32589             3.27266             2.05441       2       2
   10000       2       1       2       3       5     509       6       6      14     332      22      26            22.63636             3.00000             2.29236             0.22455             1.59144             0.38450           898.55974             3.28069             2.04217       5       4
   10000       2       1       2       3       5     509       6       6      15     319      21      22            22.66667             3.00000             2.31200             0.22655             1.60711             0.39714           895.84537             3.30333             2.03583       6       1
   10000       2       1       2       3       5     509       6       6      16     307      20      19            23.05000             3.05000             2.31608             0.22354             1.60241             0.38454           873.84824             3.30697             2.04124       2       3
   10000       2       1       2       3       5     509       6       6      17     278      19      30            22.68421             3.05263             2.30120             0.22587             1.60534             0.39526           875.79274             3.32080             2.08984       5       1
   10000       2       1       2       3       5     509       6       6      18     259      18      30            22.38889             3.11111             2.31460             0.23079             1.60614             0.38794           880.44543             3.34898             2.02573       2       4
   10000       2       1       2       3       5     509       6       6      19     247      17      24            22.41176             3.17647             2.27886             0.22709             1.61618             0.37211           868.17092             3.38662             1.94489       2       5
   10000       2       1       2       3       5     509       6       6      20     234      16      23            22.00000             3.25000             2.28607             0.23155             1.63848             0.37560           884.16750             3.36258             1.90028       6       2
   10000       2       1       2       3       5     509       6       6      21     221      15      13            22.66667             3.33333             2.25710             0.21764             1.65327             0.36651           854.46084             3.30750             1.96447       3       1
   10000       2       1       2       3       5     509       6       6      22     202      14      32            22.00000             3.28571             2.27139             0.22669             1.65526             0.36078           877.09840             3.33577             1.91467       2       6
   10000       2       1       2       3       5     509       6       6      23     190      13      20            22.07692             3.15385             2.31527             0.23032             1.64664             0.38521           868.64783             3.36715             1.88942       3       4
   10000       2       1       2       3       5     509       6       6      24     176      12      16            22.58333             3.16667             2.34137             0.22726             1.65608             0.38953           852.98892             3.36763             1.94317       6       5
   10000       2       1       2       3       5     509       6       6      25     157      11      29            21.54545             3.00000             2.30972             0.23537             1.60769             0.41541           893.97235             3.35895             1.91823       5       3
   10000       2       1       2       3       5     509       6       6      26     149      10      23            20.90000             3.00000             2.32578             0.24314             1.59946             0.41267           930.59620             3.37003             1.75401       3       6
   10000       2       1       2       3       5     509       6       6      27     134       9      24            20.00000             3.11111             2.27430             0.25037             1.63459             0.40795           972.92528             3.39940             1.69134       4       6
   10000       2       1       2       3       5     509       6       6      28     119       8      15            20.62500             3.00000             2.31124             0.24660             1.62463             0.41430           953.30371             3.41475             1.77776       5       6
   10000       2       1       2       3       5     509       6       6      29      97       7      24            20.14286             3.00000             2.31404             0.25336             1.57100             0.41137           975.26949             3.44423             1.86751       3       5
   10000       2       1       2       3       5     509       6       6      30      80       6      17            20.66667             3.16667             2.37618             0.25515             1.63492             0.41743           978.62576             3.35330             2.01210       6       3
