   10000       2       1       2       2      10     508       6       6       0     508      36       0            20.91667             3.02778             2.17896             0.23201             1.65907             0.34872           966.72845             3.87881             2.34215       0       0
   10000       2       1       2       2      10     508       6       6       1     500      35      20            20.97143             3.00000             2.17784             0.23200             1.64926             0.34461           961.76504             3.90893             2.30646       6       4
   10000       2       1       2       2      10     508       6       6       2     486      34      21            21.08824             3.00000             2.19694             0.23289             1.65773             0.35035           966.25971             3.89307             2.31006       6       6
   10000       2       1       2       2      10     508       6       6       3     469      33      20            21.15152             3.03030             2.17672             0.22912             1.66854             0.34504           959.70706             3.88684             2.30532       3       6
   10000       2       1       2       2      10     508       6       6       4     463      32      14            21.40625             3.06250             2.16800             0.22393             1.65509             0.33551           920.45875             3.89004             2.27772       1       6
   10000       2       1       2       2      10     508       6       6       5     446      31      23            21.41935             3.12903             2.16453             0.22228             1.65884             0.33789           904.07925             3.88653             2.28059       1       1
   10000       2       1       2       2      10     508       6       6       6     440      30      12            21.76667             3.16667             2.18432             0.21980             1.68420             0.32684           865.87373             3.90904             2.20231       2       3
   10000       2       1       2       2      10     508       6       6       7     424      29      21            21.79310             3.13793             2.19844             0.22117             1.68134             0.32587           856.11782             3.95228             2.17558       3       5
   10000       2       1       2       2      10     508       6       6       8     405      28      26            21.39286             3.14286             2.17574             0.22312             1.68952             0.32695           865.60825             4.01158             2.15197       6       3
   10000       2       1       2       2      10     508       6       6       9     392      27      23            21.51852             3.11111             2.16407             0.22127             1.69107             0.32400           876.90556             3.98393             2.14944       4       5
   10000       2       1       2       2      10     508       6       6      10     378      26      26            21.19231             3.15385             2.14496             0.22322             1.69624             0.32066           893.67255             4.01446             2.10935       5       6
   10000       2       1       2       2      10     508       6       6      11     365      25      25            20.84000             3.16000             2.13008             0.22569             1.69527             0.32230           916.76931             4.03700             2.04683       1       3
   10000       2       1       2       2      10     508       6       6      12     359      24      13            21.29167             3.20833             2.16749             0.22511             1.72086             0.32069           910.33619             3.94072             1.99092       3       1
   10000       2       1       2       2      10     508       6       6      13     342      23      21            21.56522             3.34783             2.19037             0.22443             1.76513             0.32600           865.83603             3.97612             2.02784       1       4
   10000       2       1       2       2      10     508       6       6      14     328      22      14            21.90909             3.31818             2.21140             0.22279             1.75100             0.34017           831.10856             3.96846             2.06506       4       6
   10000       2       1       2       2      10     508       6       6      15     319      21      18            21.76190             3.33333             2.19652             0.22253             1.76147             0.33131           842.18733             3.97653             1.98950       6       1
   10000       2       1       2       2      10     508       6       6      16     316      20       8            22.70000             3.45000             2.26707             0.21662             1.77923             0.32624           817.78085             3.81267             1.98096       4       1
   10000       2       1       2       2      10     508       6       6      17     299      19      25            22.73684             3.47368             2.28434             0.21709             1.78099             0.33129           815.81951             3.84241             1.96217       5       4
   10000       2       1       2       2      10     508       6       6      18     289      18      15            22.83333             3.50000             2.26254             0.21193             1.78127             0.31207           799.78597             3.85540             1.90843       5       3
   10000       2       1       2       2      10     508       6       6      19     268      17      26            22.29412             3.52941             2.21885             0.21317             1.78079             0.31284           818.05992             3.89757             1.91010       6       5
   10000       2       1       2       2      10     508       6       6      20     253      16      22            22.12500             3.56250             2.21945             0.21408             1.80001             0.32313           814.65025             3.83270             1.89875       5       1
   10000       2       1       2       2      10     508       6       6      21     248      15      23            21.86667             3.53333             2.19314             0.21435             1.79778             0.31558           841.08056             3.81967             1.77979       2       5
   10000       2       1       2       2      10     508       6       6      22     232      14      21            21.64286             3.57143             2.18524             0.21463             1.79321             0.31898           845.33448             3.80900             1.76402       2       1
   10000       2       1       2       2      10     508       6       6      23     216      13      17            22.00000             3.53846             2.21307             0.21360             1.79653             0.32909           830.01960             3.81293             1.81432       2       6
   10000       2       1       2       2      10     508       6       6      24     196      12      20            22.16667             3.50000             2.23499             0.21430             1.76203             0.32143           827.48211             3.79107             1.88218       5       5
   10000       2       1       2       2      10     508       6       6      25     186      11      17            22.63636             3.63636             2.21768             0.20671             1.78992             0.31088           816.37960             3.78031             1.82941       2       4
   10000       2       1       2       2      10     508       6       6      26     169      10      25            22.20000             3.40000             2.23001             0.21256             1.72276             0.30632           836.33902             3.82762             1.78189       2       2
   10000       2       1       2       2      10     508       6       6      27     152       9      17            22.77778             3.44444             2.28825             0.21249             1.74057             0.31258           787.04437             3.89613             1.86877       1       2
   10000       2       1       2       2      10     508       6       6      28     130       8      22            22.87500             3.37500             2.33021             0.21583             1.74980             0.32784           796.31975             3.86399             1.97736       1       5
   10000       2       1       2       2      10     508       6       6      29     103       7      24            21.85714             3.57143             2.27839             0.22396             1.73493             0.29659           824.60970             3.89033             2.07695       6       2
   10000       2       1       2       2      10     508       6       6      30      91       6      17            21.83333             3.66667             2.30863             0.22485             1.81160             0.30867           856.76486             3.83110             2.03724       5       2
