   10000       2       2       1       1       7     502       6       6       0     502      36       0            21.30556             2.97222             2.18748             0.22435             1.60095             0.31844           871.56849             3.81060             2.43201       0       0
   10000       2       2       1       1       7     502       6       6       1     493      35      11            21.57143             2.91429             2.20440             0.22084             1.60036             0.32067           856.61905             3.81363             2.44236       1       5
   10000       2       2       1       1       7     502       6       6       2     474      34      22            21.82353             2.94118             2.21433             0.21930             1.61248             0.33050           837.19728             3.81633             2.52480       5       6
   10000       2       2       1       1       7     502       6       6       3     461      33      15            22.45455             3.03030             2.21154             0.21249             1.64117             0.34167           826.56868             3.78050             2.58749       3       4
   10000       2       2       1       1       7     502       6       6       4     438      32      19            22.87500             3.00000             2.24847             0.21268             1.66516             0.35832           812.35626             3.79096             2.65191       3       2
   10000       2       2       1       1       7     502       6       6       5     428      31      21            23.41935             3.00000             2.27767             0.21003             1.68263             0.36189           783.05114             3.77223             2.65451       4       2
   10000       2       2       1       1       7     502       6       6       6     418      30      22            23.83333             3.03333             2.32466             0.21081             1.69270             0.36457           765.50828             3.79399             2.64907       4       3
   10000       2       2       1       1       7     502       6       6       7     404      29      31            23.65517             3.06897             2.32352             0.21104             1.69981             0.36131           757.73190             3.84847             2.60359       5       3
   10000       2       2       1       1       7     502       6       6       8     389      28      27            23.75000             3.10714             2.31248             0.21008             1.69054             0.34975           753.50580             3.87768             2.58017       3       1
   10000       2       2       1       1       7     502       6       6       9     378      27      26            24.03704             3.11111             2.32117             0.20766             1.69842             0.34885           740.48272             3.90901             2.56499       5       2
   10000       2       2       1       1       7     502       6       6      10     369      26      21            24.53846             3.15385             2.34631             0.20436             1.72147             0.35696           720.55992             3.90479             2.51087       5       5
   10000       2       2       1       1       7     502       6       6      11     354      25      17            24.48000             3.20000             2.32096             0.20310             1.74490             0.35157           725.30598             3.90390             2.51659       1       3
   10000       2       2       1       1       7     502       6       6      12     341      24      20            24.95833             3.33333             2.34941             0.20159             1.79204             0.36598           718.59400             3.88072             2.48005       3       5
   10000       2       2       1       1       7     502       6       6      13     328      23      28            25.21739             3.34783             2.36824             0.20191             1.78992             0.35366           711.63551             3.89962             2.47347       3       6
   10000       2       2       1       1       7     502       6       6      14     322      22      18            25.45455             3.31818             2.38960             0.20202             1.78799             0.36133           714.09675             3.85270             2.42121       4       6
   10000       2       2       1       1       7     502       6       6      15     311      21      32            25.38095             3.28571             2.41449             0.20595             1.76417             0.37063           699.03983             3.90980             2.34416       2       4
   10000       2       2       1       1       7     502       6       6      16     303      20      26            25.90000             3.40000             2.44051             0.20268             1.78067             0.36444           679.28202             3.92950             2.31166       6       4
   10000       2       2       1       1       7     502       6       6      17     285      19      32            25.73684             3.31579             2.46515             0.20589             1.78285             0.37013           679.82390             3.96613             2.29851       1       1
   10000       2       2       1       1       7     502       6       6      18     272      18      28            25.44444             3.38889             2.40890             0.20508             1.81354             0.36153           679.01303             4.04512             2.24617       3       3
   10000       2       2       1       1       7     502       6       6      19     256      17      38            24.82353             3.41176             2.40535             0.20960             1.82866             0.36304           688.75238             4.10646             2.18354       2       6
   10000       2       2       1       1       7     502       6       6      20     241      16      28            24.25000             3.50000             2.33408             0.20990             1.87426             0.36220           696.78732             4.17022             2.11621       4       4
   10000       2       2       1       1       7     502       6       6      21     226      15      24            24.00000             3.66667             2.30960             0.20987             1.88768             0.35147           696.52363             4.22738             2.06653       1       2
   10000       2       2       1       1       7     502       6       6      22     214      14      20            23.64286             3.64286             2.29884             0.21201             1.89602             0.39477           685.19101             4.28517             1.99557       6       1
   10000       2       2       1       1       7     502       6       6      23     199      13      26            22.92308             3.69231             2.27074             0.21987             1.89473             0.38279           714.66896             4.28486             1.90946       6       3
   10000       2       2       1       1       7     502       6       6      24     187      12      23            22.91667             3.66667             2.27518             0.22140             1.88596             0.37302           715.40374             4.25949             1.83759       5       4
   10000       2       2       1       1       7     502       6       6      25     165      11      21            22.09091             3.45455             2.27414             0.22913             1.83149             0.37221           721.68038             4.33779             1.82697       2       3
   10000       2       2       1       1       7     502       6       6      26     155      10      23            21.50000             3.30000             2.32954             0.24227             1.78024             0.36834           747.75701             4.39644             1.71602       5       1
   10000       2       2       1       1       7     502       6       6      27     141       9      21            20.66667             3.33333             2.27652             0.25153             1.82807             0.40781           769.71605             4.48099             1.62358       6       6
   10000       2       2       1       1       7     502       6       6      28     124       8      16            21.00000             3.37500             2.26973             0.24776             1.83021             0.40019           754.08599             4.54549             1.68310       6       5
   10000       2       2       1       1       7     502       6       6      29     105       7      34            19.14286             3.28571             2.26624             0.26329             1.76267             0.40541           775.94546             4.58116             1.57425       2       5
   10000       2       2       1       1       7     502       6       6      30      96       6      13            20.16667             3.33333             2.27831             0.24679             1.82034             0.38965           758.44175             4.44098             1.50511       6       2
   10000       2       2       1       1       7     502       6       6      31      75       5      25            19.20000             3.40000             2.21397             0.25281             1.77607             0.40091           775.90843             4.55004             1.48870       1       6
   10000       2       2       1       1       7     502       6       6      32      60       4      23            16.25000             3.50000             2.12695             0.27980             1.84130             0.39461           855.01309             4.83365             1.20129       2       2
   10000       2       2       1       1       7     502       6       6      33      49       3      13            17.33333             3.33333             2.24619             0.27478             1.81618             0.38725           904.44559             4.30104             1.12377       4       5
   10000       2       2       1       1       7     502       6       6      34      34       2      17            17.50000             3.00000             2.25163             0.27247             1.78676             0.36213           956.53386             4.51205             1.06066       1       4
   10000       2       2       1       1       7     502       6       6      35      17       1      18            17.00000             3.00000             2.05882             0.25735             1.75000             0.31250           939.23096             4.65123             1.00000       4       1
   10000       2       2       1       1       7     502       6       6      36       0       0      17             0.00000             0.00000             0.00000             0.00000             0.00000             0.00000             0.00000             0.00000             0.00000       2       1
