   10000       2       2       2       4      11     523       6       6       0     523      36       0            22.19444             3.02778             2.32437             0.22473             1.62973             0.34372           814.90618             3.76329             2.41033       0       0
   10000       2       2       2       4      11     523       6       6       1     505      35      31            22.42857             3.02857             2.37232             0.22718             1.64025             0.35605           801.57378             3.75876             2.44206       2       5
   10000       2       2       2       4      11     523       6       6       2     492      34      30            22.32353             2.94118             2.36858             0.22794             1.63435             0.36320           800.19215             3.77018             2.38356       5       1
   10000       2       2       2       4      11     523       6       6       3     479      33      29            22.45455             2.96970             2.36633             0.22588             1.63438             0.35503           794.93287             3.77671             2.37929       1       5
   10000       2       2       2       4      11     523       6       6       4     463      32      29            22.34375             3.03125             2.35584             0.22585             1.66360             0.35850           787.84663             3.80970             2.35894       1       3
   10000       2       2       2       4      11     523       6       6       5     450      31      31            21.96774             3.00000             2.37059             0.23061             1.65658             0.36841           802.34135             3.81199             2.29171       1       4
   10000       2       2       2       4      11     523       6       6       6     424      30      27            21.83333             2.93333             2.36762             0.23201             1.65852             0.37013           808.85154             3.80659             2.33165       6       3
   10000       2       2       2       4      11     523       6       6       7     396      29      29            22.17241             3.03448             2.34653             0.22623             1.71080             0.38069           790.87018             3.80415             2.47287       5       4
   10000       2       2       2       4      11     523       6       6       8     376      28      29            21.82143             2.96429             2.33228             0.22856             1.71420             0.38494           798.56730             3.83491             2.42535       5       5
   10000       2       2       2       4      11     523       6       6       9     367      27      27            22.44444             3.00000             2.35017             0.22441             1.73499             0.39631           771.60777             3.86756             2.46470       4       3
   10000       2       2       2       4      11     523       6       6      10     347      26      29            22.61538             3.15385             2.37071             0.22392             1.78293             0.40841           765.48553             3.85562             2.55733       5       2
   10000       2       2       2       4      11     523       6       6      11     340      25      27            22.48000             3.12000             2.37759             0.22504             1.80735             0.41393           773.68105             3.86532             2.46565       4       5
   10000       2       2       2       4      11     523       6       6      12     333      24      27            22.33333             3.08333             2.37792             0.22656             1.79453             0.40964           780.83390             3.85854             2.34307       5       3
   10000       2       2       2       4      11     523       6       6      13     322      23      25            22.56522             3.08696             2.40936             0.22638             1.80256             0.41516           776.79879             3.89669             2.25152       4       2
   10000       2       2       2       4      11     523       6       6      14     311      22      28            23.36364             3.18182             2.40205             0.21844             1.81556             0.40496           741.41378             3.90961             2.29148       2       2
   10000       2       2       2       4      11     523       6       6      15     300      21      32            23.61905             3.04762             2.46267             0.22088             1.80245             0.41163           729.91280             3.92671             2.25698       2       1
   10000       2       2       2       4      11     523       6       6      16     280      20      30            23.05000             3.00000             2.41194             0.22170             1.80489             0.41475           741.04019             3.97523             2.21949       1       1
   10000       2       2       2       4      11     523       6       6      17     266      19      27            22.89474             3.05263             2.42861             0.22609             1.80530             0.41100           743.07171             3.99884             2.18704       2       3
   10000       2       2       2       4      11     523       6       6      18     253      18      25            22.77778             3.11111             2.41147             0.22549             1.79345             0.39626           739.04977             4.04947             2.16902       6       5
   10000       2       2       2       4      11     523       6       6      19     245      17      24            22.58824             3.17647             2.41623             0.22788             1.80169             0.38875           745.62785             4.07076             2.11400       6       1
   10000       2       2       2       4      11     523       6       6      20     234      16      24            22.43750             3.18750             2.38085             0.22649             1.82321             0.39081           753.25819             4.10638             2.01723       6       6
   10000       2       2       2       4      11     523       6       6      21     220      15      24            22.33333             3.20000             2.36805             0.22634             1.83979             0.40318           764.94303             4.12676             1.99446       1       6
   10000       2       2       2       4      11     523       6       6      22     204      14      23            22.14286             3.14286             2.32805             0.22533             1.84349             0.40871           771.74950             4.11833             1.99396       6       2
   10000       2       2       2       4      11     523       6       6      23     192      13      22            22.07692             3.15385             2.29970             0.22368             1.88236             0.39484           782.11171             4.15808             1.95838       4       1
   10000       2       2       2       4      11     523       6       6      24     182      12      22            22.58333             3.25000             2.34768             0.22268             1.90125             0.40588           768.50230             4.10965             1.96969       4       4
   10000       2       2       2       4      11     523       6       6      25     171      11      21            22.81818             3.36364             2.39215             0.22657             1.92078             0.39695           782.22296             4.12197             1.87973       4       6
   10000       2       2       2       4      11     523       6       6      26     159      10      21            23.00000             3.30000             2.38147             0.22507             1.91655             0.39304           779.85649             4.14477             1.85407       2       6
   10000       2       2       2       4      11     523       6       6      27     142       9      20            23.00000             3.33333             2.39835             0.22718             1.90199             0.39660           778.42435             4.22491             1.86852       1       2
   10000       2       2       2       4      11     523       6       6      28     125       8      19            23.50000             3.25000             2.43657             0.22665             1.88974             0.42534           756.29006             4.26365             1.91985       6       4
   10000       2       2       2       4      11     523       6       6      29     120       7      18            24.57143             3.14286             2.49867             0.22206             1.88117             0.44687           721.35358             4.31015             1.77197       2       4
   10000       2       2       2       4      11     523       6       6      30     112       6      11            26.66667             3.00000             2.64883             0.20845             1.81979             0.45891           633.24635             4.25155             1.78759       5       6
