   10000       2       1       2       6       2     509       6       6       0     509      36       0            22.55556             2.97222             2.25679             0.22020             1.60747             0.37073           901.40119             3.36120             2.56709       0       0
   10000       2       1       2       6       2     509       6       6       1     504      35      22            22.40000             2.94286             2.25177             0.22160             1.60749             0.36589           908.46902             3.35667             2.47315       5       5
   10000       2       1       2       6       2     509       6       6       2     494      34      23            22.41176             3.00000             2.25136             0.22392             1.61534             0.36298           928.32357             3.36615             2.37986       2       2
   10000       2       1       2       6       2     509       6       6       3     481      33      24            22.63636             2.96970             2.26343             0.22346             1.60819             0.35818           920.15431             3.35873             2.36504       4       2
   10000       2       1       2       6       2     509       6       6       4     463      32      33            22.34375             2.96875             2.25055             0.22614             1.61102             0.34961           931.23703             3.37352             2.31319       2       6
   10000       2       1       2       6       2     509       6       6       5     442      31      27            22.09677             2.96774             2.27586             0.23079             1.61590             0.36113           943.13682             3.37265             2.29653       5       4
   10000       2       1       2       6       2     509       6       6       6     429      30      22            22.06667             2.96667             2.28995             0.23366             1.62168             0.36492           943.05005             3.35298             2.26477       2       1
   10000       2       1       2       6       2     509       6       6       7     404      29      38            21.58621             2.96552             2.27825             0.23682             1.61712             0.37061           952.21435             3.36722             2.23105       5       1
   10000       2       1       2       6       2     509       6       6       8     389      28      32            21.35714             3.03571             2.22150             0.23426             1.61841             0.35550           956.23956             3.39352             2.19221       1       5
   10000       2       1       2       6       2     509       6       6       9     378      27      19            21.25926             3.03704             2.26270             0.23915             1.63701             0.35930           968.07744             3.39381             2.13777       5       6
   10000       2       1       2       6       2     509       6       6      10     363      26      31            20.96154             3.03846             2.25832             0.24188             1.62449             0.35783           979.56778             3.41620             2.08079       2       4
   10000       2       1       2       6       2     509       6       6      11     352      25      26            20.76000             3.08000             2.22515             0.24236             1.63006             0.35093           994.71312             3.42518             2.01709       1       3
   10000       2       1       2       6       2     509       6       6      12     341      24      22            20.58333             3.08333             2.25503             0.24765             1.63097             0.34541          1012.44115             3.42328             1.97588       6       5
   10000       2       1       2       6       2     509       6       6      13     325      23      22            20.60870             3.13043             2.22455             0.23738             1.64352             0.34791           981.52272             3.36385             1.95574       5       2
   10000       2       1       2       6       2     509       6       6      14     309      22      15            20.77273             3.13636             2.23304             0.23580             1.65947             0.33729           947.44811             3.40748             1.99903       1       4
   10000       2       1       2       6       2     509       6       6      15     298      21      15            20.80952             3.09524             2.23105             0.23845             1.64163             0.34019           985.95419             3.29884             1.98365       1       1
   10000       2       1       2       6       2     509       6       6      16     287      20      21            20.70000             3.05000             2.20498             0.23774             1.64632             0.33002           988.44454             3.33500             1.95557       2       5
   10000       2       1       2       6       2     509       6       6      17     268      19      26            20.21053             3.00000             2.19722             0.25155             1.61501             0.35034          1058.57730             3.35134             1.94581       5       3
   10000       2       1       2       6       2     509       6       6      18     258      18      10            20.72222             3.00000             2.20935             0.24279             1.62481             0.34116          1023.98729             3.31814             1.99616       1       2
   10000       2       1       2       6       2     509       6       6      19     243      17      14            21.11765             2.88235             2.23279             0.24038             1.61732             0.35496           994.57776             3.35921             2.05755       1       6
   10000       2       1       2       6       2     509       6       6      20     227      16      24            20.87500             2.93750             2.22313             0.23827             1.64150             0.34722           994.24854             3.32679             2.03006       6       2
   10000       2       1       2       6       2     509       6       6      21     220      15      19            20.73333             2.93333             2.23262             0.24121             1.63435             0.35341          1015.14240             3.32601             1.91499       3       6
   10000       2       1       2       6       2     509       6       6      22     209      14      22            20.35714             2.92857             2.22763             0.24582             1.65184             0.35226          1044.31758             3.30899             1.88109       6       3
   10000       2       1       2       6       2     509       6       6      23     194      13      18            19.92308             2.84615             2.23444             0.25717             1.64535             0.34751          1079.05056             3.35794             1.86112       4       1
   10000       2       1       2       6       2     509       6       6      24     176      12      26            19.50000             2.75000             2.21885             0.26140             1.64041             0.33263          1095.71446             3.35108             1.81499       3       5
   10000       2       1       2       6       2     509       6       6      25     174      11       7            21.00000             2.90909             2.27773             0.23880             1.66541             0.33491           990.26403             3.28026             1.68286       4       3
   10000       2       1       2       6       2     509       6       6      26     160      10      23            20.30000             2.80000             2.29121             0.24771             1.63198             0.32493          1037.24728             3.31744             1.55043       3       4
   10000       2       1       2       6       2     509       6       6      27     142       9      18            20.55556             2.77778             2.32567             0.24904             1.63733             0.34143          1030.38415             3.32130             1.61159       6       6
   10000       2       1       2       6       2     509       6       6      28     126       8      16            21.12500             2.75000             2.31974             0.24132             1.64599             0.34244           995.69358             3.33832             1.68803       6       1
   10000       2       1       2       6       2     509       6       6      29     106       7      20            21.28571             2.71429             2.35622             0.24469             1.61542             0.34625           997.72083             3.29038             1.78633       6       4
   10000       2       1       2       6       2     509       6       6      30      90       6      20            20.66667             2.50000             2.29206             0.24461             1.56389             0.32982          1056.91849             3.36930             1.69052       2       3
