   10000       2       1       2       2       3     535       6       6       0     535      36       0            22.11111             3.11111             2.31878             0.22761             1.62375             0.35631           910.11748             3.38373             2.28553       0       0
   10000       2       1       2       2       3     535       6       6       1     527      35      19            22.25714             3.11429             2.31526             0.22487             1.61562             0.35530           887.87454             3.38134             2.26218       1       5
   10000       2       1       2       2       3     535       6       6       2     515      34      20            22.41176             3.11765             2.31235             0.22306             1.61170             0.35192           881.32840             3.37994             2.25752       6       6
   10000       2       1       2       2       3     535       6       6       3     500      33      26            22.33333             3.09091             2.31528             0.22372             1.60055             0.35501           881.35146             3.38114             2.24184       6       3
   10000       2       1       2       2       3     535       6       6       4     480      32      28            21.90625             3.03125             2.30615             0.22740             1.58835             0.35487           897.38449             3.39313             2.21346       5       6
   10000       2       1       2       2       3     535       6       6       5     463      31      25            21.96774             2.96774             2.31298             0.22778             1.56514             0.35650           896.12808             3.39931             2.21046       4       5
   10000       2       1       2       2       3     535       6       6       6     448      30      24            21.80000             2.96667             2.29533             0.22906             1.57325             0.35689           906.24204             3.42117             2.18832       6       5
   10000       2       1       2       2       3     535       6       6       7     436      29      15            22.00000             3.00000             2.28761             0.22594             1.58450             0.35679           901.82124             3.40227             2.20802       5       5
   10000       2       1       2       2       3     535       6       6       8     421      28      27            22.03571             2.96429             2.28580             0.22361             1.57098             0.34902           887.70150             3.41777             2.15320       2       4
   10000       2       1       2       2       3     535       6       6       9     408      27      18            22.14815             2.92593             2.30086             0.22724             1.56753             0.36727           909.56984             3.40566             2.17053       1       4
   10000       2       1       2       2       3     535       6       6      10     398      26      17            22.15385             2.92308             2.33251             0.22987             1.58873             0.37297           923.45297             3.35435             2.12613       6       1
   10000       2       1       2       2       3     535       6       6      11     382      25      18            22.12000             2.96000             2.32337             0.22933             1.59554             0.37738           930.59513             3.33481             2.13616       4       6
   10000       2       1       2       2       3     535       6       6      12     375      24      12            22.54167             3.04167             2.34775             0.22413             1.61587             0.38048           919.49586             3.22701             2.13746       1       6
   10000       2       1       2       2       3     535       6       6      13     359      23      27            22.56522             3.08696             2.31618             0.22263             1.64176             0.36040           919.48342             3.24823             2.11245       3       5
   10000       2       1       2       2       3     535       6       6      14     345      22      23            22.31818             3.04545             2.33025             0.23201             1.64441             0.35580           954.17012             3.27980             2.01080       2       1
   10000       2       1       2       2       3     535       6       6      15     327      21      20            22.09524             3.00000             2.34241             0.23568             1.62802             0.35838           962.20529             3.26684             2.00803       6       4
   10000       2       1       2       2       3     535       6       6      16     315      20      21            22.10000             3.00000             2.34308             0.23599             1.63010             0.37266           964.47135             3.25918             1.95397       5       1
   10000       2       1       2       2       3     535       6       6      17     303      19      16            22.47368             3.21053             2.38655             0.23870             1.65393             0.38183           936.78925             3.28383             1.94166       3       1
   10000       2       1       2       2       3     535       6       6      18     286      18      27            22.05556             3.16667             2.37868             0.24453             1.65625             0.35792           964.22961             3.27773             1.85921       5       3
   10000       2       1       2       2       3     535       6       6      19     268      17      32            21.11765             3.11765             2.35409             0.25213             1.65144             0.35626          1013.29910             3.26181             1.79178       2       6
   10000       2       1       2       2       3     535       6       6      20     255      16      26            20.68750             3.06250             2.28801             0.25620             1.62388             0.35102          1065.02727             3.25878             1.66136       1       2
   10000       2       1       2       2       3     535       6       6      21     242      15      13            21.46667             3.13333             2.32123             0.24286             1.66500             0.35152           985.75801             3.24042             1.71970       2       2
   10000       2       1       2       2       3     535       6       6      22     228      14      16            21.92857             3.14286             2.32608             0.23613             1.65060             0.35368           938.97049             3.26947             1.76051       2       5
   10000       2       1       2       2       3     535       6       6      23     221      13      16            22.53846             3.07692             2.38351             0.23567             1.66102             0.35768           935.26185             3.24851             1.70756       5       2
   10000       2       1       2       2       3     535       6       6      24     207      12      17            23.00000             3.08333             2.35951             0.22751             1.64765             0.35150           912.65898             3.25583             1.72518       5       4
   10000       2       1       2       2       3     535       6       6      25     186      11      24            22.90909             3.09091             2.38148             0.23150             1.63934             0.35184           921.64477             3.21495             1.76915       6       2
   10000       2       1       2       2       3     535       6       6      26     171      10      15            23.70000             3.10000             2.41641             0.22538             1.64613             0.36559           879.86351             3.21235             1.84606       1       1
   10000       2       1       2       2       3     535       6       6      27     160       9      17            24.33333             3.11111             2.36321             0.21151             1.66831             0.37618           860.82050             3.20018             1.81983       4       1
   10000       2       1       2       2       3     535       6       6      28     151       8      12            25.50000             3.25000             2.41806             0.19959             1.69134             0.34138           770.60789             3.23911             1.76445       1       3
   10000       2       1       2       2       3     535       6       6      29     133       7      23            25.57143             3.14286             2.39429             0.19817             1.67263             0.34992           761.66063             3.28299             1.80241       2       3
   10000       2       1       2       2       3     535       6       6      30     113       6      19            26.33333             3.16667             2.37351             0.18874             1.68675             0.37546           738.03301             3.27456             1.93348       3       6
