   10000       2       2       2       7       4     523       6       6       0     523      36       0            22.19444             3.02778             2.32437             0.22473             1.62973             0.34372           814.90618             3.76329             2.41033       0       0
   10000       2       2       2       7       4     523       6       6       1     513      35      14            22.82857             3.02857             2.34266             0.21919             1.64129             0.34946           785.46841             3.76979             2.42911       3       1
   10000       2       2       2       7       4     523       6       6       2     501      34      23            22.91176             3.11765             2.33928             0.21842             1.64275             0.33695           786.93302             3.76110             2.39616       1       6
   10000       2       2       2       7       4     523       6       6       3     484      33      21            23.24242             3.09091             2.35084             0.21601             1.64013             0.34538           773.08567             3.75296             2.44271       6       5
   10000       2       2       2       7       4     523       6       6       4     474      32      18            23.46875             3.09375             2.38364             0.21681             1.64728             0.34349           763.88888             3.78073             2.41133       3       2
   10000       2       2       2       7       4     523       6       6       5     464      31      23            23.90323             3.12903             2.39786             0.21473             1.66993             0.34074           755.39731             3.75727             2.39694       5       2
   10000       2       2       2       7       4     523       6       6       6     456      30      20            24.36667             3.20000             2.39459             0.21049             1.70292             0.34817           750.79379             3.74350             2.37931       4       5
   10000       2       2       2       7       4     523       6       6       7     448      29      16            24.48276             3.20690             2.39784             0.20900             1.71194             0.35045           740.63687             3.73017             2.34101       2       6
   10000       2       2       2       7       4     523       6       6       8     433      28      23            25.82143             3.25000             2.42792             0.20224             1.73137             0.37626           706.00013             3.71020             2.53302       2       4
   10000       2       2       2       7       4     523       6       6       9     419      27      32            25.81481             3.25926             2.44093             0.20285             1.73883             0.38607           705.38855             3.72628             2.46103       2       5
   10000       2       2       2       7       4     523       6       6      10     414      26      18            26.34615             3.30769             2.42743             0.19694             1.74190             0.37907           692.59241             3.72512             2.46560       5       3
   10000       2       2       2       7       4     523       6       6      11     398      25      30            26.72000             3.28000             2.45508             0.19526             1.75022             0.38966           674.67158             3.72751             2.49693       4       3
   10000       2       2       2       7       4     523       6       6      12     382      24      24            26.70833             3.29167             2.42675             0.19366             1.74998             0.39144           678.21058             3.75227             2.48727       6       6
   10000       2       2       2       7       4     523       6       6      13     371      23      31            27.00000             3.30435             2.43847             0.19376             1.76906             0.39374           667.53076             3.76412             2.40385       2       3
   10000       2       2       2       7       4     523       6       6      14     360      22      18            27.40909             3.27273             2.46401             0.19004             1.76795             0.40016           645.85809             3.78816             2.36648       6       4
   10000       2       2       2       7       4     523       6       6      15     347      21      25            27.52381             3.23810             2.48749             0.19102             1.76080             0.39966           644.35054             3.78576             2.33976       3       5
   10000       2       2       2       7       4     523       6       6      16     330      20      25            27.50000             3.20000             2.48105             0.19152             1.78243             0.39480           645.56880             3.77597             2.29440       4       4
   10000       2       2       2       7       4     523       6       6      17     309      19      30            27.00000             3.21053             2.44796             0.19244             1.80329             0.38565           657.07753             3.78364             2.26912       1       5
   10000       2       2       2       7       4     523       6       6      18     301      18      22            27.44444             3.16667             2.45619             0.18983             1.80150             0.39465           654.34813             3.76485             2.24134       3       6
   10000       2       2       2       7       4     523       6       6      19     286      17      29            27.11765             3.23529             2.42663             0.18968             1.83329             0.40139           669.35546             3.76434             2.20435       1       4
   10000       2       2       2       7       4     523       6       6      20     271      16      34            27.00000             3.18750             2.45964             0.19177             1.82708             0.40887           661.09334             3.80710             2.10420       5       1
   10000       2       2       2       7       4     523       6       6      21     257      15      26            26.26667             3.13333             2.41467             0.19648             1.81505             0.41418           697.83427             3.78500             1.97228       4       2
   10000       2       2       2       7       4     523       6       6      22     246      14      26            26.50000             3.21429             2.41075             0.19509             1.82459             0.40227           701.73145             3.78982             1.91703       6       1
   10000       2       2       2       7       4     523       6       6      23     226      13      26            26.15385             3.23077             2.43726             0.20040             1.79120             0.40177           698.63667             3.82737             1.89658       1       3
   10000       2       2       2       7       4     523       6       6      24     215      12      30            26.50000             3.33333             2.47278             0.20116             1.80076             0.41316           686.58029             3.90103             1.81402       2       1
   10000       2       2       2       7       4     523       6       6      25     196      11      26            25.90909             3.36364             2.45741             0.20710             1.83548             0.44436           713.55456             3.91036             1.78521       6       3
   10000       2       2       2       7       4     523       6       6      26     182      10      27            25.70000             3.50000             2.39049             0.20325             1.84771             0.41843           718.86891             3.97194             1.68747       5       4
   10000       2       2       2       7       4     523       6       6      27     168       9      20            26.33333             3.44444             2.37037             0.19556             1.84248             0.41229           698.73431             3.99573             1.67416       6       2
   10000       2       2       2       7       4     523       6       6      28     153       8      27            25.75000             3.50000             2.38916             0.20392             1.87365             0.40654           732.11038             3.90856             1.56678       4       6
   10000       2       2       2       7       4     523       6       6      29     134       7      32            24.57143             3.42857             2.36669             0.21181             1.90486             0.42100           765.89297             3.97851             1.45604       2       2
   10000       2       2       2       7       4     523       6       6      30     120       6      16            26.00000             3.66667             2.39308             0.19771             1.96678             0.43174           737.62518             3.91953             1.49617       4       1
