   10000       2       1       2       3       2     514       6       6       0     514      36       0            21.69444             3.13889             2.30008             0.22645             1.65036             0.33603           860.60524             3.60649             2.37765       0       0
   10000       2       1       2       3       2     514       6       6       1     499      35      23            21.71429             3.11429             2.29869             0.22619             1.64670             0.33173           860.29483             3.60326             2.37058       4       3
   10000       2       1       2       3       2     514       6       6       2     477      34      33            21.38235             3.14706             2.27117             0.22647             1.63493             0.33050           869.88158             3.62180             2.34911       2       1
   10000       2       1       2       3       2     514       6       6       3     462      33      23            21.45455             3.15152             2.28698             0.22751             1.63627             0.33153           870.65335             3.60724             2.32037       2       5
   10000       2       1       2       3       2     514       6       6       4     449      32      27            21.37500             3.15625             2.27236             0.22574             1.63076             0.32826           869.71658             3.59736             2.29841       6       2
   10000       2       1       2       3       2     514       6       6       5     434      31      19            21.51613             3.03226             2.30574             0.22802             1.62348             0.34048           864.78102             3.59778             2.27374       5       5
   10000       2       1       2       3       2     514       6       6       6     419      30      22            21.50000             3.00000             2.31315             0.22890             1.62082             0.33039           865.69391             3.60865             2.24729       2       2
   10000       2       1       2       3       2     514       6       6       7     405      29      21            21.48276             3.03448             2.28242             0.22662             1.62316             0.32725           875.59615             3.60387             2.22545       2       6
   10000       2       1       2       3       2     514       6       6       8     389      28      26            21.14286             3.07143             2.27290             0.22924             1.62234             0.32846           895.33044             3.57668             2.18002       2       4
   10000       2       1       2       3       2     514       6       6       9     377      27      19            21.51852             3.07407             2.28428             0.22528             1.63503             0.33744           878.19898             3.54029             2.16337       4       5
   10000       2       1       2       3       2     514       6       6      10     350      26      26            21.19231             3.00000             2.26277             0.22665             1.60052             0.32895           887.56894             3.55214             2.19176       3       5
   10000       2       1       2       3       2     514       6       6      11     339      25      14            21.28000             3.00000             2.27137             0.22540             1.60363             0.32338           886.03695             3.55523             2.18226       6       1
   10000       2       1       2       3       2     514       6       6      12     327      24      22            21.20833             3.00000             2.24638             0.22317             1.60369             0.31342           877.76072             3.57905             2.14072       5       1
   10000       2       1       2       3       2     514       6       6      13     311      23      20            21.08696             3.04348             2.26656             0.22777             1.59838             0.31271           886.68539             3.57045             2.10469       6       6
   10000       2       1       2       3       2     514       6       6      14     301      22      18            21.09091             3.09091             2.27142             0.22911             1.59276             0.30545           887.03069             3.57842             2.05636       3       1
   10000       2       1       2       3       2     514       6       6      15     287      21      25            21.23810             3.04762             2.27003             0.22877             1.57828             0.29540           887.56393             3.59248             2.05002       6       4
   10000       2       1       2       3       2     514       6       6      16     277      20      16            21.10000             3.00000             2.24197             0.22650             1.59040             0.30188           897.02582             3.57079             2.02210       6       3
   10000       2       1       2       3       2     514       6       6      17     261      19      26            20.84211             3.05263             2.22796             0.22920             1.59970             0.29420           917.63896             3.58433             1.96115       4       2
   10000       2       1       2       3       2     514       6       6      18     245      18      20            20.55556             3.00000             2.23651             0.23431             1.58410             0.29464           936.54308             3.57945             1.95471       5       2
   10000       2       1       2       3       2     514       6       6      19     229      17      33            19.82353             3.17647             2.17653             0.23881             1.63101             0.29280           977.15925             3.58566             1.84411       3       3
   10000       2       1       2       3       2     514       6       6      20     216      16      26            18.87500             3.25000             2.14513             0.24957             1.63388             0.27789          1052.76088             3.60899             1.72683       4       6
   10000       2       1       2       3       2     514       6       6      21     206      15      15            18.40000             3.13333             2.13216             0.25808             1.62358             0.27347          1102.59018             3.57903             1.58057       5       4
   10000       2       1       2       3       2     514       6       6      22     188      14      17            18.42857             3.14286             2.13706             0.25881             1.60562             0.25747          1120.67120             3.52408             1.62505       6       5
   10000       2       1       2       3       2     514       6       6      23     179      13      10            19.07692             3.15385             2.16613             0.24821             1.62656             0.24309          1089.97465             3.42159             1.66124       5       3
   10000       2       1       2       3       2     514       6       6      24     169      12      20            18.50000             3.33333             2.18953             0.25803             1.68209             0.25918          1105.06868             3.48176             1.58820       3       4
   10000       2       1       2       3       2     514       6       6      25     155      11      14            18.90909             3.18182             2.20204             0.25231             1.66019             0.26875          1079.57318             3.46186             1.64167       3       2
   10000       2       1       2       3       2     514       6       6      26     137      10      22            18.30000             3.10000             2.17996             0.25815             1.62217             0.27361          1135.46828             3.41412             1.63241       2       3
   10000       2       1       2       3       2     514       6       6      27     120       9      17            18.44444             3.00000             2.18689             0.25742             1.60102             0.28318          1139.30837             3.29913             1.70267       4       4
   10000       2       1       2       3       2     514       6       6      28     105       8      15            18.87500             3.00000             2.21025             0.25388             1.56901             0.28286          1103.56264             3.29480             1.79051       3       6
   10000       2       1       2       3       2     514       6       6      29      90       7      15            19.42857             2.85714             2.18314             0.24117             1.55846             0.30286          1069.40015             3.37045             1.90344       4       1
   10000       2       1       2       3       2     514       6       6      30      78       6      12            20.66667             2.66667             2.28311             0.23339             1.56063             0.33818           916.22963             3.43169             2.05401       5       6
