   10000       2       2       2       1       6     504       6       6       0     504      36       0            21.11111             2.88889             2.22961             0.22955             1.55904             0.32370           873.83773             3.92412             2.46365       0       0
   10000       2       2       2       1       6     504       6       6       1     485      35      23            22.11429             3.00000             2.28442             0.22384             1.60918             0.31978           816.69587             3.95097             2.58998       5       2
   10000       2       2       2       1       6     504       6       6       2     472      34      28            21.88235             3.00000             2.28305             0.22522             1.59777             0.32016           818.16425             3.97046             2.54648       6       1
   10000       2       2       2       1       6     504       6       6       3     456      33      14            22.78788             2.87879             2.31927             0.21742             1.61273             0.33495           774.10463             3.95142             2.70364       4       4
   10000       2       2       2       1       6     504       6       6       4     435      32      26            22.65625             2.93750             2.29894             0.21659             1.62943             0.33979           773.06731             3.98355             2.73208       4       6
   10000       2       2       2       1       6     504       6       6       5     419      31      27            22.77419             3.03226             2.29545             0.21558             1.63605             0.33745           764.00840             4.00846             2.73283       4       5
   10000       2       2       2       1       6     504       6       6       6     401      30      26            23.16667             2.96667             2.31915             0.21475             1.64629             0.34424           752.10614             4.02058             2.80123       6       5
   10000       2       2       2       1       6     504       6       6       7     389      29      28            23.10345             3.00000             2.33956             0.21818             1.65964             0.34625           748.47848             4.02874             2.76864       2       6
   10000       2       2       2       1       6     504       6       6       8     381      28      22            23.21429             3.07143             2.31776             0.21472             1.66862             0.34097           748.75423             4.03607             2.73245       5       5
   10000       2       2       2       1       6     504       6       6       9     369      27      29            23.51852             3.14815             2.30906             0.21241             1.68369             0.34899           749.46055             4.04530             2.74367       6       4
   10000       2       2       2       1       6     504       6       6      10     360      26      17            23.69231             3.19231             2.30119             0.20973             1.73002             0.35363           749.33774             4.07254             2.68853       3       2
   10000       2       2       2       1       6     504       6       6      11     351      25      17            24.28000             3.24000             2.34044             0.20549             1.75358             0.36202           720.82319             4.11255             2.64519       3       4
   10000       2       2       2       1       6     504       6       6      12     337      24      25            24.20833             3.20833             2.35921             0.20787             1.76063             0.36899           719.43894             4.11674             2.65876       6       6
   10000       2       2       2       1       6     504       6       6      13     322      23      29            23.52174             3.17391             2.33154             0.21319             1.76605             0.36627           743.20862             4.16399             2.59099       3       5
   10000       2       2       2       1       6     504       6       6      14     309      22      19            23.68182             3.18182             2.32488             0.21075             1.76861             0.36757           734.64602             4.16404             2.60436       3       6
   10000       2       2       2       1       6     504       6       6      15     304      21      24            24.09524             3.14286             2.34342             0.20915             1.74728             0.35920           714.44567             4.19472             2.56394       4       2
   10000       2       2       2       1       6     504       6       6      16     297      20      16            24.50000             3.20000             2.31259             0.20185             1.75836             0.35094           714.73849             4.14981             2.50876       2       5
   10000       2       2       2       1       6     504       6       6      17     285      19      26            24.36842             3.15789             2.31246             0.20328             1.75346             0.35863           705.76232             4.20864             2.46988       5       1
   10000       2       2       2       1       6     504       6       6      18     277      18      29            23.94444             3.11111             2.34507             0.21038             1.74877             0.35511           736.81819             4.21741             2.33363       5       3
   10000       2       2       2       1       6     504       6       6      19     254      17      27            24.05882             3.11765             2.32633             0.20697             1.73679             0.35242           726.75073             4.22443             2.33965       1       4
   10000       2       2       2       1       6     504       6       6      20     239      16      24            24.06250             3.18750             2.27283             0.20291             1.73732             0.33060           734.09115             4.28682             2.31710       4       1
   10000       2       2       2       1       6     504       6       6      21     226      15      23            23.93333             3.33333             2.35574             0.21126             1.75683             0.33470           732.63382             4.30794             2.24540       3       3
   10000       2       2       2       1       6     504       6       6      22     203      14      35            22.78571             3.28571             2.32817             0.21787             1.74873             0.33772           758.31714             4.32670             2.22698       6       2
   10000       2       2       2       1       6     504       6       6      23     181      13      28            22.38462             3.23077             2.28327             0.21782             1.71516             0.32096           767.05330             4.36982             2.27815       6       3
   10000       2       2       2       1       6     504       6       6      24     178      12      18            23.25000             3.33333             2.26831             0.20845             1.75902             0.31450           745.91928             4.31842             2.14591       2       4
   10000       2       2       2       1       6     504       6       6      25     164      11      26            22.72727             3.45455             2.29965             0.21571             1.81110             0.31335           761.21248             4.38113             2.05736       3       1
   10000       2       2       2       1       6     504       6       6      26     147      10      18            23.20000             3.50000             2.28370             0.20867             1.84579             0.31872           727.33308             4.35962             2.15347       5       4
   10000       2       2       2       1       6     504       6       6      27     132       9      18            23.77778             3.33333             2.29362             0.20288             1.81211             0.31974           697.13266             4.36189             2.23637       4       3
   10000       2       2       2       1       6     504       6       6      28     109       8      23            23.87500             3.25000             2.22774             0.19625             1.77215             0.31450           700.48078             4.32850             2.39091       5       6
   10000       2       2       2       1       6     504       6       6      29      97       7      20            23.71429             3.28571             2.23065             0.19862             1.82999             0.32666           682.15971             4.37969             2.39576       1       6
   10000       2       2       2       1       6     504       6       6      30      87       6      18            24.66667             3.33333             2.27835             0.19359             1.79185             0.31248           670.15312             4.24057             2.40071       1       5
