   10000       2       2       2       1       1     504       6       6       0     504      36       0            21.11111             2.88889             2.22961             0.22955             1.55904             0.32370           873.83773             3.92412             2.46365       0       0
   10000       2       2       2       1       1     504       6       6       1     495      35      17            21.34286             2.88571             2.23223             0.22750             1.57398             0.33631           863.22084             3.94120             2.47167       6       6
   10000       2       2       2       1       1     504       6       6       2     475      34      24            21.41176             2.91176             2.24796             0.22851             1.60149             0.34017           845.79101             3.96672             2.46572       5       1
   10000       2       2       2       1       1     504       6       6       3     461      33      19            21.66667             2.93939             2.22864             0.22431             1.61381             0.34953           838.97811             3.96120             2.47366       1       5
   10000       2       2       2       1       1     504       6       6       4     446      32      14            22.71875             2.90625             2.28043             0.21463             1.61556             0.34487           783.24977             3.95278             2.66678       4       4
   10000       2       2       2       1       1     504       6       6       5     430      31      25            22.93548             3.00000             2.33867             0.21831             1.66204             0.35681           762.39682             3.96670             2.66406       6       4
   10000       2       2       2       1       1     504       6       6       6     417      30      27            22.90000             3.00000             2.36173             0.22127             1.68167             0.36465           761.88259             4.00274             2.65026       2       6
   10000       2       2       2       1       1     504       6       6       7     402      29      24            23.27586             3.10345             2.34307             0.21657             1.70163             0.36412           740.93655             4.00831             2.69806       4       5
   10000       2       2       2       1       1     504       6       6       8     385      28      19            22.85714             3.03571             2.27929             0.21338             1.66495             0.34950           755.46064             4.05927             2.66571       4       3
   10000       2       2       2       1       1     504       6       6       9     377      27      28            22.77778             3.03704             2.29536             0.21684             1.67959             0.36303           764.60786             4.07241             2.58282       5       5
   10000       2       2       2       1       1     504       6       6      10     366      26      21            23.00000             3.03846             2.28818             0.21426             1.68324             0.36881           753.50301             4.09546             2.58614       3       6
   10000       2       2       2       1       1     504       6       6      11     349      25      40            22.24000             3.08000             2.23960             0.21552             1.69475             0.36391           768.25655             4.12482             2.54379       4       6
   10000       2       2       2       1       1     504       6       6      12     332      24      24            22.16667             3.08333             2.26573             0.21916             1.69783             0.36923           766.09305             4.12308             2.55589       1       6
   10000       2       2       2       1       1     504       6       6      13     321      23      15            22.52174             3.08696             2.29475             0.21924             1.72571             0.37330           762.67887             4.15706             2.50691       3       2
   10000       2       2       2       1       1     504       6       6      14     308      22      20            22.59091             3.04545             2.28414             0.21773             1.72457             0.37424           759.03434             4.16877             2.52447       6       5
   10000       2       2       2       1       1     504       6       6      15     299      21      23            23.14286             3.00000             2.30164             0.21501             1.70579             0.36650           743.03272             4.20162             2.51785       5       2
   10000       2       2       2       1       1     504       6       6      16     285      20      29            23.15000             3.00000             2.30524             0.21624             1.69051             0.37736           748.88050             4.24564             2.51395       6       3
   10000       2       2       2       1       1     504       6       6      17     279      19      25            22.73684             3.00000             2.31371             0.22198             1.69361             0.37260           785.34058             4.20289             2.44721       5       3
   10000       2       2       2       1       1     504       6       6      18     266      18      29            22.55556             3.05556             2.28409             0.22120             1.72128             0.36078           793.36924             4.25433             2.41309       4       1
   10000       2       2       2       1       1     504       6       6      19     258      17      13            22.76471             3.17647             2.33604             0.22169             1.77444             0.35821           760.23407             4.28454             2.28212       3       3
   10000       2       2       2       1       1     504       6       6      20     244      16      22            22.62500             3.12500             2.32594             0.22356             1.73933             0.35352           760.53135             4.36131             2.28060       6       1
   10000       2       2       2       1       1     504       6       6      21     219      15      26            22.33333             3.06667             2.32938             0.22697             1.72830             0.35408           775.37374             4.33952             2.32236       5       6
   10000       2       2       2       1       1     504       6       6      22     207      14      19            22.64286             3.14286             2.28331             0.21678             1.77681             0.36533           755.90760             4.36385             2.31731       3       4
   10000       2       2       2       1       1     504       6       6      23     190      13      26            22.07692             3.07692             2.26623             0.22149             1.77402             0.36363           784.39221             4.36654             2.28484       3       5
   10000       2       2       2       1       1     504       6       6      24     187      12      17            22.75000             3.16667             2.30734             0.21791             1.76154             0.36061           787.99736             4.22200             2.19364       2       5
   10000       2       2       2       1       1     504       6       6      25     177      11      25            23.72727             3.09091             2.35245             0.21230             1.78421             0.39333           752.70183             4.20907             2.15876       3       1
   10000       2       2       2       1       1     504       6       6      26     163      10      27            24.80000             3.40000             2.25165             0.19164             1.86130             0.33583           717.72931             4.17128             2.16546       1       4
   10000       2       2       2       1       1     504       6       6      27     131       9      31            23.55556             3.33333             2.18532             0.19586             1.85475             0.33497           752.86431             4.20899             2.28107       6       2
   10000       2       2       2       1       1     504       6       6      28     114       8      23            23.75000             3.12500             2.23119             0.19853             1.76175             0.34733           734.49866             4.25284             2.34135       4       2
   10000       2       2       2       1       1     504       6       6      29      97       7      17            24.85714             3.14286             2.22737             0.18638             1.79241             0.34378           666.88150             4.22315             2.55071       5       4
   10000       2       2       2       1       1     504       6       6      30      87       6      24            25.00000             3.16667             2.20535             0.18311             1.83501             0.32223           654.52106             4.18282             2.46511       2       4
