   10000       2       2       2       5       9     496       6       6       0     496      36       0            21.13889             3.02778             2.22575             0.23036             1.59494             0.35659           936.79100             3.61014             2.41911       0       0
   10000       2       2       2       5       9     496       6       6       1     484      35      14            21.94286             3.17143             2.26564             0.22484             1.62533             0.36018           908.60103             3.59231             2.47437       3       3
   10000       2       2       2       5       9     496       6       6       2     475      34      21            22.26471             3.11765             2.30061             0.22431             1.63959             0.37010           886.01944             3.59027             2.46491       1       4
   10000       2       2       2       5       9     496       6       6       3     460      33      23            22.63636             3.00000             2.31585             0.22247             1.62501             0.37679           863.46122             3.62846             2.50303       2       6
   10000       2       2       2       5       9     496       6       6       4     449      32      23            22.90625             3.03125             2.31665             0.21982             1.64255             0.38504           855.95272             3.62022             2.47836       3       4
   10000       2       2       2       5       9     496       6       6       5     431      31      34            23.29032             3.03226             2.33731             0.21740             1.66900             0.38356           831.06258             3.64354             2.53714       4       2
   10000       2       2       2       5       9     496       6       6       6     420      30      30            23.40000             3.16667             2.31734             0.21374             1.70494             0.39176           797.20914             3.67964             2.49669       3       1
   10000       2       2       2       5       9     496       6       6       7     411      29      18            23.82759             3.17241             2.36270             0.21413             1.71363             0.39950           784.75419             3.68216             2.47348       4       5
   10000       2       2       2       5       9     496       6       6       8     401      28      26            24.07143             3.10714             2.39810             0.21534             1.72100             0.41064           769.02557             3.68028             2.46540       5       4
   10000       2       2       2       5       9     496       6       6       9     390      27      29            24.14815             3.11111             2.40596             0.21576             1.71648             0.40930           764.92023             3.70309             2.41017       4       6
   10000       2       2       2       5       9     496       6       6      10     375      26      22            23.92308             3.19231             2.39556             0.22316             1.74371             0.40226           805.76664             3.78046             2.41541       1       5
   10000       2       2       2       5       9     496       6       6      11     359      25      29            23.76000             3.20000             2.37028             0.22345             1.74977             0.39594           801.93160             3.78014             2.39101       6       2
   10000       2       2       2       5       9     496       6       6      12     344      24      24            23.54167             3.25000             2.31895             0.22170             1.75330             0.38414           809.61952             3.86902             2.34211       5       3
   10000       2       2       2       5       9     496       6       6      13     327      23      32            23.39130             3.30435             2.28217             0.22024             1.77637             0.37005           810.56081             3.90084             2.31556       5       5
   10000       2       2       2       5       9     496       6       6      14     314      22      26            23.27273             3.36364             2.28978             0.22239             1.80013             0.37953           826.26090             3.85506             2.26966       2       5
   10000       2       2       2       5       9     496       6       6      15     298      21      36            23.66667             3.38095             2.31986             0.21908             1.80674             0.38295           792.77667             3.90898             2.29561       2       2
   10000       2       2       2       5       9     496       6       6      16     287      20      30            22.85000             3.45000             2.24383             0.22036             1.82175             0.37394           817.87343             3.93491             2.17227       2       3
   10000       2       2       2       5       9     496       6       6      17     280      19      22            22.94737             3.42105             2.28670             0.22377             1.83578             0.37105           810.13229             3.96769             2.10709       4       1
   10000       2       2       2       5       9     496       6       6      18     267      18      26            22.72222             3.50000             2.26917             0.22491             1.87382             0.37138           810.40908             3.99148             2.07410       3       6
   10000       2       2       2       5       9     496       6       6      19     256      17      22            23.00000             3.47059             2.29696             0.22594             1.85716             0.37481           808.45137             4.01470             2.05174       6       1
   10000       2       2       2       5       9     496       6       6      20     252      16       6            24.12500             3.43750             2.36420             0.21016             1.84073             0.38459           739.64542             3.86859             2.05827       1       6
   10000       2       2       2       5       9     496       6       6      21     239      15      22            23.93333             3.40000             2.38954             0.21418             1.83282             0.38863           761.19265             3.83475             2.01121       4       3
   10000       2       2       2       5       9     496       6       6      22     219      14      28            23.57143             3.35714             2.36291             0.21533             1.80250             0.38111           776.50665             3.78864             2.01891       3       5
   10000       2       2       2       5       9     496       6       6      23     208      13      16            24.15385             3.30769             2.39443             0.21228             1.77501             0.36573           744.69952             3.83571             1.98380       2       1
   10000       2       2       2       5       9     496       6       6      24     197      12      18            24.58333             3.25000             2.43069             0.21214             1.75668             0.37010           715.72234             3.84953             1.99091       3       2
   10000       2       2       2       5       9     496       6       6      25     183      11      19            25.09091             3.27273             2.43286             0.20722             1.76708             0.37991           715.56788             3.73345             2.03508       2       4
   10000       2       2       2       5       9     496       6       6      26     168      10      28            24.70000             3.30000             2.40375             0.20918             1.77742             0.37505           726.46944             3.79010             1.91548       5       6
   10000       2       2       2       5       9     496       6       6      27     158       9      27            24.22222             3.33333             2.36588             0.21072             1.79608             0.37755           751.66964             3.80617             1.78235       5       2
   10000       2       2       2       5       9     496       6       6      28     153       8      12            25.25000             3.50000             2.42098             0.20333             1.86671             0.37688           767.99755             3.61669             1.59479       6       3
   10000       2       2       2       5       9     496       6       6      29     135       7      22            25.57143             3.42857             2.42886             0.20152             1.81174             0.39160           774.92677             3.49964             1.58291       4       4
   10000       2       2       2       5       9     496       6       6      30     111       6      25            25.50000             3.50000             2.39307             0.20001             1.79827             0.37730           772.97876             3.46503             1.65433       5       1
