   10000       2       1       2      11       2     487       6       6       0     487      36       0            20.66667             3.16667             2.25710             0.23799             1.67006             0.35268           950.26692             3.56068             2.38376       0       0
   10000       2       1       2      11       2     487       6       6       1     471      35      24            20.62857             3.20000             2.26587             0.23946             1.67813             0.36014           951.08483             3.56071             2.35834       3       6
   10000       2       1       2      11       2     487       6       6       2     449      34      25            20.70588             3.20588             2.27393             0.23904             1.69260             0.34693           945.80548             3.57433             2.40476       4       2
   10000       2       1       2      11       2     487       6       6       3     436      33      19            20.87879             3.15152             2.29582             0.23907             1.68891             0.34548           927.19031             3.61030             2.41109       4       5
   10000       2       1       2      11       2     487       6       6       4     427      32      22            20.87500             3.12500             2.27389             0.23788             1.67758             0.34499           928.67445             3.59877             2.36860       2       5
   10000       2       1       2      11       2     487       6       6       5     412      31      17            20.80645             3.12903             2.25156             0.23555             1.67380             0.34250           939.55854             3.59361             2.38369       4       6
   10000       2       1       2      11       2     487       6       6       6     402      30      21            20.86667             3.10000             2.26342             0.23736             1.67457             0.35416           934.58677             3.59768             2.33155       1       3
   10000       2       1       2      11       2     487       6       6       7     395      29       9            21.17241             3.13793             2.28470             0.23349             1.67284             0.35426           914.27456             3.54847             2.30650       6       6
   10000       2       1       2      11       2     487       6       6       8     387      28      20            21.42857             3.14286             2.27653             0.23115             1.68528             0.35342           908.14995             3.55046             2.25373       5       3
   10000       2       1       2      11       2     487       6       6       9     370      27      24            22.07407             3.14815             2.30866             0.22651             1.69853             0.36128           872.17447             3.52311             2.31304       3       4
   10000       2       1       2      11       2     487       6       6      10     360      26      25            21.80769             3.15385             2.28459             0.22779             1.67207             0.35136           889.82602             3.54745             2.22061       5       1
   10000       2       1       2      11       2     487       6       6      11     349      25      20            21.64000             3.16000             2.25909             0.22863             1.69213             0.34842           909.29375             3.54524             2.13704       2       3
   10000       2       1       2      11       2     487       6       6      12     334      24      19            21.41667             3.16667             2.25314             0.23092             1.71127             0.34895           922.98343             3.54790             2.12797       6       1
   10000       2       1       2      11       2     487       6       6      13     324      23      20            21.34783             3.17391             2.25016             0.23175             1.70943             0.34241           933.78960             3.55478             2.08246       4       3
   10000       2       1       2      11       2     487       6       6      14     315      22      13            21.72727             3.18182             2.26582             0.22945             1.70510             0.34309           910.84474             3.54677             2.08816       4       1
   10000       2       1       2      11       2     487       6       6      15     301      21      21            21.57143             3.19048             2.25175             0.23053             1.70067             0.33268           919.69098             3.56056             2.06511       4       4
   10000       2       1       2      11       2     487       6       6      16     287      20      17            21.50000             3.10000             2.27466             0.23146             1.70864             0.34140           927.95485             3.52840             2.02141       3       1
   10000       2       1       2      11       2     487       6       6      17     274      19      23            21.26316             3.15789             2.22497             0.23098             1.69874             0.33510           943.69601             3.48975             1.95712       1       1
   10000       2       1       2      11       2     487       6       6      18     263      18      18            21.33333             3.16667             2.20735             0.22924             1.68406             0.33521           956.63107             3.45861             1.93253       2       6
   10000       2       1       2      11       2     487       6       6      19     252      17      16            21.41176             3.17647             2.22781             0.23031             1.68007             0.33720           955.65306             3.46095             1.91007       3       3
   10000       2       1       2      11       2     487       6       6      20     243      16      12            22.06250             3.12500             2.23963             0.22157             1.65901             0.32806           923.10461             3.42974             1.90884       5       6
   10000       2       1       2      11       2     487       6       6      21     231      15      18            22.33333             3.06667             2.25522             0.22081             1.67510             0.35243           932.74475             3.38010             1.90471       1       6
   10000       2       1       2      11       2     487       6       6      22     215      14      26            22.00000             3.14286             2.24832             0.22569             1.68574             0.36433           958.42655             3.35789             1.84027       6       5
   10000       2       1       2      11       2     487       6       6      23     211      13      16            22.69231             3.15385             2.24641             0.21732             1.66424             0.35830           933.25194             3.38401             1.75615       6       2
   10000       2       1       2      11       2     487       6       6      24     201      12      21            22.33333             3.16667             2.24862             0.22138             1.67051             0.35272           939.94871             3.45604             1.63840       6       4
   10000       2       1       2      11       2     487       6       6      25     192      11      14            23.00000             3.18182             2.25777             0.21247             1.67988             0.34831           934.44613             3.35295             1.57535       1       2
   10000       2       1       2      11       2     487       6       6      26     182      10      18            23.10000             3.20000             2.27618             0.21345             1.67579             0.33780           926.17855             3.39294             1.51230       5       4
   10000       2       1       2      11       2     487       6       6      27     173       9      22            22.33333             3.33333             2.22955             0.21678             1.67225             0.32508           981.09656             3.42696             1.33553       2       2
   10000       2       1       2      11       2     487       6       6      28     160       8      15            22.50000             3.37500             2.30685             0.21882             1.65863             0.32038           889.93872             3.53892             1.22080       2       4
   10000       2       1       2      11       2     487       6       6      29     145       7      25            21.42857             3.57143             2.28998             0.22997             1.72720             0.32127           954.55033             3.51482             1.06565       1       4
   10000       2       1       2      11       2     487       6       6      30     127       6      18            22.00000             3.66667             2.30127             0.22473             1.76016             0.32579           928.25131             3.49195             1.07660       3       5
