   10000       2       2       2      11       7     487       6       6       0     487      36       0            20.66667             3.16667             2.25710             0.23799             1.67006             0.35268           950.26692             3.56068             2.38376       0       0
   10000       2       2       2      11       7     487       6       6       1     474      35      18            21.08571             3.22857             2.30538             0.23936             1.67572             0.36040           919.66380             3.55674             2.43515       5       6
   10000       2       2       2      11       7     487       6       6       2     466      34      19            21.82353             3.23529             2.32337             0.23375             1.67660             0.37271           891.01986             3.56018             2.52430       5       3
   10000       2       2       2      11       7     487       6       6       3     446      33      20            22.27273             3.15152             2.32864             0.22964             1.68021             0.38126           873.50531             3.55731             2.58141       3       5
   10000       2       2       2      11       7     487       6       6       4     435      32      21            22.96875             3.18750             2.33088             0.22371             1.69377             0.38359           848.53146             3.55081             2.63972       3       4
   10000       2       2       2      11       7     487       6       6       5     429      31      19            23.51613             3.19355             2.35648             0.22107             1.70989             0.39166           827.67751             3.55022             2.63268       2       3
   10000       2       2       2      11       7     487       6       6       6     417      30      21            23.36667             3.20000             2.34801             0.22260             1.70975             0.38071           846.41778             3.55259             2.58502       4       6
   10000       2       2       2      11       7     487       6       6       7     404      29      27            23.34483             3.13793             2.31927             0.22052             1.69985             0.38070           850.33370             3.55646             2.55488       4       5
   10000       2       2       2      11       7     487       6       6       8     389      28      25            23.25000             3.21429             2.36321             0.22583             1.73789             0.38998           862.12625             3.54962             2.48039       1       4
   10000       2       2       2      11       7     487       6       6       9     384      27      14            23.70370             3.18519             2.38205             0.22431             1.73908             0.39045           841.52562             3.55390             2.44895       4       1
   10000       2       2       2      11       7     487       6       6      10     377      26       8            24.23077             3.23077             2.40939             0.21550             1.74992             0.38461           811.82946             3.54336             2.42127       6       6
   10000       2       2       2      11       7     487       6       6      11     369      25      18            24.40000             3.28000             2.38604             0.21219             1.75358             0.38285           812.49418             3.51529             2.36833       1       6
   10000       2       2       2      11       7     487       6       6      12     358      24      31            24.04167             3.20833             2.38371             0.21494             1.73704             0.38029           813.47744             3.55221             2.30096       2       5
   10000       2       2       2      11       7     487       6       6      13     345      23      22            23.86957             3.26087             2.36154             0.21599             1.76283             0.38569           832.03788             3.55910             2.27307       6       1
   10000       2       2       2      11       7     487       6       6      14     336      22      24            24.22727             3.13636             2.36727             0.21484             1.77536             0.38318           827.97217             3.59880             2.25414       6       5
   10000       2       2       2      11       7     487       6       6      15     329      21      17            24.85714             3.14286             2.41666             0.21270             1.78196             0.38726           799.78176             3.60555             2.22215       5       1
   10000       2       2       2      11       7     487       6       6      16     311      20      21            24.60000             3.15000             2.37957             0.21292             1.81182             0.38084           824.40192             3.59007             2.20221       1       2
   10000       2       2       2      11       7     487       6       6      17     298      19      16            25.52632             3.10526             2.42393             0.20545             1.79698             0.41545           798.41832             3.51053             2.27530       3       1
   10000       2       2       2      11       7     487       6       6      18     280      18      30            25.11111             3.16667             2.40830             0.20816             1.80772             0.40315           806.60897             3.56167             2.24999       5       2
   10000       2       2       2      11       7     487       6       6      19     266      17      23            24.94118             3.17647             2.37594             0.20699             1.82657             0.40320           806.93141             3.61211             2.16977       6       4
   10000       2       2       2      11       7     487       6       6      20     251      16      26            24.25000             3.25000             2.38975             0.21614             1.81689             0.39901           846.43126             3.65129             2.07930       6       2
   10000       2       2       2      11       7     487       6       6      21     246      15      19            25.26667             3.26667             2.37698             0.20620             1.80685             0.38786           823.32525             3.64732             2.00480       2       2
   10000       2       2       2      11       7     487       6       6      22     233      14      28            25.14286             3.28571             2.38324             0.20958             1.79961             0.39801           834.22515             3.67540             1.90121       5       4
   10000       2       2       2      11       7     487       6       6      23     223      13      20            25.53846             3.30769             2.38378             0.20657             1.78824             0.39624           821.57162             3.65145             1.84301       1       3
   10000       2       2       2      11       7     487       6       6      24     207      12      28            25.41667             3.41667             2.49363             0.21685             1.78412             0.39417           832.45100             3.68482             1.79282       4       3
   10000       2       2       2      11       7     487       6       6      25     199      11      22            25.00000             3.45455             2.45602             0.21638             1.79065             0.40371           846.18971             3.68073             1.68245       1       1
   10000       2       2       2      11       7     487       6       6      26     193      10      21            25.40000             3.60000             2.45765             0.21389             1.84887             0.40508           866.78501             3.67811             1.59936       2       6
   10000       2       2       2      11       7     487       6       6      27     178       9      29            24.66667             3.44444             2.41538             0.21662             1.79941             0.41904           911.12437             3.69027             1.45038       3       3
   10000       2       2       2      11       7     487       6       6      28     156       8      26            24.37500             3.25000             2.44504             0.22283             1.78723             0.43373           926.43689             3.64355             1.44326       3       6
   10000       2       2       2      11       7     487       6       6      29     140       7      35            22.85714             3.14286             2.40448             0.23156             1.76103             0.42006           978.99013             3.60783             1.23453       4       4
   10000       2       2       2      11       7     487       6       6      30     125       6      16            24.00000             3.16667             2.50870             0.23026             1.75454             0.44563           873.26752             3.68283             1.25676       2       4
