   10000       2       2       2      10       3     465       6       6       0     465      36       0            20.86111             3.02778             2.26933             0.23432             1.65535             0.34821           866.06190             3.76657             2.53990       0       0
   10000       2       2       2      10       3     465       6       6       1     455      35      25            21.14286             3.05714             2.29342             0.23385             1.67897             0.35278           851.10869             3.78829             2.55276       1       4
   10000       2       2       2      10       3     465       6       6       2     449      34      16            21.32353             3.02941             2.27275             0.22938             1.67173             0.34537           847.48978             3.79491             2.53770       6       6
   10000       2       2       2      10       3     465       6       6       3     442      33      14            21.57576             3.06061             2.31599             0.23119             1.69774             0.34681           842.32417             3.78673             2.49517       4       2
   10000       2       2       2      10       3     465       6       6       4     435      32      19            22.12500             3.12500             2.33658             0.22841             1.72363             0.35693           819.61009             3.79719             2.50259       3       4
   10000       2       2       2      10       3     465       6       6       5     417      31      20            22.45161             3.12903             2.33338             0.22473             1.73241             0.36843           809.47155             3.79585             2.52627       3       2
   10000       2       2       2      10       3     465       6       6       6     408      30      20            23.00000             3.20000             2.30186             0.21514             1.74923             0.36637           789.87568             3.79812             2.55170       6       4
   10000       2       2       2      10       3     465       6       6       7     389      29      26            22.75862             3.20690             2.29861             0.21876             1.78301             0.37783           799.32661             3.77679             2.59243       4       6
   10000       2       2       2      10       3     465       6       6       8     380      28      25            22.92857             3.28571             2.32131             0.22003             1.81051             0.37508           793.58270             3.78944             2.50814       3       6
   10000       2       2       2      10       3     465       6       6       9     365      27      22            23.11111             3.25926             2.31445             0.21730             1.81696             0.36647           787.17852             3.79266             2.54321       4       4
   10000       2       2       2      10       3     465       6       6      10     357      26      23            22.80769             3.19231             2.32745             0.22330             1.81341             0.39280           805.09280             3.81454             2.45213       6       2
   10000       2       2       2      10       3     465       6       6      11     347      25      25            23.00000             3.16000             2.33734             0.22346             1.78805             0.39093           798.75051             3.83820             2.39126       3       5
   10000       2       2       2      10       3     465       6       6      12     337      24      19            23.50000             3.20833             2.36594             0.22142             1.79806             0.41063           786.20611             3.82983             2.40274       3       3
   10000       2       2       2      10       3     465       6       6      13     326      23      32            24.08696             3.17391             2.38739             0.22008             1.80446             0.40775           769.70807             3.85159             2.40269       2       3
   10000       2       2       2      10       3     465       6       6      14     313      22      32            23.68182             3.18182             2.36728             0.22208             1.83002             0.40927           782.79381             3.86131             2.29587       5       1
   10000       2       2       2      10       3     465       6       6      15     301      21      25            23.66667             3.23810             2.36423             0.22144             1.81290             0.40959           781.85616             3.85589             2.25119       4       3
   10000       2       2       2      10       3     465       6       6      16     287      20      29            23.45000             3.30000             2.36802             0.22333             1.87800             0.41155           779.66918             3.87967             2.20706       5       3
   10000       2       2       2      10       3     465       6       6      17     272      19      34            22.78947             3.42105             2.31376             0.22218             1.90820             0.39106           783.40234             3.94408             2.12656       2       5
   10000       2       2       2      10       3     465       6       6      18     262      18      25            22.77778             3.38889             2.27199             0.21944             1.93058             0.40688           783.02636             3.97748             2.06208       2       1
   10000       2       2       2      10       3     465       6       6      19     251      17      31            22.11765             3.41176             2.25327             0.22269             1.94848             0.40609           802.77973             4.02062             1.98004       1       2
   10000       2       2       2      10       3     465       6       6      20     245      16      13            22.62500             3.37500             2.27802             0.21856             1.93709             0.41716           775.13250             4.04164             1.93122       6       3
   10000       2       2       2      10       3     465       6       6      21     229      15      21            22.46667             3.26667             2.28268             0.22045             1.94349             0.42136           771.45711             4.12552             1.91496       6       5
   10000       2       2       2      10       3     465       6       6      22     217      14      16            22.78571             3.28571             2.33266             0.22112             1.96716             0.43156           745.12274             4.12579             1.90229       5       6
   10000       2       2       2      10       3     465       6       6      23     208      13      19            23.23077             3.30769             2.28925             0.21108             1.98145             0.41666           730.14203             4.11465             1.86058       5       4
   10000       2       2       2      10       3     465       6       6      24     192      12      25            23.08333             3.25000             2.27978             0.21191             1.93823             0.41203           735.27191             4.11888             1.84250       5       2
   10000       2       2       2      10       3     465       6       6      25     179      11      22            22.81818             3.36364             2.25925             0.21479             1.96419             0.39393           741.54448             4.18719             1.78643       3       1
   10000       2       2       2      10       3     465       6       6      26     166      10      15            23.60000             3.30000             2.28214             0.20751             1.91776             0.39761           713.58712             4.14296             1.84278       4       1
   10000       2       2       2      10       3     465       6       6      27     149       9      28            23.00000             3.33333             2.27345             0.21347             1.90073             0.40898           734.36557             4.15440             1.80620       5       5
   10000       2       2       2      10       3     465       6       6      28     125       8      24            22.87500             3.25000             2.26739             0.21501             1.88288             0.42206           758.06557             4.12190             1.90698       6       1
   10000       2       2       2      10       3     465       6       6      29     119       7      18            22.57143             3.42857             2.23111             0.21738             1.92660             0.42069           782.48963             4.17990             1.65331       1       6
   10000       2       2       2      10       3     465       6       6      30     103       6      18            23.16667             3.33333             2.26745             0.21680             1.97614             0.44610           810.01020             4.02188             1.68731       4       5
