   10000       2       1       2       9       7     514       6       6       0     514      36       0            21.69444             3.13889             2.30008             0.22645             1.65036             0.33603           860.60524             3.60649             2.37765       0       0
   10000       2       1       2       9       7     514       6       6       1     503      35      19            21.74286             3.05714             2.30323             0.22582             1.65168             0.33866           856.17589             3.61688             2.35501       6       4
   10000       2       1       2       9       7     514       6       6       2     494      34      18            21.82353             3.11765             2.28977             0.22398             1.65755             0.32732           851.24645             3.62665             2.30374       3       1
   10000       2       1       2       9       7     514       6       6       3     481      33      23            21.93939             3.12121             2.30014             0.22379             1.65936             0.33056           842.34219             3.62707             2.27716       5       6
   10000       2       1       2       9       7     514       6       6       4     471      32      23            22.00000             3.15625             2.31520             0.22533             1.66572             0.32834           837.53736             3.63843             2.23977       3       6
   10000       2       1       2       9       7     514       6       6       5     464      31      14            22.06452             3.16129             2.31726             0.22362             1.66497             0.32157           834.33303             3.64146             2.17832       6       1
   10000       2       1       2       9       7     514       6       6       6     440      30      32            21.56667             3.10000             2.30060             0.22612             1.65031             0.32392           848.09182             3.66135             2.18052       2       1
   10000       2       1       2       9       7     514       6       6       7     432      29      24            21.51724             3.06897             2.29337             0.22612             1.63835             0.32456           853.24847             3.66216             2.12672       5       2
   10000       2       1       2       9       7     514       6       6       8     417      28      20            21.64286             3.03571             2.29962             0.22610             1.64217             0.32017           851.93689             3.66990             2.12016       4       2
   10000       2       1       2       9       7     514       6       6       9     403      27      19            21.59259             3.03704             2.30518             0.22917             1.63209             0.32648           860.28190             3.66842             2.09240       1       6
   10000       2       1       2       9       7     514       6       6      10     381      26      27            21.26923             2.96154             2.29086             0.23083             1.60354             0.33130           866.57587             3.70139             2.08185       3       5
   10000       2       1       2       9       7     514       6       6      11     371      25      19            21.48000             3.00000             2.28674             0.22847             1.59603             0.32175           851.28828             3.72260             2.03737       1       3
   10000       2       1       2       9       7     514       6       6      12     352      24      21            21.20833             2.95833             2.28474             0.23221             1.58418             0.33203           863.04736             3.75165             2.03096       4       6
   10000       2       1       2       9       7     514       6       6      13     337      23      24            21.04348             2.86957             2.27365             0.23249             1.57792             0.32753           871.50091             3.73648             1.95742       2       3
   10000       2       1       2       9       7     514       6       6      14     322      22      24            20.81818             2.90909             2.27777             0.23656             1.57876             0.32364           871.41385             3.77685             1.95150       5       1
   10000       2       1       2       9       7     514       6       6      15     312      21      23            20.52381             2.85714             2.26453             0.23939             1.59220             0.32689           890.89009             3.75435             1.83377       2       5
   10000       2       1       2       9       7     514       6       6      16     297      20      22            20.90000             2.90000             2.24676             0.23340             1.57055             0.32523           869.68843             3.75807             1.85250       4       3
   10000       2       1       2       9       7     514       6       6      17     288      19      23            20.68421             3.00000             2.27272             0.24009             1.61297             0.32102           877.00003             3.80535             1.76504       1       4
   10000       2       1       2       9       7     514       6       6      18     267      18      22            20.33333             3.05556             2.28099             0.24519             1.61306             0.31641           897.33430             3.78936             1.77761       2       4
   10000       2       1       2       9       7     514       6       6      19     250      17      16            20.52941             3.00000             2.24016             0.23781             1.60408             0.32434           880.12183             3.84647             1.82676       4       1
   10000       2       1       2       9       7     514       6       6      20     237      16      23            20.18750             3.12500             2.23966             0.24235             1.63612             0.31546           898.78006             3.90211             1.76365       1       2
   10000       2       1       2       9       7     514       6       6      21     227      15      11            20.80000             3.13333             2.26579             0.23483             1.64448             0.31649           875.44582             3.85032             1.80345       1       5
   10000       2       1       2       9       7     514       6       6      22     217      14      23            20.64286             3.14286             2.26530             0.23854             1.67350             0.31575           884.48718             3.90582             1.72636       3       2
   10000       2       1       2       9       7     514       6       6      23     195      13      26            20.23077             3.15385             2.25837             0.24198             1.66222             0.30463           897.20921             3.92587             1.73372       6       2
   10000       2       1       2       9       7     514       6       6      24     183      12      18            20.16667             3.25000             2.34825             0.25364             1.64099             0.30054           921.94991             3.88209             1.61763       5       4
   10000       2       1       2       9       7     514       6       6      25     169      11      23            20.00000             3.18182             2.25285             0.24628             1.63789             0.26626           949.63874             3.86469             1.54505       6       5
   10000       2       1       2       9       7     514       6       6      26     155      10      20            19.40000             3.20000             2.18700             0.25019             1.67345             0.28057          1002.70663             3.80930             1.47854       6       3
   10000       2       1       2       9       7     514       6       6      27     139       9      16            19.77778             3.22222             2.12485             0.23735             1.67421             0.29693          1005.04437             3.79156             1.53171       2       6
   10000       2       1       2       9       7     514       6       6      28     126       8      14            20.50000             3.25000             2.14046             0.22856             1.72002             0.27636           986.49004             3.67237             1.56950       5       3
   10000       2       1       2       9       7     514       6       6      29     116       7      21            19.71429             3.42857             2.14421             0.24215             1.65271             0.20685          1069.31912             3.64558             1.31974       4       5
   10000       2       1       2       9       7     514       6       6      30     104       6      28            17.66667             3.66667             2.09229             0.25825             1.69592             0.18180          1133.92702             3.75468             1.03859       3       4
