   10000       2       1       2       5       4     525       6       6       0     525      36       0            21.69444             2.91667             2.24134             0.22026             1.60306             0.30909           825.34604             4.00950             2.38234       0       0
   10000       2       1       2       5       4     525       6       6       1     514      35      17            21.94286             2.94286             2.24771             0.21795             1.60985             0.31036           806.14825             4.02423             2.36594       4       6
   10000       2       1       2       5       4     525       6       6       2     503      34      18            21.97059             2.97059             2.24957             0.21710             1.61949             0.32309           805.10408             4.02396             2.30591       5       4
   10000       2       1       2       5       4     525       6       6       3     486      33      23            21.90909             2.96970             2.24091             0.21709             1.63527             0.31881           812.29081             4.00813             2.28656       4       1
   10000       2       1       2       5       4     525       6       6       4     473      32      26            21.90625             2.96875             2.21886             0.21578             1.63432             0.31520           818.94395             4.01082             2.24645       6       2
   10000       2       1       2       5       4     525       6       6       5     456      31      24            21.67742             3.00000             2.21885             0.21770             1.64840             0.31136           825.11829             4.00457             2.20407       3       6
   10000       2       1       2       5       4     525       6       6       6     437      30      24            21.40000             2.93333             2.19915             0.21914             1.62764             0.30700           837.54021             4.02924             2.20044       5       1
   10000       2       1       2       5       4     525       6       6       7     420      29      21            21.72414             2.93103             2.20829             0.21743             1.63733             0.32060           832.30119             4.00708             2.21563       2       4
   10000       2       1       2       5       4     525       6       6       8     405      28      21            21.53571             3.00000             2.17958             0.21818             1.62975             0.32280           854.29200             3.98163             2.17025       4       5
   10000       2       1       2       5       4     525       6       6       9     386      27      17            21.62963             3.03704             2.17384             0.21634             1.64686             0.32607           851.66942             3.99026             2.21829       6       1
   10000       2       1       2       5       4     525       6       6      10     373      26      22            21.73077             3.00000             2.19792             0.21878             1.62929             0.32111           851.46002             4.00818             2.20085       5       3
   10000       2       1       2       5       4     525       6       6      11     357      25      28            21.60000             3.00000             2.19001             0.22056             1.63200             0.31564           860.94162             4.01377             2.16095       1       5
   10000       2       1       2       5       4     525       6       6      12     345      24      18            21.79167             3.00000             2.21617             0.22084             1.62576             0.31561           826.98856             4.02840             2.12251       5       5
   10000       2       1       2       5       4     525       6       6      13     335      23      23            22.04348             3.00000             2.18212             0.21644             1.61949             0.30452           817.42718             4.08849             2.09251       4       2
   10000       2       1       2       5       4     525       6       6      14     322      22      21            22.04545             2.90909             2.23456             0.22205             1.60447             0.31349           826.22055             4.04302             2.06678       2       5
   10000       2       1       2       5       4     525       6       6      15     304      21      27            21.80952             2.85714             2.21419             0.22392             1.58562             0.29793           845.00347             3.99276             1.99557       2       2
   10000       2       1       2       5       4     525       6       6      16     290      20      17            21.70000             2.75000             2.18200             0.21965             1.58829             0.31436           843.30352             3.99902             1.98820       1       4
   10000       2       1       2       5       4     525       6       6      17     280      19      22            21.57895             2.78947             2.17766             0.21991             1.55547             0.30783           849.76482             4.01245             1.90956       2       3
   10000       2       1       2       5       4     525       6       6      18     266      18      32            20.88889             2.88889             2.16081             0.22450             1.56755             0.29657           874.55761             4.01608             1.79775       3       4
   10000       2       1       2       5       4     525       6       6      19     255      17      19            21.29412             2.82353             2.21082             0.22706             1.53339             0.29683           859.54018             4.04378             1.76047       3       1
   10000       2       1       2       5       4     525       6       6      20     237      16      23            20.68750             2.87500             2.17188             0.23140             1.55655             0.29759           890.81187             4.05197             1.73007       1       6
   10000       2       1       2       5       4     525       6       6      21     227      15      15            21.06667             2.86667             2.16648             0.22748             1.56389             0.29058           872.26148             4.06281             1.71192       4       4
   10000       2       1       2       5       4     525       6       6      22     213      14      14            21.57143             2.85714             2.18603             0.22287             1.57120             0.31133           860.45981             3.99063             1.76277       2       6
   10000       2       1       2       5       4     525       6       6      23     202      13      12            22.30769             2.84615             2.23239             0.21787             1.57318             0.32129           801.95179             3.99122             1.81018       5       2
   10000       2       1       2       5       4     525       6       6      24     185      12      19            21.91667             2.75000             2.22927             0.22042             1.55272             0.33677           812.70028             4.01559             1.77890       4       3
   10000       2       1       2       5       4     525       6       6      25     167      11      21            21.54545             2.72727             2.17772             0.21602             1.55139             0.34240           809.83800             4.05327             1.75180       2       1
   10000       2       1       2       5       4     525       6       6      26     156      10      18            21.50000             2.80000             2.14434             0.21308             1.55896             0.33125           847.86202             4.00314             1.71430       3       2
   10000       2       1       2       5       4     525       6       6      27     140       9      17            22.00000             2.77778             2.17103             0.21011             1.58635             0.33066           864.08095             3.81480             1.78055       3       5
   10000       2       1       2       5       4     525       6       6      28     127       8      20            22.00000             2.75000             2.15633             0.20878             1.59192             0.31527           870.40902             3.78559             1.74467       6       3
   10000       2       1       2       5       4     525       6       6      29     111       7      21            21.57143             2.57143             2.15439             0.22349             1.52724             0.32415           960.62465             3.84323             1.70340       5       6
   10000       2       1       2       5       4     525       6       6      30      92       6      19            21.83333             2.50000             2.18705             0.22573             1.53089             0.30564           934.49145             3.82188             1.80840       3       3
