   10000       2       1       2      12       5     467       6       6       0     467      36       0            20.41667             3.19444             2.11294             0.23015             1.72272             0.31714           954.81457             3.61434             2.49732       0       0
   10000       2       1       2      12       5     467       6       6       1     450      35      25            20.68571             3.08571             2.08177             0.22490             1.70563             0.31285           947.04494             3.61813             2.54087       3       5
   10000       2       1       2      12       5     467       6       6       2     437      34      24            20.58824             3.00000             2.08405             0.22732             1.67508             0.33091           962.45361             3.61429             2.51836       3       1
   10000       2       1       2      12       5     467       6       6       3     426      33      17            20.72727             3.03030             2.09564             0.22704             1.68606             0.33793           955.44952             3.61756             2.51428       5       6
   10000       2       1       2      12       5     467       6       6       4     414      32      22            20.59375             3.00000             2.09087             0.23242             1.67065             0.35185           996.92106             3.59408             2.47598       1       3
   10000       2       1       2      12       5     467       6       6       5     408      31      14            20.93548             3.06452             2.10799             0.23164             1.68884             0.34912           979.50076             3.59376             2.46355       4       1
   10000       2       1       2      12       5     467       6       6       6     393      30      24            20.70000             3.00000             2.11647             0.23071             1.67007             0.35044           980.06324             3.59955             2.43402       2       1
   10000       2       1       2      12       5     467       6       6       7     379      29      23            20.62069             3.00000             2.11849             0.23357             1.67356             0.35450           988.96520             3.59464             2.39963       4       2
   10000       2       1       2      12       5     467       6       6       8     371      28      15            20.82143             2.92857             2.13786             0.23184             1.66039             0.36239           964.12575             3.59673             2.37165       3       4
   10000       2       1       2      12       5     467       6       6       9     358      27      24            20.62963             3.00000             2.13516             0.23520             1.67656             0.36185           977.64510             3.60299             2.31371       4       4
   10000       2       1       2      12       5     467       6       6      10     342      26      28            20.61538             3.00000             2.12762             0.23535             1.67586             0.36748           980.57525             3.59097             2.29869       5       5
   10000       2       1       2      12       5     467       6       6      11     324      25      28            20.16000             3.00000             2.13817             0.24094             1.65978             0.36522          1004.70779             3.58811             2.26607       5       1
   10000       2       1       2      12       5     467       6       6      12     312      24      29            19.79167             3.08333             2.12779             0.24665             1.68016             0.36816          1023.12340             3.58692             2.20874       6       2
   10000       2       1       2      12       5     467       6       6      13     306      23      12            20.21739             2.95652             2.15480             0.24048             1.64321             0.36567           994.22984             3.58951             2.15530       4       3
   10000       2       1       2      12       5     467       6       6      14     298      22      12            20.40909             2.95455             2.13731             0.23582             1.64279             0.35061           982.75945             3.53961             2.13717       6       6
   10000       2       1       2      12       5     467       6       6      15     288      21      22            19.76190             2.95238             2.14045             0.24578             1.64602             0.35547          1030.31227             3.54841             2.02837       4       6
   10000       2       1       2      12       5     467       6       6      16     268      20      28            19.25000             3.00000             2.11441             0.25044             1.67214             0.34472          1070.14120             3.50168             1.98225       6       4
   10000       2       1       2      12       5     467       6       6      17     259      19      20            18.94737             2.94737             2.11916             0.25627             1.65972             0.33094          1090.11983             3.54222             1.85290       2       2
   10000       2       1       2      12       5     467       6       6      18     248      18      10            19.38889             2.83333             2.15320             0.25354             1.63714             0.34501          1081.08051             3.49841             1.90293       6       5
   10000       2       1       2      12       5     467       6       6      19     233      17      25            18.52941             2.94118             2.14702             0.28176             1.66821             0.36247          1215.30563             3.53451             1.83774       3       3
   10000       2       1       2      12       5     467       6       6      20     215      16      18            18.56250             3.00000             2.13721             0.28434             1.67765             0.36245          1223.99648             3.52835             1.89009       3       2
   10000       2       1       2      12       5     467       6       6      21     196      15      28            18.00000             3.00000             2.06293             0.28520             1.65243             0.34086          1375.94983             3.53075             1.82397       1       5
   10000       2       1       2      12       5     467       6       6      22     180      14      19            17.57143             2.85714             2.05122             0.28349             1.64748             0.33232          1345.43842             3.56695             1.83069       3       6
   10000       2       1       2      12       5     467       6       6      23     178      13       5            18.53846             2.92308             2.09144             0.25648             1.67212             0.31632          1216.81934             3.41493             1.72613       2       3
   10000       2       1       2      12       5     467       6       6      24     159      12      24            17.75000             2.91667             2.09519             0.26738             1.64583             0.32596          1267.47452             3.45750             1.70351       1       4
   10000       2       1       2      12       5     467       6       6      25     146      11      18            17.36364             3.00000             2.07771             0.27790             1.63991             0.30728          1344.74929             3.47317             1.65637       1       2
   10000       2       1       2      12       5     467       6       6      26     134      10      16            17.50000             3.00000             2.07824             0.27797             1.65103             0.31407          1378.28104             3.33747             1.64519       2       4
   10000       2       1       2      12       5     467       6       6      27     119       9      19            17.00000             2.88889             2.04609             0.28147             1.64606             0.32711          1429.82741             3.37324             1.59126       5       4
   10000       2       1       2      12       5     467       6       6      28     104       8      16            17.12500             3.00000             2.01279             0.27811             1.68516             0.30967          1461.37074             3.34724             1.64902       6       1
   10000       2       1       2      12       5     467       6       6      29      94       7      10            18.14286             3.00000             2.05747             0.26387             1.71954             0.30628          1406.11395             3.36287             1.74174       1       1
   10000       2       1       2      12       5     467       6       6      30      91       6       6            19.83333             3.16667             2.16996             0.23061             1.77938             0.29821           970.88252             3.31259             1.54328       1       6
