   10000       2       2       2       2       5     514       6       6       0     514      36       0            21.69444             3.13889             2.30008             0.22645             1.65036             0.33603           860.60524             3.60649             2.37765       0       0
   10000       2       2       2       2       5     514       6       6       1     499      35      25            21.91429             3.22857             2.29861             0.22390             1.66692             0.33308           854.82638             3.59368             2.36983       2       3
   10000       2       2       2       2       5     514       6       6       2     492      34      20            22.05882             3.32353             2.30076             0.22472             1.68865             0.33100           855.74880             3.61237             2.32572       1       2
   10000       2       2       2       2       5     514       6       6       3     478      33      21            22.33333             3.36364             2.31102             0.22347             1.70775             0.33875           842.82122             3.62147             2.33321       3       6
   10000       2       2       2       2       5     514       6       6       4     466      32      29            22.78125             3.34375             2.32914             0.22057             1.70631             0.35026           823.17757             3.63155             2.36866       1       4
   10000       2       2       2       2       5     514       6       6       5     448      31      40            22.45161             3.32258             2.30043             0.21936             1.69727             0.34872           821.93577             3.66124             2.32871       2       1
   10000       2       2       2       2       5     514       6       6       6     428      30      26            22.30000             3.33333             2.30582             0.22139             1.69597             0.34890           827.15129             3.67302             2.33814       1       1
   10000       2       2       2       2       5     514       6       6       7     417      29      24            22.86207             3.37931             2.30969             0.21563             1.73312             0.33891           791.55445             3.67959             2.38578       5       1
   10000       2       2       2       2       5     514       6       6       8     405      28      26            22.67857             3.32143             2.29590             0.21622             1.73119             0.33659           793.96868             3.69342             2.36228       1       3
   10000       2       2       2       2       5     514       6       6       9     392      27      22            22.62963             3.25926             2.33342             0.22017             1.71039             0.34832           793.66490             3.71430             2.31174       4       6
   10000       2       2       2       2       5     514       6       6      10     384      26      19            23.46154             3.26923             2.37035             0.21559             1.72737             0.35873           758.07834             3.74676             2.34177       6       4
   10000       2       2       2       2       5     514       6       6      11     373      25      19            24.04000             3.16000             2.38645             0.21252             1.73037             0.36898           749.34910             3.72817             2.37193       5       4
   10000       2       2       2       2       5     514       6       6      12     361      24      23            24.16667             3.20833             2.42614             0.21523             1.73096             0.38906           739.90011             3.78212             2.34591       4       1
   10000       2       2       2       2       5     514       6       6      13     345      23      33            24.00000             3.30435             2.39059             0.21236             1.73685             0.38095           745.71964             3.80026             2.29961       6       2
   10000       2       2       2       2       5     514       6       6      14     337      22      21            24.04545             3.31818             2.41236             0.21434             1.75663             0.38232           747.05106             3.80301             2.23020       1       6
   10000       2       2       2       2       5     514       6       6      15     325      21      27            24.52381             3.47619             2.38733             0.20880             1.79071             0.39452           740.15424             3.82222             2.23046       5       2
   10000       2       2       2       2       5     514       6       6      16     313      20      27            24.45000             3.55000             2.37387             0.20839             1.79859             0.38716           746.75243             3.78712             2.13360       6       5
   10000       2       2       2       2       5     514       6       6      17     299      19      28            24.36842             3.52632             2.33813             0.20563             1.78374             0.38302           746.34303             3.76276             2.12666       2       4
   10000       2       2       2       2       5     514       6       6      18     285      18      21            24.33333             3.55556             2.35950             0.20815             1.78494             0.38672           737.95367             3.82963             2.08352       5       6
   10000       2       2       2       2       5     514       6       6      19     275      17      21            24.70588             3.52941             2.37213             0.20688             1.78994             0.38499           725.25734             3.82452             2.04462       5       5
   10000       2       2       2       2       5     514       6       6      20     265      16      17            24.93750             3.43750             2.40333             0.20823             1.78511             0.38335           727.85457             3.82438             2.01322       1       5
   10000       2       2       2       2       5     514       6       6      21     251      15      22            25.06667             3.53333             2.38685             0.20589             1.79119             0.37774           715.87741             3.79666             2.02752       6       6
   10000       2       2       2       2       5     514       6       6      22     235      14      23            25.00000             3.28571             2.39491             0.20752             1.78441             0.37293           720.86383             3.80114             2.04326       5       3
   10000       2       2       2       2       5     514       6       6      23     214      13      36            25.00000             3.38462             2.43429             0.21149             1.79469             0.38072           713.95714             3.82044             2.02742       3       5
   10000       2       2       2       2       5     514       6       6      24     200      12      28            24.50000             3.41667             2.35424             0.20982             1.82805             0.38296           733.56357             3.80175             1.97905       2       6
   10000       2       2       2       2       5     514       6       6      25     181      11      20            24.90909             3.45455             2.37447             0.20809             1.81932             0.39563           735.77769             3.75031             2.06396       2       5
   10000       2       2       2       2       5     514       6       6      26     170      10      16            25.80000             3.40000             2.40066             0.20085             1.80407             0.39162           700.00089             3.75126             2.04842       6       1
   10000       2       2       2       2       5     514       6       6      27     152       9      25            25.66667             3.33333             2.43721             0.20619             1.77128             0.38308           714.16784             3.75979             2.04020       4       5
   10000       2       2       2       2       5     514       6       6      28     136       8      20            25.75000             3.37500             2.46199             0.20673             1.77455             0.38189           701.25813             3.82797             2.03189       3       1
   10000       2       2       2       2       5     514       6       6      29     128       7      19            26.71429             3.42857             2.43957             0.19485             1.77409             0.37295           689.14423             3.74791             1.97903       6       3
   10000       2       2       2       2       5     514       6       6      30     112       6      20            27.66667             3.33333             2.41015             0.18272             1.72459             0.37621           669.24602             3.77977             2.04675       2       2
