   10000       2       2       2       8       9     514       6       6       0     514      36       0            21.69444             3.13889             2.30008             0.22645             1.65036             0.33603           860.60524             3.60649             2.37765       0       0
   10000       2       2       2       8       9     514       6       6       1     505      35      23            22.00000             3.14286             2.32254             0.22454             1.66623             0.33713           848.99857             3.60531             2.34056       6       3
   10000       2       2       2       8       9     514       6       6       2     490      34      21            22.52941             3.35294             2.34655             0.22157             1.70671             0.34362           821.47408             3.61123             2.39567       1       4
   10000       2       2       2       8       9     514       6       6       3     473      33      26            22.63636             3.30303             2.36114             0.22176             1.69946             0.34553           820.09429             3.62150             2.40983       2       5
   10000       2       2       2       8       9     514       6       6       4     457      32      28            22.75000             3.28125             2.33636             0.21889             1.71957             0.34642           819.31251             3.62617             2.40976       2       3
   10000       2       2       2       8       9     514       6       6       5     444      31      18            23.22581             3.16129             2.36151             0.21891             1.71592             0.36140           814.42331             3.63500             2.43989       5       4
   10000       2       2       2       8       9     514       6       6       6     431      30      29            22.93333             3.16667             2.37006             0.22255             1.71081             0.35342           821.65271             3.63821             2.39465       1       3
   10000       2       2       2       8       9     514       6       6       7     424      29      16            22.96552             3.20690             2.37994             0.22377             1.71801             0.35404           832.12817             3.62660             2.33027       1       5
   10000       2       2       2       8       9     514       6       6       8     409      28      24            23.03571             3.17857             2.36954             0.22218             1.71658             0.37555           826.95106             3.64993             2.31952       3       5
   10000       2       2       2       8       9     514       6       6       9     394      27      24            23.40741             3.14815             2.39753             0.22162             1.71733             0.38216           810.67673             3.66581             2.33227       5       6
   10000       2       2       2       8       9     514       6       6      10     384      26      27            24.19231             3.15385             2.40570             0.21366             1.74422             0.38690           782.49213             3.66439             2.40164       5       2
   10000       2       2       2       8       9     514       6       6      11     374      25      17            24.36000             3.12000             2.39378             0.21115             1.75994             0.38298           775.93053             3.66047             2.38430       1       6
   10000       2       2       2       8       9     514       6       6      12     361      24      20            24.91667             3.16667             2.41161             0.20695             1.76339             0.37880           754.70210             3.65894             2.37634       4       4
   10000       2       2       2       8       9     514       6       6      13     346      23      24            24.91304             3.17391             2.41416             0.20716             1.77132             0.38038           759.17205             3.66578             2.35161       4       6
   10000       2       2       2       8       9     514       6       6      14     339      22      18            25.04545             3.18182             2.39920             0.20497             1.78685             0.39145           745.55689             3.68775             2.30900       3       6
   10000       2       2       2       8       9     514       6       6      15     321      21      20            25.19048             3.19048             2.40137             0.20354             1.77589             0.39472           747.30923             3.65575             2.35142       2       6
   10000       2       2       2       8       9     514       6       6      16     313      20      22            25.05000             3.15000             2.41458             0.20543             1.77692             0.39731           755.33874             3.69056             2.25493       6       1
   10000       2       2       2       8       9     514       6       6      17     302      19      21            25.52632             3.10526             2.40701             0.20102             1.77099             0.38888           743.00152             3.72838             2.23664       2       2
   10000       2       2       2       8       9     514       6       6      18     291      18      26            25.55556             3.11111             2.37669             0.19871             1.76511             0.38070           744.77650             3.70997             2.21504       6       2
   10000       2       2       2       8       9     514       6       6      19     275      17      28            25.23529             3.17647             2.38323             0.20214             1.76016             0.38835           763.07552             3.69983             2.18041       6       5
   10000       2       2       2       8       9     514       6       6      20     259      16      20            25.50000             3.18750             2.39657             0.20060             1.76684             0.39952           749.85120             3.73168             2.12360       3       1
   10000       2       2       2       8       9     514       6       6      21     240      15      31            25.20000             3.20000             2.35735             0.19887             1.76760             0.39124           752.07255             3.75560             2.11298       2       1
   10000       2       2       2       8       9     514       6       6      22     227      14      21            25.42857             3.21429             2.34534             0.19577             1.76818             0.38812           743.02235             3.72683             2.09903       6       4
   10000       2       2       2       8       9     514       6       6      23     217      13      28            25.92308             3.23077             2.40807             0.19717             1.78197             0.39397           729.57662             3.74970             1.93442       3       3
   10000       2       2       2       8       9     514       6       6      24     200      12      25            25.75000             3.16667             2.35177             0.19378             1.77846             0.40452           731.78348             3.81644             1.89252       4       1
   10000       2       2       2       8       9     514       6       6      25     185      11      24            25.90909             3.18182             2.37253             0.19463             1.77018             0.41271           707.02296             3.84870             1.88705       5       1
   10000       2       2       2       8       9     514       6       6      26     176      10      27            25.50000             3.20000             2.39201             0.19925             1.76875             0.43619           696.88436             3.91231             1.76078       3       4
   10000       2       2       2       8       9     514       6       6      27     164       9      32            25.55556             3.22222             2.41908             0.20066             1.80445             0.43334           692.76232             3.94112             1.63401       4       2
   10000       2       2       2       8       9     514       6       6      28     152       8      25            24.87500             3.25000             2.36682             0.20245             1.82790             0.44272           705.38529             3.89817             1.49445       5       5
   10000       2       2       2       8       9     514       6       6      29     141       7      21            24.71429             3.14286             2.38050             0.20415             1.85006             0.47473           698.23800             3.98211             1.36857       1       2
   10000       2       2       2       8       9     514       6       6      30     119       6      33            22.00000             3.33333             2.29669             0.22389             1.88599             0.49704           775.39312             4.01920             1.21466       4       3
