   10000       2       1       2       8      10     504       6       6       0     504      36       0            21.11111             2.88889             2.22961             0.22955             1.55904             0.32370           873.83773             3.92412             2.46365       0       0
   10000       2       1       2       8      10     504       6       6       1     492      35      24            21.14286             2.88571             2.22994             0.23000             1.55856             0.32586           877.02980             3.90377             2.45034       5       6
   10000       2       1       2       8      10     504       6       6       2     477      34      22            21.20588             2.91176             2.25811             0.23244             1.56207             0.33701           875.41637             3.91824             2.43125       3       6
   10000       2       1       2       8      10     504       6       6       3     463      33      22            21.39394             2.96970             2.27002             0.22995             1.56295             0.34145           849.84447             3.90435             2.40779       4       2
   10000       2       1       2       8      10     504       6       6       4     449      32      28            21.31250             2.93750             2.27016             0.23122             1.55556             0.34718           853.81794             3.89483             2.40191       6       5
   10000       2       1       2       8      10     504       6       6       5     433      31      22            21.35484             2.93548             2.28594             0.23330             1.55483             0.35220           857.86568             3.92923             2.37920       4       1
   10000       2       1       2       8      10     504       6       6       6     411      30      23            21.10000             2.96667             2.23753             0.23054             1.55998             0.34538           864.60826             3.96807             2.41083       4       6
   10000       2       1       2       8      10     504       6       6       7     394      29      22            21.03448             2.86207             2.22780             0.23111             1.53440             0.33249           865.51795             3.97395             2.38746       3       3
   10000       2       1       2       8      10     504       6       6       8     377      28      29            21.03571             2.85714             2.22406             0.23054             1.53811             0.32063           859.32400             3.99749             2.39142       6       1
   10000       2       1       2       8      10     504       6       6       9     356      27      26            21.03704             2.96296             2.22253             0.23127             1.57779             0.32129           859.48165             3.94815             2.41204       1       4
   10000       2       1       2       8      10     504       6       6      10     343      26      17            21.07692             2.88462             2.20318             0.23105             1.55999             0.33023           868.31727             3.94939             2.39308       4       3
   10000       2       1       2       8      10     504       6       6      11     328      25      28            20.84000             2.84000             2.21125             0.23313             1.53982             0.32586           870.57108             3.99422             2.30661       2       1
   10000       2       1       2       8      10     504       6       6      12     311      24      21            20.87500             2.95833             2.23624             0.23541             1.57944             0.32176           855.13664             4.03424             2.33406       6       4
   10000       2       1       2       8      10     504       6       6      13     304      23      19            21.17391             2.91304             2.25854             0.23630             1.58145             0.33663           853.79662             4.01372             2.26302       3       4
   10000       2       1       2       8      10     504       6       6      14     288      22      19            21.27273             2.86364             2.31714             0.23974             1.54956             0.33488           845.50882             4.01138             2.25993       5       5
   10000       2       1       2       8      10     504       6       6      15     272      21      21            21.00000             2.85714             2.30123             0.24565             1.56221             0.34310           869.02371             4.02249             2.26728       3       1
   10000       2       1       2       8      10     504       6       6      16     261      20      23            20.75000             2.90000             2.25000             0.24496             1.58809             0.34206           879.28039             4.00666             2.19578       5       4
   10000       2       1       2       8      10     504       6       6      17     258      19      22            20.73684             2.94737             2.19864             0.24098             1.59860             0.34105           898.72507             3.97224             2.05596       1       2
   10000       2       1       2       8      10     504       6       6      18     247      18      17            20.83333             2.94444             2.23334             0.24507             1.59317             0.34343           899.51016             3.91087             1.98706       2       2
   10000       2       1       2       8      10     504       6       6      19     226      17      23            20.35294             2.94118             2.20453             0.24697             1.60128             0.34461           899.16857             3.99917             1.98994       5       1
   10000       2       1       2       8      10     504       6       6      20     204      16      28            19.12500             2.87500             2.12963             0.25407             1.61192             0.35436           958.97183             4.03023             1.90442       6       2
   10000       2       1       2       8      10     504       6       6      21     196      15      19            18.86667             2.86667             2.12601             0.25757             1.59222             0.35529           979.31034             4.01438             1.78589       1       5
   10000       2       1       2       8      10     504       6       6      22     182      14      19            18.92857             2.85714             2.14056             0.25769             1.57343             0.34877           966.98331             4.07296             1.77564       1       3
   10000       2       1       2       8      10     504       6       6      23     172      13      16            18.69231             2.84615             2.14610             0.26254             1.56867             0.34704           966.99478             4.02273             1.70584       6       3
   10000       2       1       2       8      10     504       6       6      24     155      12      20            18.08333             2.83333             2.14746             0.27137             1.60074             0.35716           993.25614             4.06662             1.69278       1       6
   10000       2       1       2       8      10     504       6       6      25     139      11      22            17.36364             2.81818             2.10604             0.28427             1.53739             0.36257          1043.58391             4.13038             1.63011       5       2
   10000       2       1       2       8      10     504       6       6      26     126      10      19            16.70000             2.80000             2.08019             0.29525             1.55009             0.37173          1078.74910             4.13408             1.55871       2       3
   10000       2       1       2       8      10     504       6       6      27     116       9      16            16.44444             2.66667             2.10187             0.30393             1.50156             0.36048          1097.70852             4.24268             1.47146       4       4
   10000       2       1       2       8      10     504       6       6      28      99       8      20            15.37500             2.75000             2.08009             0.31914             1.48993             0.34087          1109.31684             4.43009             1.44223       2       6
   10000       2       1       2       8      10     504       6       6      29      81       7      26            12.71429             3.00000             1.92778             0.34585             1.53471             0.30734          1265.58925             4.59446             1.18631       3       5
   10000       2       1       2       8      10     504       6       6      30      75       6      12            12.50000             2.83333             1.96189             0.35989             1.49143             0.32627          1327.90828             4.39888             1.00000       2       5
