   10000       2       1       2       7       1     467       6       6       0     467      36       0            20.41667             3.19444             2.11294             0.23015             1.72272             0.31714           954.81477             3.61434             2.49732       0       0
   10000       2       1       2       7       1     467       6       6       1     446      35      26            20.25714             3.17143             2.10357             0.23138             1.73315             0.31626           967.96341             3.59669             2.49108       6       4
   10000       2       1       2       7       1     467       6       6       2     435      34      27            20.11765             3.11765             2.07876             0.23050             1.72827             0.30987           980.04222             3.59778             2.45013       6       2
   10000       2       1       2       7       1     467       6       6       3     426      33      14            20.30303             3.09091             2.11710             0.23143             1.71983             0.33238           980.27243             3.56789             2.45590       6       5
   10000       2       1       2       7       1     467       6       6       4     412      32      24            20.28125             3.18750             2.09117             0.22794             1.71646             0.33832           975.92174             3.55237             2.42817       3       2
   10000       2       1       2       7       1     467       6       6       5     403      31      20            20.45161             3.16129             2.07741             0.22412             1.71058             0.33289           971.47888             3.56670             2.42808       5       4
   10000       2       1       2       7       1     467       6       6       6     388      30      26            20.43333             3.23333             2.09480             0.22509             1.70417             0.32939           961.54320             3.55340             2.39174       1       4
   10000       2       1       2       7       1     467       6       6       7     377      29      22            20.17241             3.10345             2.08904             0.22738             1.68690             0.33153           979.59490             3.56002             2.32982       4       2
   10000       2       1       2       7       1     467       6       6       8     367      28      18            20.07143             3.07143             2.08238             0.22828             1.68012             0.31789           979.34423             3.58904             2.25342       2       2
   10000       2       1       2       7       1     467       6       6       9     351      27      30            19.44444             3.14815             2.06669             0.23432             1.67387             0.32869          1010.72534             3.57723             2.18068       5       1
   10000       2       1       2       7       1     467       6       6      10     338      26      20            19.34615             3.15385             2.08227             0.23775             1.67451             0.33786          1029.63832             3.55631             2.13885       1       3
   10000       2       1       2       7       1     467       6       6      11     321      25      24            19.52000             3.08000             2.05768             0.23413             1.67342             0.33511          1020.77327             3.57203             2.16127       3       5
   10000       2       1       2       7       1     467       6       6      12     307      24      22            19.54167             3.04167             2.06799             0.23144             1.63502             0.33762           985.76973             3.61031             2.11598       2       5
   10000       2       1       2       7       1     467       6       6      13     302      23      10            20.04348             3.08696             2.10769             0.23062             1.66036             0.33546           968.91293             3.55906             2.07585       2       3
   10000       2       1       2       7       1     467       6       6      14     288      22      24            20.45455             3.09091             2.12381             0.22744             1.67657             0.34968           955.21083             3.55211             2.06049       4       5
   10000       2       1       2       7       1     467       6       6      15     279      21      22            20.33333             3.00000             2.12206             0.22920             1.66090             0.35200           956.03022             3.57183             1.98820       2       1
   10000       2       1       2       7       1     467       6       6      16     272      20      24            19.85000             3.00000             2.09246             0.23287             1.66026             0.35566           975.77545             3.58994             1.85698       5       3
   10000       2       1       2       7       1     467       6       6      17     262      19      17            20.00000             3.00000             2.08743             0.23093             1.66439             0.36371           977.05569             3.53192             1.83273       2       4
   10000       2       1       2       7       1     467       6       6      18     247      18      14            20.22222             3.05556             2.07965             0.22597             1.68739             0.35994           958.57189             3.52952             1.87981       6       1
   10000       2       1       2       7       1     467       6       6      19     233      17      21            19.94118             2.88235             2.06127             0.22966             1.65510             0.36810           992.66531             3.52647             1.85607       3       1
   10000       2       1       2       7       1     467       6       6      20     224      16      19            19.75000             2.87500             2.07472             0.23246             1.63798             0.36807           989.09716             3.54824             1.75091       4       6
   10000       2       1       2       7       1     467       6       6      21     222      15      13            20.13333             3.00000             2.05708             0.22421             1.68397             0.34108           943.94993             3.57281             1.65724       1       6
   10000       2       1       2       7       1     467       6       6      22     205      14      21            19.57143             3.00000             2.06023             0.23073             1.65298             0.34516           974.71762             3.58195             1.55522       4       3
   10000       2       1       2       7       1     467       6       6      23     193      13      12            20.23077             3.00000             2.09770             0.22544             1.66209             0.33500           939.21794             3.56707             1.61074       4       1
   10000       2       1       2       7       1     467       6       6      24     175      12      23            19.41667             2.91667             2.08499             0.23289             1.63771             0.30461           980.57518             3.61270             1.55653       4       4
   10000       2       1       2       7       1     467       6       6      25     159      11      23            18.54545             2.90909             2.07693             0.24432             1.63186             0.32604          1028.09587             3.64353             1.49659       3       6
   10000       2       1       2       7       1     467       6       6      26     142      10      16            18.60000             2.90000             2.07510             0.24376             1.61327             0.34508          1040.40087             3.64918             1.54111       5       2
   10000       2       1       2       7       1     467       6       6      27     133       9      13            19.00000             3.00000             2.11333             0.24135             1.66500             0.33463          1004.76423             3.55936             1.46969       6       6
   10000       2       1       2       7       1     467       6       6      28     117       8      15            19.25000             2.87500             2.09282             0.23429             1.63842             0.33378           995.21154             3.59148             1.51931       2       6
   10000       2       1       2       7       1     467       6       6      29      95       7      22            18.85714             2.71429             2.07361             0.23746             1.58677             0.33385          1006.32919             3.68594             1.59349       1       5
   10000       2       1       2       7       1     467       6       6      30      78       6      17            19.16667             2.83333             2.11529             0.23904             1.63248             0.31657           990.44207             3.73077             1.69241       6       3
