   10000       2       2       2       9       9     525       6       6       0     525      36       0            21.69444             2.91667             2.24134             0.22026             1.60306             0.30909           825.34604             4.00950             2.38234       0       0
   10000       2       2       2       9       9     525       6       6       1     514      35      20            22.48571             2.97143             2.31136             0.21897             1.62781             0.32534           801.04554             4.02147             2.43622       3       2
   10000       2       2       2       9       9     525       6       6       2     496      34      24            22.70588             3.00000             2.32276             0.21821             1.62494             0.33853           792.35990             4.04295             2.46728       2       3
   10000       2       2       2       9       9     525       6       6       3     478      33      28            22.90909             2.96970             2.34062             0.21753             1.62542             0.34455           770.18569             4.06520             2.47109       6       4
   10000       2       2       2       9       9     525       6       6       4     470      32      19            23.34375             3.09375             2.32633             0.21212             1.63638             0.32759           761.18405             4.04984             2.44464       2       4
   10000       2       2       2       9       9     525       6       6       5     450      31      28            23.35484             3.06452             2.35443             0.21424             1.63047             0.33233           757.67168             4.07478             2.45161       5       3
   10000       2       2       2       9       9     525       6       6       6     431      30      21            23.33333             3.06667             2.34285             0.21304             1.64249             0.34730           756.24172             4.08204             2.46304       1       6
   10000       2       2       2       9       9     525       6       6       7     411      29      23            23.44828             3.06897             2.35105             0.21298             1.66414             0.35010           751.66788             4.05904             2.50232       2       5
   10000       2       2       2       9       9     525       6       6       8     400      28      18            24.35714             3.10714             2.35115             0.20616             1.65896             0.36884           726.72574             4.08496             2.55126       4       5
   10000       2       2       2       9       9     525       6       6       9     385      27      28            24.22222             3.11111             2.36118             0.20865             1.67658             0.36926           735.21734             4.08888             2.51338       6       2
   10000       2       2       2       9       9     525       6       6      10     368      26      28            23.80769             3.07692             2.36642             0.21445             1.66991             0.36240           742.04893             4.11486             2.43620       6       5
   10000       2       2       2       9       9     525       6       6      11     352      25      22            23.96000             3.08000             2.38788             0.21363             1.66951             0.36452           725.26944             4.12045             2.42692       4       6
   10000       2       2       2       9       9     525       6       6      12     338      24      26            24.08333             3.16667             2.36051             0.21268             1.68872             0.37645           734.30784             4.10725             2.39486       4       1
   10000       2       2       2       9       9     525       6       6      13     328      23      28            24.34783             3.13043             2.38366             0.21309             1.70311             0.36831           729.88190             4.14136             2.37741       5       2
   10000       2       2       2       9       9     525       6       6      14     317      22      23            24.36364             3.18182             2.38717             0.21430             1.71004             0.35928           733.19637             4.13493             2.34239       1       5
   10000       2       2       2       9       9     525       6       6      15     299      21      33            24.52381             3.23810             2.37614             0.21183             1.72773             0.36421           723.64014             4.15568             2.33395       2       1
   10000       2       2       2       9       9     525       6       6      16     288      20      20            24.65000             3.20000             2.37125             0.21040             1.71260             0.36524           721.12683             4.17993             2.32144       6       3
   10000       2       2       2       9       9     525       6       6      17     275      19      33            24.26316             3.15789             2.36960             0.21507             1.69988             0.35711           728.54737             4.25247             2.24946       1       3
   10000       2       2       2       9       9     525       6       6      18     266      18      28            23.83333             3.11111             2.34634             0.21559             1.72546             0.36636           749.91568             4.28803             2.17931       1       2
   10000       2       2       2       9       9     525       6       6      19     254      17      29            23.58824             3.11765             2.28951             0.21387             1.71041             0.36407           752.91473             4.32617             2.08326       4       2
   10000       2       2       2       9       9     525       6       6      20     243      16      23            23.56250             3.25000             2.30307             0.21809             1.73359             0.35931           757.91253             4.41364             2.01562       5       6
   10000       2       2       2       9       9     525       6       6      21     232      15      32            23.20000             3.26667             2.30293             0.22116             1.74429             0.36810           767.03133             4.43533             1.89926       3       6
   10000       2       2       2       9       9     525       6       6      22     215      14      29            22.42857             3.28571             2.21930             0.22153             1.76148             0.37222           791.40078             4.50239             1.87497       6       1
   10000       2       2       2       9       9     525       6       6      23     208      13      16            22.92308             3.23077             2.19463             0.21267             1.75339             0.38034           768.68860             4.51708             1.84285       3       1
   10000       2       2       2       9       9     525       6       6      24     200      12      28            22.50000             3.25000             2.16963             0.21479             1.79329             0.37450           782.99400             4.62691             1.69817       4       3
   10000       2       2       2       9       9     525       6       6      25     191      11      25            22.27273             3.18182             2.23488             0.22497             1.78570             0.37612           805.92450             4.67485             1.56231       5       4
   10000       2       2       2       9       9     525       6       6      26     182      10      20            22.80000             3.20000             2.23452             0.22263             1.82679             0.36606           832.17515             4.69686             1.51326       3       5
   10000       2       2       2       9       9     525       6       6      27     169       9      16            23.66667             3.11111             2.27175             0.21785             1.80917             0.38255           802.49974             4.72192             1.51999       1       4
   10000       2       2       2       9       9     525       6       6      28     155       8      17            24.50000             3.12500             2.27273             0.20994             1.82035             0.37982           799.32954             4.58885             1.49124       2       6
   10000       2       2       2       9       9     525       6       6      29     131       7      25            24.42857             3.00000             2.30027             0.21517             1.80064             0.39241           806.22641             4.74015             1.54975       5       1
   10000       2       2       2       9       9     525       6       6      30     116       6      35            21.83333             3.00000             2.23388             0.22970             1.83234             0.41204           870.77072             4.95736             1.26200       3       4
