   10000       2       2       1       1       7     503       6       6       0     503      36       0            22.55556             3.00000             2.29326             0.21934             1.68768             0.35119           834.45788             3.74064             2.54979       0       0
   10000       2       2       1       1       7     503       6       6       1     495      35      21            23.22857             3.00000             2.31290             0.21415             1.69886             0.35566           804.44858             3.75231             2.59437       4       2
   10000       2       2       1       1       7     503       6       6       2     486      34      27            23.55882             3.00000             2.29966             0.20873             1.71589             0.35435           787.97956             3.71389             2.55076       3       3
   10000       2       2       1       1       7     503       6       6       3     474      33      22            24.00000             3.03030             2.32515             0.20758             1.73814             0.35267           770.71014             3.74577             2.58418       6       4
   10000       2       2       1       1       7     503       6       6       4     460      32      22            23.93750             3.09375             2.33687             0.20889             1.75822             0.35346           770.73551             3.78428             2.56865       2       6
   10000       2       2       1       1       7     503       6       6       5     453      31      26            24.32258             3.09677             2.33881             0.20364             1.78715             0.36090           744.65724             3.78817             2.54880       3       1
   10000       2       2       1       1       7     503       6       6       6     438      30      33            24.53333             3.13333             2.37380             0.20666             1.77830             0.36721           739.80311             3.80633             2.55688       6       3
   10000       2       2       1       1       7     503       6       6       7     424      29      27            24.51724             3.20690             2.35848             0.20662             1.78209             0.37521           745.00348             3.82709             2.55596       6       5
   10000       2       2       1       1       7     503       6       6       8     417      28      27            24.89286             3.17857             2.36909             0.20468             1.78897             0.37082           723.78279             3.87262             2.56498       5       2
   10000       2       2       1       1       7     503       6       6       9     402      27      28            24.70370             3.14815             2.36650             0.20530             1.79169             0.37016           728.43312             3.88755             2.53026       4       1
   10000       2       2       1       1       7     503       6       6      10     395      26      18            25.11538             3.15385             2.39402             0.20403             1.80068             0.37681           707.67917             3.89256             2.50965       1       6
   10000       2       2       1       1       7     503       6       6      11     372      25      25            24.92000             3.20000             2.35623             0.20279             1.79878             0.37633           713.20664             3.97238             2.63925       3       4
   10000       2       2       1       1       7     503       6       6      12     342      24      32            24.50000             3.20833             2.32776             0.20237             1.78638             0.38450           717.68194             3.99126             2.65103       5       4
   10000       2       2       1       1       7     503       6       6      13     329      23      12            25.04348             3.21739             2.35421             0.19892             1.82919             0.38104           697.15224             3.93744             2.63334       1       1
   10000       2       2       1       1       7     503       6       6      14     311      22      26            25.09091             3.18182             2.32483             0.19720             1.82703             0.38661           696.10502             3.94373             2.65035       3       6
   10000       2       2       1       1       7     503       6       6      15     304      21      11            25.71429             3.09524             2.37110             0.19688             1.82599             0.39756           688.69444             3.85649             2.49914       2       4
   10000       2       2       1       1       7     503       6       6      16     293      20      24            25.70000             3.15000             2.37253             0.19721             1.81589             0.39461           687.32165             3.86843             2.42409       1       5
   10000       2       2       1       1       7     503       6       6      17     281      19      24            25.84211             3.10526             2.36384             0.19554             1.81943             0.39295           683.36052             3.89225             2.42293       6       2
   10000       2       2       1       1       7     503       6       6      18     273      18      31            25.55556             3.11111             2.35354             0.19783             1.84615             0.38678           700.65418             3.88118             2.34494       2       2
   10000       2       2       1       1       7     503       6       6      19     247      17      40            24.35294             3.11765             2.31978             0.20332             1.83409             0.38228           723.75136             3.93492             2.28774       5       3
   10000       2       2       1       1       7     503       6       6      20     235      16      25            24.25000             3.18750             2.30748             0.20364             1.85080             0.37038           728.15462             3.96206             2.26553       5       1
   10000       2       2       1       1       7     503       6       6      21     227      15      26            25.13333             3.40000             2.29163             0.19569             1.93115             0.35536           701.67971             3.99107             2.27069       4       6
   10000       2       2       1       1       7     503       6       6      22     218      14      17            25.57143             3.35714             2.30226             0.19157             1.91822             0.36732           689.25203             3.95348             2.19782       2       1
   10000       2       2       1       1       7     503       6       6      23     209      13      22            26.07692             3.46154             2.36740             0.19312             1.92865             0.37302           664.12933             3.95916             2.14319       1       4
   10000       2       2       1       1       7     503       6       6      24     199      12      30            25.50000             3.66667             2.38689             0.19844             1.94433             0.37853           670.10406             4.03211             1.97621       4       5
   10000       2       2       1       1       7     503       6       6      25     190      11      21            25.63636             3.81818             2.37779             0.19661             1.97724             0.36038           665.47208             3.99132             1.85568       1       2
   10000       2       2       1       1       7     503       6       6      26     178      10      29            25.60000             3.70000             2.36087             0.19536             1.97404             0.36036           670.88447             4.00506             1.77548       3       5
   10000       2       2       1       1       7     503       6       6      27     158       9      27            25.44444             3.77778             2.33834             0.19500             2.02095             0.36305           664.89864             3.87701             1.75165       2       5
   10000       2       2       1       1       7     503       6       6      28     145       8      18            26.37500             3.75000             2.35589             0.18726             1.99416             0.37167           651.71964             3.84146             1.75801       3       2
   10000       2       2       1       1       7     503       6       6      29     134       7      25            26.57143             3.71429             2.39304             0.18891             1.97469             0.38957           639.89126             3.89164             1.65327       4       4
   10000       2       2       1       1       7     503       6       6      30     125       6      27            27.66667             3.66667             2.45379             0.18776             1.93862             0.38071           614.76123             3.97823             1.54828       6       6
   10000       2       2       1       1       7     503       6       6      31     108       5      24            28.40000             3.80000             2.47477             0.18477             1.94373             0.35251           599.37288             3.98215             1.50919       4       3
   10000       2       2       1       1       7     503       6       6      32      85       4      23            29.50000             3.75000             2.50167             0.17866             1.91691             0.35289           584.61556             4.09262             1.60346       6       1
   10000       2       2       1       1       7     503       6       6      33      70       3      27            29.33333             4.00000             2.51886             0.18572             2.00977             0.40580           614.53231             4.12814             1.41007       2       3
   10000       2       2       1       1       7     503       6       6      34      52       2      30            26.50000             3.50000             2.51466             0.20401             1.91667             0.41190           714.73551             4.41043             1.04048       5       6
   10000       2       2       1       1       7     503       6       6      35      22       1      31            22.00000             3.00000             2.54545             0.24242             1.66667             0.52381           831.60905             5.06505             1.00000       5       5
   10000       2       2       1       1       7     503       6       6      36       0       0      22             0.00000             0.00000             0.00000             0.00000             0.00000             0.00000             0.00000             0.00000             0.00000       1       3
