   10000       2       2       2       2       5     535       6       6       0     535      36       0            22.11111             3.11111             2.31878             0.22761             1.62375             0.35631           910.11748             3.38373             2.28553       0       0
   10000       2       2       2       2       5     535       6       6       1     524      35      18            22.60000             3.14286             2.36902             0.22524             1.65169             0.36127           871.83722             3.39479             2.31554       1       1
   10000       2       2       2       2       5     535       6       6       2     513      34      26            22.88235             3.08824             2.36877             0.22301             1.66502             0.37467           863.58165             3.37516             2.31961       6       3
   10000       2       2       2       2       5     535       6       6       3     497      33      24            23.18182             3.09091             2.39385             0.22173             1.67167             0.38574           858.48406             3.36869             2.33840       5       2
   10000       2       2       2       2       5     535       6       6       4     481      32      23            23.46875             3.06250             2.37963             0.21882             1.68745             0.38446           850.51344             3.38613             2.39699       5       4
   10000       2       2       2       2       5     535       6       6       5     471      31      22            23.35484             3.19355             2.36241             0.21858             1.71948             0.37391           867.91296             3.35975             2.33626       6       1
   10000       2       2       2       2       5     535       6       6       6     448      30      24            24.10000             3.16667             2.40137             0.21465             1.74646             0.39160           834.10632             3.36580             2.40639       3       5
   10000       2       2       2       2       5     535       6       6       7     436      29      17            24.31034             3.20690             2.42501             0.21440             1.76717             0.40771           818.82368             3.37345             2.39546       6       4
   10000       2       2       2       2       5     535       6       6       8     413      28      27            24.57143             3.25000             2.45022             0.21355             1.77805             0.41826           795.55907             3.42262             2.48712       2       3
   10000       2       2       2       2       5     535       6       6       9     402      27      16            24.88889             3.18519             2.47328             0.21182             1.75038             0.41802           781.54110             3.42650             2.43847       1       3
   10000       2       2       2       2       5     535       6       6      10     391      26      29            25.07692             3.19231             2.43629             0.20564             1.78692             0.41850           764.56616             3.40420             2.45601       2       6
   10000       2       2       2       2       5     535       6       6      11     372      25      32            24.76000             3.24000             2.39802             0.20511             1.79326             0.42604           770.44336             3.40413             2.45744       5       3
   10000       2       2       2       2       5     535       6       6      12     355      24      25            25.00000             3.29167             2.43621             0.20688             1.83162             0.43700           757.89433             3.43033             2.45638       4       1
   10000       2       2       2       2       5     535       6       6      13     338      23      30            24.95652             3.21739             2.41682             0.20591             1.82894             0.42746           758.76665             3.45276             2.45243       5       6
   10000       2       2       2       2       5     535       6       6      14     328      22      30            25.36364             3.36364             2.39564             0.20259             1.85872             0.41609           753.82134             3.46594             2.40880       4       5
   10000       2       2       2       2       5     535       6       6      15     323      21      15            25.76190             3.33333             2.42230             0.19935             1.88113             0.42642           752.17652             3.43825             2.33481       1       6
   10000       2       2       2       2       5     535       6       6      16     306      20      27            25.20000             3.50000             2.41144             0.20365             1.90202             0.42175           769.64325             3.44814             2.24058       2       4
   10000       2       2       2       2       5     535       6       6      17     294      19      23            25.21053             3.52632             2.38745             0.20173             1.88962             0.42731           761.82736             3.48315             2.20829       3       1
   10000       2       2       2       2       5     535       6       6      18     275      18      20            24.55556             3.44444             2.38136             0.20697             1.89218             0.40294           784.62076             3.50634             2.14632       2       2
   10000       2       2       2       2       5     535       6       6      19     261      17      18            24.35294             3.29412             2.37709             0.20827             1.87220             0.42370           800.11063             3.51008             2.12780       1       4
   10000       2       2       2       2       5     535       6       6      20     250      16      29            24.06250             3.37500             2.34850             0.20836             1.89229             0.42429           801.45043             3.53265             2.07836       2       5
   10000       2       2       2       2       5     535       6       6      21     233      15      24            24.06667             3.40000             2.35488             0.20916             1.90337             0.41759           799.11757             3.51439             2.08514       6       2
   10000       2       2       2       2       5     535       6       6      22     221      14      26            23.57143             3.35714             2.36019             0.21500             1.88075             0.42926           823.48406             3.50872             2.01623       4       6
   10000       2       2       2       2       5     535       6       6      23     207      13      29            22.92308             3.30769             2.33145             0.21813             1.88831             0.40775           838.88535             3.54493             1.95191       6       5
   10000       2       2       2       2       5     535       6       6      24     193      12      21            23.00000             3.25000             2.35714             0.22018             1.85488             0.43061           839.08722             3.58775             1.93746       6       6
   10000       2       2       2       2       5     535       6       6      25     177      11      20            23.27273             3.18182             2.37127             0.21944             1.83578             0.43106           801.26533             3.57571             1.98137       1       5
   10000       2       2       2       2       5     535       6       6      26     160      10      27            22.90000             3.20000             2.34173             0.22088             1.83474             0.43956           817.96256             3.57569             1.95810       1       2
   10000       2       2       2       2       5     535       6       6      27     146       9      19            23.33333             3.33333             2.35631             0.21813             1.88428             0.43284           787.77511             3.59858             1.96307       2       1
   10000       2       2       2       2       5     535       6       6      28     135       8      15            24.37500             3.25000             2.40084             0.20968             1.89660             0.46016           738.17758             3.59073             2.01351       5       1
   10000       2       2       2       2       5     535       6       6      29     119       7      23            24.57143             3.28571             2.37736             0.20632             1.90131             0.43499           743.68876             3.57228             1.99011       5       5
   10000       2       2       2       2       5     535       6       6      30      99       6      21            25.16667             3.33333             2.32121             0.19547             1.95153             0.42415           747.46492             3.46610             2.14159       3       6
