   10000       2       2       2      12       6     467       6       6       0     467      36       0            20.41667             3.19444             2.11294             0.23015             1.72272             0.31714           954.81457             3.61434             2.49732       0       0
   10000       2       2       2      12       6     467       6       6       1     458      35      26            21.00000             3.22857             2.16522             0.22518             1.72577             0.33552           902.26014             3.60043             2.51725       1       4
   10000       2       2       2      12       6     467       6       6       2     442      34      26            20.91176             3.26471             2.15638             0.22547             1.76226             0.33388           896.98611             3.57917             2.50813       1       3
   10000       2       2       2      12       6     467       6       6       3     426      33      26            21.33333             3.24242             2.20895             0.22696             1.76692             0.35484           873.79629             3.58595             2.56581       3       5
   10000       2       2       2      12       6     467       6       6       4     413      32      23            22.00000             3.21875             2.25788             0.22395             1.73856             0.37251           850.74072             3.56932             2.62427       3       2
   10000       2       2       2      12       6     467       6       6       5     408      31      14            22.38710             3.22581             2.24243             0.21820             1.75817             0.37170           831.79017             3.58848             2.61593       1       6
   10000       2       2       2      12       6     467       6       6       6     396      30      22            22.93333             3.20000             2.26338             0.21447             1.76162             0.38471           806.09525             3.57952             2.67410       4       5
   10000       2       2       2      12       6     467       6       6       7     384      29      27            23.06897             3.27586             2.28973             0.21545             1.78690             0.39803           802.09777             3.57524             2.68778       6       2
   10000       2       2       2      12       6     467       6       6       8     371      28      17            22.96429             3.21429             2.27304             0.21420             1.77668             0.40090           801.26873             3.59126             2.65571       6       1
   10000       2       2       2      12       6     467       6       6       9     352      27      32            23.33333             3.22222             2.33558             0.21390             1.79756             0.43005           759.55844             3.57898             2.72522       5       5
   10000       2       2       2      12       6     467       6       6      10     340      26      29            23.69231             3.34615             2.33295             0.21011             1.81924             0.41602           746.44795             3.57736             2.70645       4       4
   10000       2       2       2      12       6     467       6       6      11     338      25      17            23.84000             3.36000             2.33726             0.20876             1.83137             0.43163           756.07714             3.50321             2.56203       2       3
   10000       2       2       2      12       6     467       6       6      12     330      24      23            24.00000             3.25000             2.35744             0.20859             1.81897             0.43318           746.51504             3.51526             2.52983       4       6
   10000       2       2       2      12       6     467       6       6      13     323      23      29            24.65217             3.30435             2.38311             0.20502             1.86382             0.42422           723.25640             3.53517             2.49931       4       2
   10000       2       2       2      12       6     467       6       6      14     318      22      19            24.81818             3.22727             2.40516             0.20617             1.84577             0.43850           718.85498             3.57709             2.41164       3       4
   10000       2       2       2      12       6     467       6       6      15     301      21      27            24.09524             3.23810             2.40359             0.21262             1.84319             0.43924           741.96789             3.56632             2.33863       5       1
   10000       2       2       2      12       6     467       6       6      16     291      20      33            23.80000             3.30000             2.39728             0.21498             1.85365             0.42944           751.99269             3.59645             2.27994       3       6
   10000       2       2       2      12       6     467       6       6      17     283      19      25            24.31579             3.15789             2.42095             0.21269             1.85002             0.44996           728.16845             3.63521             2.27685       2       1
   10000       2       2       2      12       6     467       6       6      18     275      18      24            24.55556             3.27778             2.46267             0.21542             1.87386             0.46065           729.41255             3.67146             2.22541       6       6
   10000       2       2       2      12       6     467       6       6      19     264      17      26            24.47059             3.35294             2.44747             0.21481             1.87558             0.44140           722.44055             3.69704             2.15663       2       2
   10000       2       2       2      12       6     467       6       6      20     252      16      32            24.25000             3.43750             2.44108             0.21672             1.88830             0.43069           732.62531             3.72834             2.07318       6       4
   10000       2       2       2      12       6     467       6       6      21     239      15      25            24.00000             3.60000             2.41275             0.21690             1.88681             0.41914           749.78241             3.73871             2.00682       4       1
   10000       2       2       2      12       6     467       6       6      22     220      14      23            22.78571             3.57143             2.29984             0.21962             1.88512             0.38201           791.88860             3.77545             1.85754       3       3
   10000       2       2       2      12       6     467       6       6      23     208      13      17            22.84615             3.53846             2.31125             0.22023             1.85330             0.38780           800.78525             3.73843             1.78576       4       3
   10000       2       2       2      12       6     467       6       6      24     195      12      20            22.91667             3.58333             2.27622             0.21601             1.88361             0.36550           797.45749             3.75904             1.74692       6       3
   10000       2       2       2      12       6     467       6       6      25     178      11      29            22.81818             3.45455             2.33346             0.22477             1.89074             0.37591           797.38168             3.77333             1.73220       1       5
   10000       2       2       2      12       6     467       6       6      26     162      10      23            22.30000             3.50000             2.26184             0.22358             1.89754             0.40052           825.73212             3.75953             1.66201       5       4
   10000       2       2       2      12       6     467       6       6      27     153       9      17            22.88889             3.55556             2.29673             0.22048             1.93546             0.41725           838.73721             3.66494             1.62064       6       5
   10000       2       2       2      12       6     467       6       6      28     140       8      28            22.00000             3.62500             2.26659             0.22674             1.97251             0.39951           882.82722             3.70137             1.46769       1       2
   10000       2       2       2      12       6     467       6       6      29     131       7      15            23.00000             3.57143             2.34164             0.22483             1.94310             0.41576           839.91837             3.70332             1.44026       1       1
   10000       2       2       2      12       6     467       6       6      30     122       6      16            24.00000             3.50000             2.46339             0.22860             1.97180             0.44621           815.32573             3.76738             1.34755       5       2
