   10000       2       2       2       1       4     546       6       6       0     546      36       0            21.88889             3.11111             2.26232             0.22006             1.62450             0.32094           843.01106             3.63284             2.18994       0       0
   10000       2       2       2       1       4     546       6       6       1     532      35      27            22.02857             3.14286             2.29958             0.22187             1.63899             0.32898           845.05708             3.59360             2.20284       6       5
   10000       2       2       2       1       4     546       6       6       2     519      34      24            22.38235             3.08824             2.33895             0.22203             1.64651             0.33079           826.12663             3.61476             2.21205       2       4
   10000       2       2       2       1       4     546       6       6       3     504      33      16            22.87879             3.12121             2.31364             0.21459             1.66173             0.33095           798.75734             3.59935             2.27469       4       4
   10000       2       2       2       1       4     546       6       6       4     477      32      23            22.75000             3.15625             2.31725             0.21582             1.69192             0.33705           804.97371             3.62179             2.29276       3       1
   10000       2       2       2       1       4     546       6       6       5     458      31      21            23.12903             3.22581             2.32479             0.21299             1.72352             0.34444           787.40604             3.64337             2.33302       5       3
   10000       2       2       2       1       4     546       6       6       6     441      30      16            23.26667             3.23333             2.31986             0.21023             1.72203             0.34509           771.94647             3.67879             2.34751       3       4
   10000       2       2       2       1       4     546       6       6       7     424      29      24            23.44828             3.13793             2.33025             0.20996             1.73418             0.35012           772.73355             3.67635             2.38297       4       3
   10000       2       2       2       1       4     546       6       6       8     417      28      22            23.50000             3.10714             2.34862             0.21128             1.70881             0.35098           775.19019             3.66648             2.32852       4       1
   10000       2       2       2       1       4     546       6       6       9     405      27      24            23.66667             3.18519             2.34707             0.21011             1.72737             0.35069           770.08464             3.68805             2.30472       1       4
   10000       2       2       2       1       4     546       6       6      10     389      26      24            23.61538             3.15385             2.35408             0.21084             1.72596             0.35619           769.88274             3.68855             2.31506       3       3
   10000       2       2       2       1       4     546       6       6      11     366      25      33            23.44000             3.12000             2.35126             0.21202             1.73104             0.35464           769.53150             3.71693             2.31649       5       4
   10000       2       2       2       1       4     546       6       6      12     345      24      28            23.25000             3.08333             2.34834             0.21317             1.70198             0.35515           772.69288             3.72881             2.31978       4       2
   10000       2       2       2       1       4     546       6       6      13     334      23      25            23.26087             3.08696             2.34527             0.21290             1.71783             0.36097           764.66984             3.76178             2.25720       6       2
   10000       2       2       2       1       4     546       6       6      14     328      22      20            23.40909             3.09091             2.34550             0.21153             1.72727             0.36381           761.34791             3.76779             2.17235       5       5
   10000       2       2       2       1       4     546       6       6      15     312      21      30            23.33333             3.14286             2.35210             0.21251             1.71579             0.36486           760.95214             3.78215             2.16310       3       2
   10000       2       2       2       1       4     546       6       6      16     302      20      21            23.60000             3.15000             2.37960             0.21247             1.74127             0.37135           747.77858             3.76715             2.14719       6       6
   10000       2       2       2       1       4     546       6       6      17     290      19      24            24.15789             3.10526             2.38406             0.20830             1.76061             0.38370           729.92055             3.79303             2.13764       3       6
   10000       2       2       2       1       4     546       6       6      18     273      18      27            23.77778             3.16667             2.36035             0.21017             1.77191             0.39067           736.36256             3.81931             2.14719       6       3
   10000       2       2       2       1       4     546       6       6      19     259      17      32            23.70588             3.17647             2.37371             0.21114             1.78348             0.39551           725.64640             3.86271             2.11046       2       6
   10000       2       2       2       1       4     546       6       6      20     247      16      24            23.68750             3.25000             2.42127             0.21554             1.77129             0.40426           728.05610             3.86353             2.06460       4       6
   10000       2       2       2       1       4     546       6       6      21     235      15      28            23.26667             3.26667             2.39350             0.21724             1.78344             0.38778           739.75319             3.90310             1.98230       1       6
   10000       2       2       2       1       4     546       6       6      22     225      14      20            23.71429             3.35714             2.39739             0.21187             1.78969             0.37948           718.43314             3.92201             1.93318       5       2
   10000       2       2       2       1       4     546       6       6      23     212      13      25            23.15385             3.38462             2.34749             0.21374             1.80355             0.38373           746.98055             3.95638             1.88334       5       1
   10000       2       2       2       1       4     546       6       6      24     193      12      19            23.41667             3.41667             2.35177             0.21084             1.82659             0.38555           713.66540             3.96921             1.95208       6       1
   10000       2       2       2       1       4     546       6       6      25     186      11      22            24.00000             3.36364             2.30276             0.20262             1.79862             0.38302           688.12178             4.04084             1.88465       4       5
   10000       2       2       2       1       4     546       6       6      26     169      10      20            24.40000             3.30000             2.31445             0.19969             1.77649             0.38287           680.26041             3.95928             1.94423       6       4
   10000       2       2       2       1       4     546       6       6      27     152       9      22            24.33333             3.33333             2.33815             0.20085             1.75244             0.41595           666.01234             4.01369             1.93696       1       5
   10000       2       2       2       1       4     546       6       6      28     141       8      24            23.87500             3.50000             2.29225             0.20101             1.84262             0.40031           686.88187             4.02869             1.88247       3       5
   10000       2       2       2       1       4     546       6       6      29     119       7      24            23.85714             3.42857             2.26985             0.19941             1.83878             0.40852           680.26101             4.02064             1.98382       2       5
   10000       2       2       2       1       4     546       6       6      30      97       6      22            24.16667             3.50000             2.26179             0.19585             1.82778             0.38931           710.02816             3.93911             2.14778       5       6
