   10000       2       2       2       1       5     508       6       6       0     508      36       0            20.91667             3.02778             2.17896             0.23201             1.65907             0.34872           966.72845             3.87881             2.34215       0       0
   10000       2       2       2       1       5     508       6       6       1     499      35      27            21.62857             3.02857             2.22919             0.22735             1.68375             0.36325           938.64160             3.84127             2.37358       5       2
   10000       2       2       2       1       5     508       6       6       2     485      34      16            22.23529             3.14706             2.22739             0.21979             1.72989             0.34825           872.13534             3.82674             2.42233       3       3
   10000       2       2       2       1       5     508       6       6       3     474      33      21            22.81818             3.09091             2.27115             0.21801             1.72726             0.34987           841.43180             3.79342             2.44033       4       5
   10000       2       2       2       1       5     508       6       6       4     464      32      22            23.25000             3.09375             2.32568             0.21970             1.74920             0.36897           799.89960             3.78100             2.42735       2       4
   10000       2       2       2       1       5     508       6       6       5     447      31      30            23.06452             3.12903             2.33285             0.22139             1.75434             0.37802           795.49540             3.78967             2.41692       6       2
   10000       2       2       2       1       5     508       6       6       6     440      30      21            23.46667             3.20000             2.32656             0.21804             1.79981             0.38048           778.99919             3.80951             2.38851       6       4
   10000       2       2       2       1       5     508       6       6       7     424      29      20            23.37931             3.17241             2.33942             0.22055             1.79279             0.37266           786.43204             3.82197             2.35685       4       4
   10000       2       2       2       1       5     508       6       6       8     415      28      28            23.53571             3.14286             2.35189             0.22074             1.80850             0.38854           769.54991             3.85134             2.31744       3       2
   10000       2       2       2       1       5     508       6       6       9     395      27      30            23.25926             3.07407             2.35930             0.22372             1.76710             0.38904           776.74792             3.88744             2.30931       5       5
   10000       2       2       2       1       5     508       6       6      10     385      26      22            23.11538             3.11538             2.35118             0.22504             1.77391             0.39015           781.85042             3.90471             2.25053       5       4
   10000       2       2       2       1       5     508       6       6      11     373      25      19            23.60000             3.04000             2.39593             0.22537             1.75094             0.40723           756.95011             3.91639             2.27322       4       6
   10000       2       2       2       1       5     508       6       6      12     363      24      13            23.70833             3.12500             2.36370             0.22199             1.77880             0.39033           774.39266             3.77439             2.20771       3       1
   10000       2       2       2       1       5     508       6       6      13     352      23      14            24.43478             3.21739             2.37598             0.21231             1.81599             0.39279           734.97785             3.76434             2.26408       2       5
   10000       2       2       2       1       5     508       6       6      14     341      22      27            24.68182             3.27273             2.37502             0.20978             1.80838             0.38784           725.20831             3.77228             2.23121       4       3
   10000       2       2       2       1       5     508       6       6      15     326      21      20            24.52381             3.23810             2.37672             0.21135             1.79540             0.38978           732.81005             3.80443             2.14516       3       6
   10000       2       2       2       1       5     508       6       6      16     313      20      22            24.35000             3.25000             2.39599             0.21695             1.81438             0.40177           736.30624             3.82494             2.11773       4       2
   10000       2       2       2       1       5     508       6       6      17     298      19      29            24.10526             3.31579             2.34850             0.21705             1.82997             0.41530           746.00356             3.82887             2.10226       6       5
   10000       2       2       2       1       5     508       6       6      18     288      18      21            24.22222             3.33333             2.36280             0.21805             1.85145             0.41933           730.41907             3.86885             2.09445       3       5
   10000       2       2       2       1       5     508       6       6      19     277      17      27            24.05882             3.23529             2.37343             0.22102             1.86051             0.41013           745.92750             3.88003             2.08959       6       6
   10000       2       2       2       1       5     508       6       6      20     256      16      36            23.18750             3.18750             2.34168             0.22504             1.86277             0.41230           767.76671             3.91408             2.07842       5       3
   10000       2       2       2       1       5     508       6       6      21     246      15      17            23.60000             3.13333             2.35366             0.21835             1.81414             0.41310           768.17287             3.91669             2.06165       6       1
   10000       2       2       2       1       5     508       6       6      22     230      14      29            23.85714             3.21429             2.33737             0.21292             1.85880             0.41138           732.68610             3.96858             2.02482       1       4
   10000       2       2       2       1       5     508       6       6      23     224      13      21            23.61538             3.23077             2.31350             0.21162             1.84254             0.40731           757.87163             3.95148             1.90722       1       6
   10000       2       2       2       1       5     508       6       6      24     212      12      16            23.83333             3.16667             2.32930             0.21049             1.84991             0.41303           740.58640             3.96304             1.83991       2       6
   10000       2       2       2       1       5     508       6       6      25     207      11      16            24.54545             3.27273             2.33831             0.20447             1.92451             0.40642           737.01300             3.81806             1.79398       4       1
   10000       2       2       2       1       5     508       6       6      26     194      10      19            25.10000             3.30000             2.32332             0.19614             1.91397             0.39560           720.57866             3.81591             1.78406       3       4
   10000       2       2       2       1       5     508       6       6      27     167       9      27            24.77778             3.22222             2.38194             0.20645             1.88807             0.41855           722.03851             3.81914             1.86373       5       6
   10000       2       2       2       1       5     508       6       6      28     140       8      29            24.25000             3.12500             2.28485             0.20048             1.86137             0.40391           733.10733             3.86957             1.94759       6       3
   10000       2       2       2       1       5     508       6       6      29     117       7      25            24.14286             3.14286             2.28576             0.20541             1.90749             0.41678           749.26023             3.81933             2.03276       1       5
   10000       2       2       2       1       5     508       6       6      30      97       6      21            24.66667             3.16667             2.28107             0.19810             1.89989             0.41910           735.60161             3.61694             2.16990       5       1
