   10000       2       1       2       4       4     504       6       6       0     504      36       0            21.11111             2.88889             2.22961             0.22955             1.55904             0.32370           873.83773             3.92412             2.46365       0       0
   10000       2       1       2       4       4     504       6       6       1     500      35      17            21.28571             2.88571             2.22062             0.22786             1.55966             0.31666           879.20031             3.90330             2.38586       1       2
   10000       2       1       2       4       4     504       6       6       2     481      34      24            21.20588             2.85294             2.24387             0.22965             1.55891             0.31154           869.28274             3.93047             2.37787       5       1
   10000       2       1       2       4       4     504       6       6       3     465      33      23            21.51515             3.00000             2.26597             0.22799             1.60364             0.31024           838.99766             3.95381             2.40641       6       4
   10000       2       1       2       4       4     504       6       6       4     462      32      12            22.21875             3.00000             2.29456             0.22269             1.60332             0.32430           824.45295             3.88093             2.35742       5       3
   10000       2       1       2       4       4     504       6       6       5     452      31      19            22.03226             3.00000             2.27946             0.22296             1.60001             0.32760           834.67588             3.86748             2.28584       2       2
   10000       2       1       2       4       4     504       6       6       6     441      30      24            21.96667             2.96667             2.27956             0.22427             1.60288             0.32372           834.33828             3.89375             2.22963       2       6
   10000       2       1       2       4       4     504       6       6       7     423      29      23            22.13793             3.00000             2.30584             0.22603             1.62586             0.32909           827.75877             3.84844             2.22222       2       3
   10000       2       1       2       4       4     504       6       6       8     409      28      22            22.03571             2.96429             2.30269             0.22552             1.60798             0.32343           827.87904             3.84870             2.19628       5       2
   10000       2       1       2       4       4     504       6       6       9     396      27      22            21.85185             2.88889             2.28482             0.22548             1.59456             0.31329           839.89785             3.84033             2.14124       1       5
   10000       2       1       2       4       4     504       6       6      10     381      26      18            21.73077             2.96154             2.26518             0.22461             1.59510             0.30717           842.30597             3.85527             2.12456       6       6
   10000       2       1       2       4       4     504       6       6      11     363      25      21            21.76000             2.96000             2.24744             0.22283             1.62172             0.30491           842.07089             3.83312             2.16932       6       5
   10000       2       1       2       4       4     504       6       6      12     350      24      21            21.87500             3.00000             2.24280             0.22161             1.62835             0.31272           841.82963             3.80243             2.14513       5       6
   10000       2       1       2       4       4     504       6       6      13     333      23      25            21.86957             3.00000             2.24931             0.21979             1.62496             0.30529           834.55376             3.76911             2.14340       1       3
   10000       2       1       2       4       4     504       6       6      14     321      22      23            21.68182             3.04545             2.22865             0.22063             1.63818             0.30679           843.12933             3.76421             2.08830       5       4
   10000       2       1       2       4       4     504       6       6      15     303      21      28            21.38095             3.04762             2.22746             0.22498             1.64001             0.32428           858.55767             3.76694             2.02572       4       5
   10000       2       1       2       4       4     504       6       6      16     290      20      14            21.75000             3.05000             2.23565             0.22075             1.64893             0.33665           828.37229             3.74112             2.06390       1       6
   10000       2       1       2       4       4     504       6       6      17     277      19      22            21.78947             3.05263             2.24053             0.22109             1.64274             0.33977           821.61709             3.76554             2.07445       6       1
   10000       2       1       2       4       4     504       6       6      18     260      18      25            21.22222             3.05556             2.21130             0.22406             1.65421             0.34299           848.80120             3.77648             2.06469       6       2
   10000       2       1       2       4       4     504       6       6      19     245      17      28            20.52941             3.11765             2.19018             0.22855             1.65720             0.33574           868.84942             3.83130             1.99111       2       1
   10000       2       1       2       4       4     504       6       6      20     227      16      25            20.25000             3.12500             2.16536             0.23091             1.66082             0.32184           889.41842             3.87970             1.99072       4       6
   10000       2       1       2       4       4     504       6       6      21     212      15      16            20.53333             3.06667             2.17629             0.22888             1.63821             0.32108           883.73200             3.88865             2.05002       5       5
   10000       2       1       2       4       4     504       6       6      22     206      14      21            20.07143             3.21429             2.18331             0.23909             1.66290             0.32872           920.73238             3.82872             1.91022       2       4
   10000       2       1       2       4       4     504       6       6      23     188      13      18            20.23077             3.23077             2.20642             0.24050             1.66928             0.34044           908.71871             3.83136             1.98024       6       3
   10000       2       1       2       4       4     504       6       6      24     171      12      24            19.83333             3.33333             2.15421             0.23952             1.66634             0.33187           927.65646             3.91790             1.90392       4       1
   10000       2       1       2       4       4     504       6       6      25     158      11      18            20.09091             3.36364             2.17829             0.24004             1.61164             0.33515           898.03605             3.92483             1.88103       4       2
   10000       2       1       2       4       4     504       6       6      26     143      10      20            19.30000             3.20000             2.11244             0.24439             1.58538             0.31692           942.05865             3.93476             1.71950       4       3
   10000       2       1       2       4       4     504       6       6      27     135       9      11            20.66667             3.33333             2.13861             0.22454             1.57146             0.28945           889.63937             3.81277             1.74635       2       5
   10000       2       1       2       4       4     504       6       6      28     116       8      18            21.00000             3.12500             2.19871             0.22570             1.54699             0.32940           866.63218             3.80602             1.86036       1       1
   10000       2       1       2       4       4     504       6       6      29     105       7      14            22.14286             3.28571             2.26380             0.21592             1.56337             0.31555           801.46002             3.93141             1.91432       4       4
   10000       2       1       2       4       4     504       6       6      30      84       6      23            22.00000             3.50000             2.19907             0.21172             1.58391             0.29239           808.89763             3.79392             2.03640       1       4
