   10000       2       2       1       1       4     508       6       6       0     508      36       0            20.91667             3.02778             2.17896             0.23201             1.65907             0.34872           966.72843             3.87881             2.34215       0       0
   10000       2       2       1       1       4     508       6       6       1     486      35      28            21.62857             2.94286             2.21957             0.22871             1.64207             0.36057           935.57043             3.89853             2.44858       5       5
   10000       2       2       1       1       4     508       6       6       2     470      34      21            21.85294             2.94118             2.22308             0.22704             1.64465             0.36370           917.72936             3.92540             2.48930       4       6
   10000       2       2       1       1       4     508       6       6       3     442      33      21            22.30303             2.96970             2.21495             0.21728             1.65395             0.36366           858.63354             3.98648             2.63936       4       2
   10000       2       2       1       1       4     508       6       6       4     423      32      19            22.43750             3.03125             2.21910             0.21795             1.70144             0.36391           837.29257             4.00921             2.64693       3       3
   10000       2       2       1       1       4     508       6       6       5     407      31      21            22.48387             3.09677             2.23017             0.21862             1.72332             0.34257           838.04792             4.00105             2.67606       5       2
   10000       2       2       1       1       4     508       6       6       6     393      30      28            23.03333             3.10000             2.24263             0.21016             1.73742             0.35755           763.06566             3.98563             2.69950       1       5
   10000       2       2       1       1       4     508       6       6       7     381      29      26            23.37931             3.13793             2.25495             0.20896             1.75755             0.38087           748.88014             4.02376             2.70090       5       4
   10000       2       2       1       1       4     508       6       6       8     372      28      18            24.28571             3.07143             2.31929             0.20496             1.76280             0.38565           699.80082             4.06479             2.73274       2       5
   10000       2       2       1       1       4     508       6       6       9     363      27      27            24.44444             3.11111             2.31574             0.20476             1.77060             0.39252           692.71077             4.10176             2.71819       6       4
   10000       2       2       1       1       4     508       6       6      10     344      26      27            24.50000             3.15385             2.34681             0.20570             1.78641             0.40808           672.92420             4.10169             2.73203       3       2
   10000       2       2       1       1       4     508       6       6      11     333      25      22            24.88000             3.28000             2.36513             0.20479             1.83093             0.41156           650.43680             4.15056             2.72344       1       2
   10000       2       2       1       1       4     508       6       6      12     320      24      25            24.79167             3.20833             2.33466             0.20198             1.83294             0.40468           650.39244             4.14441             2.68146       1       1
   10000       2       2       1       1       4     508       6       6      13     303      23      35            24.34783             3.30435             2.27270             0.20009             1.85930             0.39278           656.62744             4.20264             2.65335       6       3
   10000       2       2       1       1       4     508       6       6      14     289      22      29            23.81818             3.31818             2.27244             0.20503             1.85883             0.39153           666.54250             4.23330             2.58312       4       4
   10000       2       2       1       1       4     508       6       6      15     276      21      27            23.61905             3.42857             2.28420             0.20824             1.84685             0.38810           668.92797             4.26653             2.54278       6       5
   10000       2       2       1       1       4     508       6       6      16     272      20      18            23.90000             3.50000             2.28948             0.20574             1.84162             0.39115           669.19563             4.27948             2.47888       1       6
   10000       2       2       1       1       4     508       6       6      17     263      19      23            23.73684             3.47368             2.28165             0.20915             1.83122             0.40651           685.76664             4.33657             2.41870       3       6
   10000       2       2       1       1       4     508       6       6      18     246      18      28            23.33333             3.50000             2.24950             0.21093             1.86266             0.41590           690.74346             4.38136             2.41646       5       6
   10000       2       2       1       1       4     508       6       6      19     230      17      20            23.52941             3.47059             2.22810             0.20735             1.85458             0.40386           693.12268             4.39341             2.45302       6       6
   10000       2       2       1       1       4     508       6       6      20     217      16      27            23.75000             3.56250             2.21906             0.20272             1.83821             0.40660           679.04692             4.41509             2.41228       2       1
   10000       2       2       1       1       4     508       6       6      21     209      15      25            23.86667             3.53333             2.24586             0.20458             1.81934             0.40621           679.78254             4.39588             2.31952       4       3
   10000       2       2       1       1       4     508       6       6      22     204      14      21            23.78571             3.42857             2.27427             0.21048             1.83829             0.42148           715.40007             4.30091             2.15866       3       1
   10000       2       2       1       1       4     508       6       6      23     197      13      15            24.53846             3.53846             2.30631             0.20484             1.87435             0.42024           703.90622             4.27074             2.10704       4       1
   10000       2       2       1       1       4     508       6       6      24     176      12      35            23.41667             3.33333             2.26619             0.20887             1.86656             0.42451           712.33812             4.37227             2.03749       1       4
   10000       2       2       1       1       4     508       6       6      25     161      11      27            22.72727             3.36364             2.21538             0.21078             1.87738             0.42565           716.62632             4.38964             1.96515       5       1
   10000       2       2       1       1       4     508       6       6      26     144      10      26            21.80000             3.30000             2.24327             0.22561             1.86523             0.45029           748.04362             4.39426             1.91561       6       2
   10000       2       2       1       1       4     508       6       6      27     130       9      24            21.44444             3.33333             2.28042             0.23450             1.87568             0.46349           770.80360             4.43635             1.84437       2       4
   10000       2       2       1       1       4     508       6       6      28     116       8      15            21.87500             3.37500             2.27856             0.22633             1.91325             0.46177           768.62393             4.34182             1.90107       6       1
   10000       2       2       1       1       4     508       6       6      29     105       7      20            22.00000             3.42857             2.23319             0.22260             1.91266             0.48074           783.26605             4.44939             1.86813       2       2
   10000       2       2       1       1       4     508       6       6      30      89       6      20            22.00000             3.33333             2.16015             0.21597             1.88345             0.46900           794.35312             4.22833             1.89146       5       3
   10000       2       2       1       1       4     508       6       6      31      80       5      14            23.40000             3.60000             2.21437             0.20382             1.96784             0.46383           713.86480             4.17879             1.87325       2       6
   10000       2       2       1       1       4     508       6       6      32      73       4      21            24.75000             3.50000             2.27560             0.20073             1.89470             0.50989           675.92200             4.24206             1.58163       3       4
   10000       2       2       1       1       4     508       6       6      33      53       3      35            21.33333             4.00000             2.11111             0.21256             2.10145             0.51787           698.67789             4.37324             1.42512       3       5
   10000       2       2       1       1       4     508       6       6      34      31       2      24            20.00000             4.00000             1.95833             0.21087             2.13043             0.49420           806.44668             4.20906             1.49565       4       5
   10000       2       2       1       1       4     508       6       6      35      25       1      16            25.00000             4.00000             2.12000             0.17667             2.20833             0.33333           603.41615             4.47438             1.00000       2       3
   10000       2       2       1       1       4     508       6       6      36       0       0      25             0.00000             0.00000             0.00000             0.00000             0.00000             0.00000             0.00000             0.00000             0.00000       1       3
