   10000       2       2       2       6       3     467       6       6       0     467      36       0            20.41667             3.19444             2.11294             0.23015             1.72272             0.31714           954.81477             3.61434             2.49732       0       0
   10000       2       2       2       6       3     467       6       6       1     452      35      17            20.42857             3.17143             2.11789             0.23173             1.72064             0.31262           957.74160             3.59854             2.53029       5       6
   10000       2       2       2       6       3     467       6       6       2     445      34      19            20.85294             3.26471             2.16692             0.23239             1.75544             0.32813           927.41416             3.57883             2.53789       2       2
   10000       2       2       2       6       3     467       6       6       3     433      33      23            20.69697             3.24242             2.15405             0.23281             1.75084             0.32302           935.49979             3.58952             2.52781       1       2
   10000       2       2       2       6       3     467       6       6       4     420      32      17            21.31250             3.37500             2.20323             0.23152             1.78870             0.33099           909.54071             3.59305             2.62353       4       1
   10000       2       2       2       6       3     467       6       6       5     407      31      29            21.22581             3.41935             2.18733             0.23071             1.80725             0.34535           913.78898             3.60347             2.58719       5       1
   10000       2       2       2       6       3     467       6       6       6     399      30      14            22.06667             3.26667             2.22981             0.22724             1.77922             0.37751           875.45421             3.63087             2.65636       3       4
   10000       2       2       2       6       3     467       6       6       7     392      29      24            22.68966             3.34483             2.22977             0.21649             1.78963             0.38171           820.11080             3.62788             2.64781       1       4
   10000       2       2       2       6       3     467       6       6       8     382      28      26            22.96429             3.39286             2.25961             0.21670             1.77700             0.37868           810.36648             3.62575             2.60944       4       2
   10000       2       2       2       6       3     467       6       6       9     369      27      19            23.37037             3.40741             2.32623             0.21804             1.80412             0.39026           791.26018             3.65479             2.62287       6       3
   10000       2       2       2       6       3     467       6       6      10     360      26      27            23.38462             3.34615             2.30517             0.21610             1.82188             0.38594           783.54996             3.66394             2.57829       2       1
   10000       2       2       2       6       3     467       6       6      11     354      25      12            23.96000             3.28000             2.33415             0.21028             1.82278             0.39454           760.75916             3.65051             2.57566       6       6
   10000       2       2       2       6       3     467       6       6      12     348      24      19            24.12500             3.33333             2.32465             0.20813             1.81754             0.38222           755.15908             3.65648             2.53178       1       1
   10000       2       2       2       6       3     467       6       6      13     343      23      14            24.78261             3.30435             2.34024             0.20207             1.82620             0.38998           717.05167             3.68379             2.51102       1       6
   10000       2       2       2       6       3     467       6       6      14     324      22      29            25.68182             3.27273             2.41141             0.20139             1.81123             0.40616           676.52093             3.71575             2.56003       3       5
   10000       2       2       2       6       3     467       6       6      15     313      21      20            25.71429             3.23810             2.40321             0.20136             1.82405             0.40879           694.71138             3.70446             2.48527       2       3
   10000       2       2       2       6       3     467       6       6      16     305      20      20            26.15000             3.25000             2.40277             0.19839             1.85579             0.40743           695.07839             3.66961             2.40264       6       5
   10000       2       2       2       6       3     467       6       6      17     286      19      22            26.05263             3.21053             2.41562             0.20029             1.84382             0.42052           708.22793             3.64241             2.43762       6       4
   10000       2       2       2       6       3     467       6       6      18     274      18      24            26.22222             3.16667             2.41056             0.19892             1.82605             0.41872           713.20616             3.62212             2.42255       1       3
   10000       2       2       2       6       3     467       6       6      19     266      17      24            27.11765             3.17647             2.43608             0.19418             1.82350             0.41407           695.87043             3.62081             2.42728       4       3
   10000       2       2       2       6       3     467       6       6      20     251      16      29            26.37500             3.31250             2.39255             0.19884             1.83709             0.41233           713.90887             3.67148             2.29323       5       3
   10000       2       2       2       6       3     467       6       6      21     238      15      28            25.86667             3.20000             2.34861             0.19902             1.83473             0.41438           723.78879             3.70014             2.19710       1       5
   10000       2       2       2       6       3     467       6       6      22     228      14      20            26.42857             3.14286             2.32149             0.19203             1.78875             0.41967           716.94275             3.67491             2.17379       5       2
   10000       2       2       2       6       3     467       6       6      23     212      13      28            26.15385             3.15385             2.31077             0.19351             1.81971             0.38691           723.57096             3.67208             2.16181       6       1
   10000       2       2       2       6       3     467       6       6      24     198      12      25            26.41667             3.25000             2.30082             0.19065             1.83774             0.37492           702.69636             3.70799             2.10268       5       5
   10000       2       2       2       6       3     467       6       6      25     187      11      19            26.90909             3.27273             2.32745             0.18823             1.85683             0.36785           696.76756             3.64964             2.09686       2       4
   10000       2       2       2       6       3     467       6       6      26     178      10      34            26.80000             3.40000             2.41314             0.19671             1.87536             0.39438           702.06746             3.68820             1.97407       3       6
   10000       2       2       2       6       3     467       6       6      27     160       9      22            27.22222             3.44444             2.43002             0.19522             1.83888             0.39282           715.38904             3.62722             1.99232       6       2
   10000       2       2       2       6       3     467       6       6      28     150       8      21            27.87500             3.50000             2.40897             0.18949             1.88029             0.39386           701.00262             3.62880             1.90421       5       4
   10000       2       2       2       6       3     467       6       6      29     132       7      33            27.42857             3.42857             2.37526             0.19082             1.86410             0.37524           719.62652             3.67766             1.83313       2       6
   10000       2       2       2       6       3     467       6       6      30     110       6      31            26.83333             3.50000             2.36220             0.19606             1.83590             0.37112           719.59326             3.71054             1.81263       2       5
