   10000       2       2       2       2       2     502       6       6       0     502      36       0            21.30556             2.97222             2.18550             0.22404             1.60095             0.31630           871.56841             3.81060             2.43201       0       0
   10000       2       2       2       2       2     502       6       6       1     485      35      24            21.42857             2.97143             2.21479             0.22537             1.59682             0.30788           865.87484             3.83396             2.44320       1       2
   10000       2       2       2       2       2     502       6       6       2     470      34      23            21.32353             3.00000             2.18562             0.22387             1.60689             0.31032           868.04311             3.85090             2.44721       1       1
   10000       2       2       2       2       2     502       6       6       3     455      33      33            21.90909             3.03030             2.25534             0.22144             1.63722             0.32349           832.73544             3.82823             2.48330       2       4
   10000       2       2       2       2       2     502       6       6       4     442      32      21            22.31250             3.03125             2.26589             0.21741             1.64174             0.33524           815.21781             3.83383             2.51444       6       5
   10000       2       2       2       2       2     502       6       6       5     433      31      24            22.58065             3.06452             2.27609             0.21656             1.66356             0.33469           803.08328             3.85096             2.49513       5       5
   10000       2       2       2       2       2     502       6       6       6     422      30      22            23.00000             3.13333             2.30671             0.21582             1.66466             0.34141           786.61480             3.79975             2.50929       5       4
   10000       2       2       2       2       2     502       6       6       7     410      29      23            23.06897             3.20690             2.31771             0.21604             1.68517             0.35645           777.88008             3.78510             2.49536       6       4
   10000       2       2       2       2       2     502       6       6       8     398      28      16            23.39286             3.25000             2.32576             0.21450             1.70544             0.36423           759.30865             3.79303             2.51222       6       1
   10000       2       2       2       2       2     502       6       6       9     384      27      26            23.44444             3.25926             2.35221             0.21744             1.70566             0.37164           759.98707             3.83586             2.50209       5       2
   10000       2       2       2       2       2     502       6       6      10     373      26      24            23.42308             3.30769             2.35182             0.21770             1.73352             0.37609           759.22169             3.86158             2.42510       4       1
   10000       2       2       2       2       2     502       6       6      11     372      25      16            23.76000             3.32000             2.33874             0.21239             1.74381             0.36489           759.47449             3.82487             2.35919       6       2
   10000       2       2       2       2       2     502       6       6      12     363      24      21            24.08333             3.37500             2.36763             0.21150             1.74792             0.37223           758.46952             3.80720             2.32193       4       6
   10000       2       2       2       2       2     502       6       6      13     356      23      15            24.21739             3.26087             2.38410             0.21123             1.71617             0.38484           752.33148             3.84847             2.23280       1       3
   10000       2       2       2       2       2     502       6       6      14     338      22      30            24.13636             3.18182             2.40594             0.21434             1.70924             0.36639           738.20939             3.89032             2.24596       5       3
   10000       2       2       2       2       2     502       6       6      15     323      21      22            24.52381             3.14286             2.40648             0.21149             1.71270             0.38195           729.65421             3.92251             2.27643       1       6
   10000       2       2       2       2       2     502       6       6      16     310      20      22            24.35000             3.25000             2.41213             0.21371             1.75283             0.37987           737.90833             3.91450             2.21604       1       5
   10000       2       2       2       2       2     502       6       6      17     289      19      30            24.89474             3.31579             2.39989             0.20796             1.80967             0.38174           710.14968             3.95354             2.22343       2       2
   10000       2       2       2       2       2     502       6       6      18     283      18      23            25.11111             3.22222             2.43206             0.20934             1.79842             0.41015           699.33421             3.98466             2.16269       2       3
   10000       2       2       2       2       2     502       6       6      19     273      17      34            25.35294             3.29412             2.40854             0.20419             1.79824             0.41428           686.66769             4.04700             2.13406       2       5
   10000       2       2       2       2       2     502       6       6      20     259      16      20            25.50000             3.12500             2.44995             0.20596             1.75308             0.39994           691.54153             4.06031             2.16889       1       4
   10000       2       2       2       2       2     502       6       6      21     239      15      30            24.86667             3.13333             2.39852             0.20723             1.77033             0.39862           705.63652             4.09044             2.16775       6       6
   10000       2       2       2       2       2     502       6       6      22     229      14      17            25.42857             3.07143             2.40840             0.20236             1.76073             0.40913           695.97243             4.04223             2.18050       6       3
   10000       2       2       2       2       2     502       6       6      23     213      13      28            24.76923             3.15385             2.40208             0.20888             1.79979             0.44150           718.33561             4.08736             2.14462       3       6
   10000       2       2       2       2       2     502       6       6      24     204      12      17            25.08333             3.00000             2.45399             0.21434             1.79543             0.46325           720.02824             3.97499             2.06064       3       5
   10000       2       2       2       2       2     502       6       6      25     182      11      25            25.09091             3.00000             2.45240             0.21514             1.80369             0.46714           694.13201             3.98557             2.13542       5       6
   10000       2       2       2       2       2     502       6       6      26     158      10      25            25.10000             3.00000             2.44060             0.21514             1.79445             0.46462           691.01131             3.95287             2.22941       2       6
   10000       2       2       2       2       2     502       6       6      27     146       9      16            26.00000             3.00000             2.49389             0.21055             1.79384             0.45669           660.57336             3.89398             2.25535       5       1
   10000       2       2       2       2       2     502       6       6      28     134       8      25            25.87500             3.12500             2.49083             0.21267             1.80609             0.44990           661.35288             3.96845             2.15704       2       1
   10000       2       2       2       2       2     502       6       6      29     129       7      16            28.00000             3.28571             2.54261             0.19509             1.84886             0.42141           662.53123             3.78989             2.09062       4       5
   10000       2       2       2       2       2     502       6       6      30     112       6      24            28.33333             3.16667             2.58446             0.19474             1.76464             0.45559           643.17745             3.90072             2.12510       3       1
