   10000       2       2       2       6       8     502       6       6       0     502      36       0            21.30556             2.97222             2.18550             0.22404             1.60095             0.31630           871.56841             3.81060             2.43201       0       0
   10000       2       2       2       6       8     502       6       6       1     486      35      21            21.51429             3.00000             2.22461             0.22788             1.63322             0.33671           864.70445             3.83619             2.49468       5       2
   10000       2       2       2       6       8     502       6       6       2     472      34      24            21.67647             3.05882             2.22987             0.22664             1.65591             0.35068           858.37200             3.82022             2.47048       4       1
   10000       2       2       2       6       8     502       6       6       3     462      33      18            21.81818             3.12121             2.25279             0.22873             1.65109             0.34998           859.05641             3.83874             2.40400       4       2
   10000       2       2       2       6       8     502       6       6       4     452      32      23            22.37500             3.03125             2.29196             0.22686             1.65659             0.36155           830.83441             3.87666             2.40345       2       3
   10000       2       2       2       6       8     502       6       6       5     441      31      11            22.64516             3.09677             2.29395             0.22190             1.66786             0.36269           816.60722             3.86857             2.43991       1       5
   10000       2       2       2       6       8     502       6       6       6     420      30      22            22.86667             3.10000             2.28900             0.21954             1.68997             0.37500           798.11833             3.87224             2.52992       5       6
   10000       2       2       2       6       8     502       6       6       7     404      29      19            23.06897             3.13793             2.31049             0.22182             1.68887             0.38331           803.64067             3.87643             2.52987       1       6
   10000       2       2       2       6       8     502       6       6       8     382      28      27            23.25000             3.14286             2.34222             0.22270             1.69562             0.39272           795.37503             3.89873             2.56778       1       1
   10000       2       2       2       6       8     502       6       6       9     373      27      12            23.62963             3.14815             2.34738             0.21698             1.68686             0.38297           782.27024             3.88136             2.55864       6       2
   10000       2       2       2       6       8     502       6       6      10     355      26      17            24.26923             3.11538             2.35510             0.21176             1.71593             0.38727           771.55212             3.83454             2.65669       3       5
   10000       2       2       2       6       8     502       6       6      11     338      25      22            24.40000             3.16000             2.35320             0.21090             1.74915             0.38300           758.50795             3.86361             2.60202       5       5
   10000       2       2       2       6       8     502       6       6      12     327      24      18            24.37500             3.20833             2.31865             0.20871             1.78708             0.38600           753.00114             3.89302             2.59135       6       6
   10000       2       2       2       6       8     502       6       6      13     313      23      27            24.47826             3.26087             2.31401             0.20720             1.80441             0.37176           750.46391             3.86004             2.58532       6       3
   10000       2       2       2       6       8     502       6       6      14     304      22      23            24.27273             3.22727             2.32133             0.21001             1.80868             0.35776           765.94560             3.86053             2.56543       5       1
   10000       2       2       2       6       8     502       6       6      15     296      21      18            24.33333             3.28571             2.32771             0.21105             1.82550             0.35768           779.12979             3.85419             2.52906       1       3
   10000       2       2       2       6       8     502       6       6      16     281      20      31            23.90000             3.30000             2.26698             0.20984             1.83912             0.34788           783.87806             3.89763             2.53161       2       2
   10000       2       2       2       6       8     502       6       6      17     267      19      32            23.89474             3.31579             2.30333             0.20977             1.82138             0.36664           780.13351             3.88544             2.52705       3       6
   10000       2       2       2       6       8     502       6       6      18     261      18      19            24.22222             3.33333             2.33113             0.20962             1.81291             0.38542           774.19686             3.91310             2.48431       6       5
   10000       2       2       2       6       8     502       6       6      19     254      17      35            24.11765             3.29412             2.31258             0.20827             1.82752             0.40419           759.90524             4.03255             2.33955       2       4
   10000       2       2       2       6       8     502       6       6      20     240      16      27            24.18750             3.31250             2.30084             0.20652             1.83957             0.39561           764.08958             4.01012             2.37871       6       4
   10000       2       2       2       6       8     502       6       6      21     224      15      38            23.13333             3.33333             2.31213             0.21504             1.82391             0.40505           782.95462             4.04808             2.24220       2       5
   10000       2       2       2       6       8     502       6       6      22     212      14      24            23.21429             3.28571             2.31031             0.21507             1.80135             0.42010           788.33465             4.03300             2.18714       5       4
   10000       2       2       2       6       8     502       6       6      23     201      13      21            23.30769             3.30769             2.29117             0.21266             1.79653             0.41322           787.63817             4.05164             2.11420       1       2
   10000       2       2       2       6       8     502       6       6      24     183      12      24            23.25000             3.33333             2.27307             0.21215             1.79815             0.41738           791.98179             4.00440             2.07972       2       6
   10000       2       2       2       6       8     502       6       6      25     177      11      20            23.63636             3.45455             2.22460             0.20347             1.83414             0.37922           803.93764             3.94546             1.88933       3       4
   10000       2       2       2       6       8     502       6       6      26     167      10      13            24.70000             3.40000             2.28689             0.19713             1.79998             0.38424           774.72276             3.92684             1.91868       1       4
   10000       2       2       2       6       8     502       6       6      27     160       9      24            24.88889             3.33333             2.31582             0.19851             1.87989             0.39769           775.07924             4.09122             1.79245       4       3
   10000       2       2       2       6       8     502       6       6      28     144       8      28            24.50000             3.37500             2.29793             0.20172             1.88655             0.39664           798.13027             4.20148             1.70627       2       1
   10000       2       2       2       6       8     502       6       6      29     124       7      20            25.00000             3.28571             2.36022             0.20371             1.90737             0.41404           754.52504             4.20951             1.79804       6       1
   10000       2       2       2       6       8     502       6       6      30     107       6      20            25.83333             3.33333             2.38886             0.20123             1.88736             0.44471           678.31254             4.29010             1.83072       5       3
