   10000       2       2       2       1       3     503       6       6       0     503      36       0            22.55556             3.00000             2.29326             0.21934             1.68768             0.35119           834.45777             3.74064             2.54979       0       0
   10000       2       2       2       1       3     503       6       6       1     485      35      27            22.71429             3.08571             2.30426             0.21950             1.69778             0.35410           833.39632             3.74366             2.57036       5       6
   10000       2       2       2       1       3     503       6       6       2     465      34      29            22.76471             3.11765             2.29609             0.21926             1.70202             0.35573           833.01930             3.76897             2.59400       6       5
   10000       2       2       2       1       3     503       6       6       3     451      33      20            23.39394             3.12121             2.30306             0.21210             1.73084             0.36967           813.45848             3.72648             2.63847       3       2
   10000       2       2       2       1       3     503       6       6       4     428      32      20            23.65625             3.09375             2.29429             0.20830             1.72805             0.37342           798.86742             3.74150             2.79088       3       4
   10000       2       2       2       1       3     503       6       6       5     414      31      23            23.70968             3.06452             2.32189             0.21085             1.75004             0.37611           793.81435             3.80646             2.81618       4       3
   10000       2       2       2       1       3     503       6       6       6     397      30      20            23.50000             3.06667             2.29321             0.21017             1.76239             0.37529           802.31815             3.83371             2.82262       6       6
   10000       2       2       2       1       3     503       6       6       7     387      29      24            23.58621             3.13793             2.30490             0.21018             1.77657             0.36675           792.13961             3.83907             2.78953       1       5
   10000       2       2       2       1       3     503       6       6       8     373      28      30            23.96429             3.10714             2.33288             0.20971             1.77030             0.38752           776.41518             3.85940             2.82617       6       3
   10000       2       2       2       1       3     503       6       6       9     363      27      23            24.14815             3.11111             2.29726             0.20550             1.77350             0.37038           772.48721             3.87577             2.80640       6       1
   10000       2       2       2       1       3     503       6       6      10     352      26      20            24.46154             3.11538             2.34800             0.20733             1.77535             0.38754           762.03178             3.88528             2.83033       5       1
   10000       2       2       2       1       3     503       6       6      11     344      25      17            24.72000             3.12000             2.34504             0.20445             1.77768             0.39248           751.81258             3.90033             2.82396       1       6
   10000       2       2       2       1       3     503       6       6      12     338      24      22            24.79167             3.12500             2.33117             0.20279             1.78356             0.39074           745.27970             3.95360             2.78077       6       4
   10000       2       2       2       1       3     503       6       6      13     319      23      30            25.13043             3.13043             2.32687             0.20057             1.77348             0.39018           741.83783             4.00353             2.87457       5       4
   10000       2       2       2       1       3     503       6       6      14     311      22      21            25.72727             3.18182             2.34260             0.19718             1.77887             0.40195           728.77041             3.98802             2.83471       3       5
   10000       2       2       2       1       3     503       6       6      15     301      21      23            25.57143             3.14286             2.34623             0.19869             1.76988             0.39215           729.55551             4.01476             2.73404       3       1
   10000       2       2       2       1       3     503       6       6      16     291      20      20            26.05000             3.30000             2.40719             0.20279             1.77919             0.42103           689.95114             4.04392             2.69642       1       4
   10000       2       2       2       1       3     503       6       6      17     276      19      35            25.68421             3.21053             2.40007             0.20444             1.77537             0.43373           689.85188             4.10296             2.76823       4       5
   10000       2       2       2       1       3     503       6       6      18     254      18      27            24.72222             3.16667             2.36641             0.21742             1.76859             0.44517           735.74217             4.20871             2.66055       2       5
   10000       2       2       2       1       3     503       6       6      19     245      17      30            24.64706             3.17647             2.32754             0.21584             1.79501             0.43196           737.59400             4.29047             2.61221       4       2
   10000       2       2       2       1       3     503       6       6      20     237      16      25            24.37500             3.06250             2.31535             0.22055             1.78531             0.44538           747.97974             4.34027             2.49919       6       2
   10000       2       2       2       1       3     503       6       6      21     221      15      35            23.53333             3.13333             2.31510             0.22898             1.78669             0.43526           772.36308             4.38124             2.39787       5       5
   10000       2       2       2       1       3     503       6       6      22     201      14      28            22.92857             3.14286             2.28269             0.22978             1.80291             0.42595           782.80673             4.42588             2.35504       4       6
   10000       2       2       2       1       3     503       6       6      23     186      13      23            22.92308             3.15385             2.29540             0.23235             1.78685             0.44178           791.04435             4.46350             2.36447       4       1
   10000       2       2       2       1       3     503       6       6      24     165      12      37            21.25000             3.16667             2.23225             0.24038             1.75319             0.43020           831.92937             4.58160             2.29567       5       3
   10000       2       2       2       1       3     503       6       6      25     149      11      27            20.63636             3.09091             2.19767             0.24481             1.73027             0.44643           850.67532             4.65783             2.25243       3       6
   10000       2       2       2       1       3     503       6       6      26     122      10      30            19.70000             3.00000             2.14488             0.25016             1.71364             0.43935           858.58770             4.77086             2.33117       5       2
   10000       2       2       2       1       3     503       6       6      27     120       9       9            21.55556             3.00000             2.15163             0.21675             1.71993             0.39957           812.08943             4.83261             2.32617       2       4
   10000       2       2       2       1       3     503       6       6      28     107       8      19            21.87500             3.00000             2.19253             0.21823             1.64430             0.40368           810.97730             4.80646             2.32861       2       6
   10000       2       2       2       1       3     503       6       6      29      94       7      16            22.71429             2.85714             2.23930             0.21405             1.58396             0.41373           760.52562             4.85670             2.44190       4       4
   10000       2       2       2       1       3     503       6       6      30      77       6      31            22.00000             3.16667             2.22116             0.21824             1.65122             0.39278           759.37304             4.75054             2.36694       3       3
