   10000       2       1       2      10       4     546       6       6       0     546      36       0            21.88889             3.11111             2.26232             0.22006             1.62450             0.32094           843.01106             3.63284             2.18994       0       0
   10000       2       1       2      10       4     546       6       6       1     532      35      19            22.02857             3.08571             2.28130             0.22045             1.61901             0.32267           838.96988             3.62643             2.17299       4       2
   10000       2       1       2      10       4     546       6       6       2     519      34      16            22.29412             3.14706             2.26061             0.21632             1.62504             0.31380           827.42926             3.63721             2.17427       4       4
   10000       2       1       2      10       4     546       6       6       3     510      33      19            22.45455             3.09091             2.28157             0.21692             1.61391             0.30670           825.65357             3.61541             2.12869       4       6
   10000       2       1       2      10       4     546       6       6       4     498      32      20            22.68750             3.12500             2.27741             0.21372             1.62793             0.31473           813.43565             3.62412             2.11675       2       3
   10000       2       1       2      10       4     546       6       6       5     484      31      23            22.74194             3.19355             2.27986             0.21399             1.66212             0.30843           808.41838             3.62127             2.11596       6       6
   10000       2       1       2      10       4     546       6       6       6     472      30      24            22.73333             3.20000             2.25535             0.21218             1.66511             0.30931           812.10571             3.61415             2.06488       5       1
   10000       2       1       2      10       4     546       6       6       7     455      29      19            22.79310             3.13793             2.30074             0.21660             1.64118             0.31320           814.63082             3.62251             2.08011       4       1
   10000       2       1       2      10       4     546       6       6       8     441      28      22            22.89286             3.21429             2.31253             0.21695             1.66721             0.31207           820.72314             3.60608             2.04705       1       2
   10000       2       1       2      10       4     546       6       6       9     426      27      17            22.92593             3.14815             2.27246             0.21288             1.65755             0.31890           814.99120             3.61430             2.04352       4       5
   10000       2       1       2      10       4     546       6       6      10     419      26      21            22.92308             3.19231             2.26197             0.21262             1.67155             0.31430           816.83594             3.59971             1.95051       5       5
   10000       2       1       2      10       4     546       6       6      11     400      25      23            22.72000             3.24000             2.26773             0.21428             1.67699             0.32373           824.58651             3.59547             1.92144       3       1
   10000       2       1       2      10       4     546       6       6      12     377      24      25            22.91667             3.25000             2.25764             0.21083             1.69475             0.32355           811.45045             3.61418             1.95491       2       5
   10000       2       1       2      10       4     546       6       6      13     364      23      21            23.17391             3.13043             2.28528             0.21147             1.68704             0.32417           796.46842             3.64692             1.91921       3       4
   10000       2       1       2      10       4     546       6       6      14     343      22      24            22.72727             3.18182             2.26352             0.21376             1.70707             0.31975           823.82495             3.56294             1.90982       6       5
   10000       2       1       2      10       4     546       6       6      15     333      21      25            22.19048             3.19048             2.23707             0.21783             1.69082             0.31456           853.49044             3.60084             1.81678       1       4
   10000       2       1       2      10       4     546       6       6      16     324      20      24            21.90000             3.10000             2.22240             0.21956             1.69816             0.32130           865.39128             3.60711             1.74471       3       6
   10000       2       1       2      10       4     546       6       6      17     314      19      19            22.42105             3.10526             2.24203             0.21836             1.69286             0.32736           858.82767             3.56589             1.71378       6       4
   10000       2       1       2      10       4     546       6       6      18     300      18      13            22.94444             3.05556             2.25879             0.21228             1.68791             0.33591           851.46085             3.53063             1.75738       5       6
   10000       2       1       2      10       4     546       6       6      19     287      17      17            23.17647             3.17647             2.23555             0.20677             1.71333             0.32911           826.82642             3.55751             1.75183       6       1
   10000       2       1       2      10       4     546       6       6      20     277      16      22            23.00000             3.18750             2.22125             0.20899             1.70788             0.31885           850.77652             3.60180             1.65815       2       1
   10000       2       1       2      10       4     546       6       6      21     262      15      34            22.46667             3.26667             2.21349             0.21233             1.73819             0.31167           860.09058             3.64393             1.53738       5       3
   10000       2       1       2      10       4     546       6       6      22     242      14      31            21.28571             3.07143             2.20270             0.22193             1.69980             0.32889           889.60290             3.66792             1.44147       3       3
   10000       2       1       2      10       4     546       6       6      23     224      13      19            21.46154             3.07692             2.19773             0.21960             1.71517             0.33283           899.38284             3.65024             1.46711       4       3
   10000       2       1       2      10       4     546       6       6      24     205      12      20            21.50000             3.08333             2.18097             0.21726             1.71731             0.33507           899.62666             3.68693             1.49292       5       4
   10000       2       1       2      10       4     546       6       6      25     187      11      21            21.54545             3.09091             2.20574             0.21963             1.72797             0.32917           913.96497             3.68355             1.51228       3       5
   10000       2       1       2      10       4     546       6       6      26     166      10      26            20.70000             3.10000             2.15214             0.22299             1.73107             0.33857           946.23149             3.74681             1.46305       6       3
   10000       2       1       2      10       4     546       6       6      27     157       9      18            20.66667             3.11111             2.20959             0.23026             1.75482             0.34740           937.74823             3.78390             1.37345       6       2
   10000       2       1       2      10       4     546       6       6      28     142       8      24            19.37500             3.25000             2.18571             0.24254             1.73391             0.32118          1009.11382             3.83433             1.18710       1       6
   10000       2       1       2      10       4     546       6       6      29     124       7      19            19.42857             3.14286             2.18969             0.24294             1.71971             0.34325          1033.86913             3.80407             1.19968       5       2
   10000       2       1       2      10       4     546       6       6      30     106       6      24            18.33333             3.16667             2.10057             0.24779             1.70854             0.28900          1108.93008             3.96116             1.08372       3       2
