   10000       2       1       2       2       1     535       6       6       0     535      36       0            22.11111             3.11111             2.31878             0.22761             1.62375             0.35631           910.11748             3.38373             2.28553       0       0
   10000       2       1       2       2       1     535       6       6       1     526      35      19            22.37143             3.05714             2.31167             0.22299             1.61464             0.35686           892.28314             3.37693             2.25557       2       5
   10000       2       1       2       2       1     535       6       6       2     515      34      20            22.52941             3.05882             2.30690             0.22082             1.61589             0.35638           885.85363             3.38034             2.24786       6       6
   10000       2       1       2       2       1     535       6       6       3     501      33      26            22.48485             3.03030             2.31823             0.22212             1.60445             0.36042           885.09801             3.37038             2.23111       6       3
   10000       2       1       2       2       1     535       6       6       4     485      32      24            22.46875             3.06250             2.30237             0.22111             1.61856             0.35297           881.16926             3.38689             2.22134       3       5
   10000       2       1       2       2       1     535       6       6       5     472      31      22            22.64516             3.00000             2.31350             0.22078             1.60704             0.36214           880.62731             3.39414             2.20988       1       4
   10000       2       1       2       2       1     535       6       6       6     460      30      17            22.70000             3.06667             2.32731             0.22084             1.63102             0.36175           886.64052             3.35037             2.18658       6       1
   10000       2       1       2       2       1     535       6       6       7     442      29      23            22.68966             3.10345             2.30782             0.21769             1.63544             0.36201           880.65399             3.34701             2.18904       2       4
   10000       2       1       2       2       1     535       6       6       8     437      28      17            22.71429             3.14286             2.32169             0.21898             1.64222             0.35881           901.05074             3.28182             2.13923       1       6
   10000       2       1       2       2       1     535       6       6       9     418      27      28            22.59259             3.11111             2.32654             0.22075             1.63077             0.35527           904.87028             3.28876             2.11630       2       3
   10000       2       1       2       2       1     535       6       6      10     397      26      28            22.19231             3.03846             2.31148             0.22359             1.61559             0.35662           918.06036             3.30236             2.08159       5       6
   10000       2       1       2       2       1     535       6       6      11     381      25      23            22.20000             3.04000             2.30922             0.22420             1.61603             0.36190           917.80121             3.28910             2.09002       6       4
   10000       2       1       2       2       1     535       6       6      12     370      24      16            22.54167             2.95833             2.36045             0.22512             1.62035             0.36021           900.82579             3.29001             2.05930       2       2
   10000       2       1       2       2       1     535       6       6      13     352      23      23            22.56522             2.95652             2.35747             0.22352             1.61725             0.35708           894.34653             3.27287             2.09032       6       2
   10000       2       1       2       2       1     535       6       6      14     341      22      20            22.54545             2.95455             2.34208             0.22283             1.62474             0.35427           904.75529             3.28304             2.02630       4       1
   10000       2       1       2       2       1     535       6       6      15     323      21      24            22.14286             2.90476             2.32767             0.22651             1.62120             0.35936           926.53743             3.30215             2.00049       3       6
   10000       2       1       2       2       1     535       6       6      16     311      20      16            22.45000             2.90000             2.34967             0.22509             1.61629             0.36349           924.18911             3.26638             2.01629       4       6
   10000       2       1       2       2       1     535       6       6      17     293      19      21            22.52632             2.89474             2.35406             0.22489             1.61412             0.36592           929.02298             3.23225             2.05060       2       6
   10000       2       1       2       2       1     535       6       6      18     276      18      23            22.38889             2.88889             2.35347             0.22660             1.60959             0.36724           934.01741             3.25679             2.05918       6       5
   10000       2       1       2       2       1     535       6       6      19     267      17      20            22.35294             2.88235             2.37495             0.22869             1.61824             0.38249           934.28565             3.26333             1.97822       1       1
   10000       2       1       2       2       1     535       6       6      20     254      16      25            22.37500             2.81250             2.39696             0.23169             1.61524             0.39805           956.91493             3.24929             1.91406       5       2
   10000       2       1       2       2       1     535       6       6      21     236      15      19            22.13333             2.86667             2.37115             0.23426             1.62623             0.39078           986.76073             3.28189             1.91966       2       1
   10000       2       1       2       2       1     535       6       6      22     217      14      27            21.42857             2.85714             2.39593             0.24363             1.61590             0.39677          1023.18185             3.26941             1.83961       5       3
   10000       2       1       2       2       1     535       6       6      23     214      13      11            22.07692             2.92308             2.39526             0.23483             1.65380             0.38086           964.74481             3.29674             1.79103       1       3
   10000       2       1       2       2       1     535       6       6      24     200      12      14            22.66667             3.00000             2.42719             0.23009             1.65253             0.38508           907.23116             3.33071             1.80602       3       1
   10000       2       1       2       2       1     535       6       6      25     183      11      15            23.18182             3.00000             2.45314             0.22640             1.66052             0.38982           829.95214             3.32689             1.89101       1       5
   10000       2       1       2       2       1     535       6       6      26     163      10      20            23.30000             3.00000             2.43366             0.22301             1.62484             0.38328           829.91767             3.32737             1.96099       1       2
   10000       2       1       2       2       1     535       6       6      27     150       9      19            23.22222             3.11111             2.44086             0.22309             1.64393             0.41475           825.32433             3.33158             1.86972       5       4
   10000       2       1       2       2       1     535       6       6      28     134       8      26            22.87500             3.00000             2.33223             0.22046             1.64051             0.38853           849.50757             3.36703             1.79527       4       5
   10000       2       1       2       2       1     535       6       6      29     117       7      18            23.28571             3.00000             2.30842             0.21309             1.64591             0.40898           834.86558             3.32959             1.90052       5       1
   10000       2       1       2       2       1     535       6       6      30     101       6      16            24.50000             3.16667             2.31816             0.19860             1.67880             0.38439           805.09351             3.25094             2.05061       5       5
