   10000       2       2       2       5       6     467       6       6       0     467      36       0            20.41667             3.19444             2.11294             0.23015             1.72272             0.31714           954.81477             3.61434             2.49732       0       0
   10000       2       2       2       5       6     467       6       6       1     456      35      16            20.65714             3.20000             2.12251             0.22789             1.73018             0.32107           944.90225             3.61547             2.53331       6       1
   10000       2       2       2       5       6     467       6       6       2     446      34      25            20.38235             3.17647             2.12985             0.23285             1.74650             0.32394           958.96327             3.61834             2.47890       5       1
   10000       2       2       2       5       6     467       6       6       3     434      33      20            21.03030             3.18182             2.13937             0.22579             1.74223             0.33570           932.07020             3.61744             2.55534       3       6
   10000       2       2       2       5       6     467       6       6       4     431      32      10            21.43750             3.25000             2.12438             0.21665             1.76199             0.33248           887.75798             3.62757             2.53819       1       6
   10000       2       2       2       5       6     467       6       6       5     413      31      26            21.38710             3.22581             2.16786             0.22194             1.75699             0.34440           891.06081             3.63867             2.54630       1       5
   10000       2       2       2       5       6     467       6       6       6     400      30      24            21.66667             3.33333             2.15183             0.21561             1.77123             0.34042           865.90561             3.64786             2.57733       2       1
   10000       2       2       2       5       6     467       6       6       7     390      29      15            22.27586             3.27586             2.20073             0.21341             1.76186             0.36970           837.12254             3.65171             2.63109       4       3
   10000       2       2       2       5       6     467       6       6       8     372      28      20            22.03571             3.25000             2.20395             0.21599             1.74479             0.35398           836.63906             3.71441             2.58539       5       3
   10000       2       2       2       5       6     467       6       6       9     358      27      22            22.33333             3.25926             2.20745             0.21383             1.73522             0.35654           825.40382             3.71863             2.60591       4       4
   10000       2       2       2       5       6     467       6       6      10     342      26      23            22.23077             3.23077             2.21680             0.21629             1.72791             0.37610           838.59661             3.72360             2.60325       6       2
   10000       2       2       2       5       6     467       6       6      11     334      25      22            22.68000             3.28000             2.26701             0.21949             1.73774             0.38928           801.73883             3.74051             2.60840       2       2
   10000       2       2       2       5       6     467       6       6      12     320      24      30            23.16667             3.20833             2.32181             0.22305             1.74884             0.40270           786.10870             3.74214             2.62290       3       5
   10000       2       2       2       5       6     467       6       6      13     306      23      25            22.82609             3.17391             2.31626             0.22508             1.75651             0.40172           795.84571             3.76275             2.58475       2       6
   10000       2       2       2       5       6     467       6       6      14     295      22      25            23.04545             3.18182             2.34350             0.22624             1.76177             0.38826           798.11021             3.77248             2.51111       3       3
   10000       2       2       2       5       6     467       6       6      15     288      21      15            23.19048             3.19048             2.32288             0.22066             1.76107             0.37722           787.74577             3.78650             2.49220       4       1
   10000       2       2       2       5       6     467       6       6      16     277      20      28            22.95000             3.15000             2.30939             0.22348             1.75121             0.38131           799.28557             3.79713             2.39723       4       2
   10000       2       2       2       5       6     467       6       6      17     260      19      29            22.21053             3.15789             2.28464             0.22851             1.74224             0.38916           826.41124             3.79887             2.30697       3       2
   10000       2       2       2       5       6     467       6       6      18     239      18      33            22.50000             3.22222             2.32069             0.22600             1.77880             0.38738           789.11341             3.83840             2.41621       5       5
   10000       2       2       2       5       6     467       6       6      19     226      17      21            22.05882             3.23529             2.28775             0.22699             1.76928             0.39268           799.50526             3.84231             2.33667       3       4
   10000       2       2       2       5       6     467       6       6      20     215      16      32            21.68750             3.25000             2.28821             0.22985             1.77529             0.40897           801.02514             3.86999             2.23007       4       5
   10000       2       2       2       5       6     467       6       6      21     205      15      21            22.00000             3.20000             2.30564             0.22725             1.75551             0.40700           783.29272             3.89297             2.23301       6       3
   10000       2       2       2       5       6     467       6       6      22     198      14      25            22.28571             3.28571             2.33097             0.22899             1.75676             0.40970           788.77309             3.92501             2.19356       2       4
   10000       2       2       2       5       6     467       6       6      23     176      13      32            21.53846             3.23077             2.30684             0.23334             1.71572             0.40621           795.10817             3.94495             2.19978       2       5
   10000       2       2       2       5       6     467       6       6      24     167      12      22            21.50000             3.25000             2.32020             0.23568             1.74598             0.39022           767.16426             3.95673             2.11854       4       6
   10000       2       2       2       5       6     467       6       6      25     155      11      23            21.18182             3.36364             2.26214             0.23390             1.77150             0.37071           769.88854             3.95152             2.00854       5       4
   10000       2       2       2       5       6     467       6       6      26     143      10      16            21.70000             3.40000             2.28965             0.23087             1.78583             0.36112           749.32472             3.93860             2.01889       5       2
   10000       2       2       2       5       6     467       6       6      27     127       9      29            21.00000             3.44444             2.25921             0.23550             1.78574             0.38528           758.63192             3.91416             1.93535       1       4
   10000       2       2       2       5       6     467       6       6      28     121       8      12            22.00000             3.25000             2.34889             0.22892             1.77453             0.38488           737.24645             3.86153             1.82989       2       3
   10000       2       2       2       5       6     467       6       6      29     108       7      18            22.57143             3.28571             2.35733             0.22298             1.75072             0.36424           711.71783             3.87343             1.83748       3       1
   10000       2       2       2       5       6     467       6       6      30      98       6      20            22.83333             3.33333             2.37728             0.22359             1.73256             0.39371           689.84020             3.96719             1.71467       5       6
