   10000       2       2       2       8       5     509       6       6       0     509      36       0            22.55556             2.97222             2.25679             0.22020             1.60747             0.37073           901.40119             3.36120             2.56709       0       0
   10000       2       2       2       8       5     509       6       6       1     500      35      25            23.60000             2.97143             2.32232             0.21740             1.63503             0.38145           866.22305             3.37693             2.62934       2       5
   10000       2       2       2       8       5     509       6       6       2     488      34      17            23.70588             3.00000             2.31631             0.21414             1.66720             0.38234           861.43589             3.35898             2.64236       4       1
   10000       2       2       2       8       5     509       6       6       3     469      33      24            24.30303             3.03030             2.32220             0.20752             1.68690             0.38905           833.02079             3.37395             2.73734       6       3
   10000       2       2       2       8       5     509       6       6       4     446      32      22            24.53125             3.12500             2.33400             0.20523             1.70962             0.39288           803.20873             3.35007             2.78141       3       4
   10000       2       2       2       8       5     509       6       6       5     427      31      26            24.38710             3.16129             2.34562             0.20805             1.72754             0.39786           809.84953             3.34252             2.77188       6       2
   10000       2       2       2       8       5     509       6       6       6     410      30      21            24.40000             3.20000             2.38813             0.21125             1.75755             0.40512           799.27849             3.36655             2.75693       3       6
   10000       2       2       2       8       5     509       6       6       7     397      29      25            24.27586             3.20690             2.37755             0.21205             1.76186             0.39763           791.39656             3.40362             2.68786       4       4
   10000       2       2       2       8       5     509       6       6       8     390      28      21            25.00000             3.14286             2.38182             0.20553             1.74719             0.39613           778.91748             3.38238             2.68263       5       2
   10000       2       2       2       8       5     509       6       6       9     379      27      23            25.77778             3.11111             2.41552             0.20175             1.76263             0.39512           744.29724             3.39613             2.76313       2       3
   10000       2       2       2       8       5     509       6       6      10     368      26      22            26.23077             3.19231             2.42001             0.19908             1.78755             0.39446           737.42748             3.38862             2.78687       6       5
   10000       2       2       2       8       5     509       6       6      11     355      25      24            26.36000             3.16000             2.46477             0.20114             1.79263             0.39874           726.84634             3.40968             2.77263       4       2
   10000       2       2       2       8       5     509       6       6      12     344      24      23            26.37500             3.20833             2.43957             0.19897             1.79579             0.40498           726.26217             3.42466             2.77825       6       1
   10000       2       2       2       8       5     509       6       6      13     339      23      24            26.65217             3.08696             2.45350             0.19848             1.80422             0.40462           720.10589             3.44062             2.71936       5       5
   10000       2       2       2       8       5     509       6       6      14     324      22      25            26.68182             3.04545             2.49720             0.20212             1.81942             0.40744           718.97174             3.43322             2.74598       2       1
   10000       2       2       2       8       5     509       6       6      15     312      21      36            26.23810             3.00000             2.46701             0.20289             1.81975             0.41820           729.63960             3.43764             2.68529       5       4
   10000       2       2       2       8       5     509       6       6      16     302      20      26            26.05000             3.15000             2.44993             0.20437             1.83726             0.42847           724.50007             3.46753             2.53356       1       4
   10000       2       2       2       8       5     509       6       6      17     278      19      30            25.78947             3.15789             2.43954             0.20638             1.84300             0.43250           722.16205             3.46455             2.54297       5       1
   10000       2       2       2       8       5     509       6       6      18     264      18      38            25.27778             3.16667             2.41580             0.20798             1.83781             0.42455           722.37407             3.52089             2.48374       1       5
   10000       2       2       2       8       5     509       6       6      19     259      17      23            25.52941             3.17647             2.45346             0.20883             1.86016             0.41536           714.93391             3.52588             2.34877       1       2
   10000       2       2       2       8       5     509       6       6      20     251      16      22            25.87500             3.25000             2.46613             0.20735             1.89799             0.42712           712.91006             3.53338             2.32879       5       6
   10000       2       2       2       8       5     509       6       6      21     243      15      21            26.20000             3.26667             2.45479             0.20397             1.89555             0.41979           705.05262             3.52204             2.23325       1       3
   10000       2       2       2       8       5     509       6       6      22     228      14      28            25.92857             3.21429             2.49736             0.20957             1.89278             0.43321           701.47014             3.53495             2.22837       3       3
   10000       2       2       2       8       5     509       6       6      23     212      13      39            24.53846             3.23077             2.46829             0.21778             1.88151             0.42302           722.24871             3.59821             2.04826       2       6
   10000       2       2       2       8       5     509       6       6      24     198      12      24            24.00000             3.33333             2.42774             0.22061             1.90668             0.43015           737.58048             3.56886             1.89536       2       2
   10000       2       2       2       8       5     509       6       6      25     189      11      18            24.27273             3.36364             2.44743             0.22400             1.95334             0.44488           742.21012             3.51991             1.75595       3       1
   10000       2       2       2       8       5     509       6       6      26     182      10      19            24.20000             3.30000             2.45180             0.22446             1.92190             0.44038           754.12288             3.52787             1.61452       4       3
   10000       2       2       2       8       5     509       6       6      27     169       9      27            23.44444             3.22222             2.41027             0.22945             1.88420             0.43977           774.04325             3.57196             1.46342       3       5
   10000       2       2       2       8       5     509       6       6      28     148       8      29            22.87500             3.25000             2.36957             0.23303             1.84741             0.42116           788.00003             3.55883             1.41381       6       4
   10000       2       2       2       8       5     509       6       6      29     137       7      31            21.28571             3.42857             2.24546             0.23648             1.89162             0.39685           823.36533             3.64055             1.18389       4       6
   10000       2       2       2       8       5     509       6       6      30     117       6      24            20.83333             3.33333             2.18221             0.23785             1.88081             0.38328           822.52967             3.76490             1.15414       1       6
