   10000       2       1       2       3       9     525       6       6       0     525      36       0            21.69444             2.91667             2.24134             0.22026             1.60306             0.30909           825.34604             4.00950             2.38234       0       0
   10000       2       1       2       3       9     525       6       6       1     508      35      23            21.62857             2.91429             2.23251             0.22033             1.61733             0.30802           833.06514             3.99402             2.36605       4       1
   10000       2       1       2       3       9     525       6       6       2     489      34      26            21.52941             2.94118             2.22928             0.22215             1.60698             0.30483           838.18800             4.00107             2.35501       5       3
   10000       2       1       2       3       9     525       6       6       3     478      33      18            21.57576             2.93939             2.21369             0.21933             1.61476             0.29986           839.26548             4.00434             2.30621       5       4
   10000       2       1       2       3       9     525       6       6       4     458      32      28            21.21875             2.87500             2.22178             0.22334             1.59696             0.28957           849.51146             3.99878             2.28004       6       4
   10000       2       1       2       3       9     525       6       6       5     441      31      26            21.25806             2.93548             2.19285             0.22018             1.59778             0.28342           845.04779             4.00359             2.25305       2       1
   10000       2       1       2       3       9     525       6       6       6     431      30      18            21.46667             2.93333             2.20612             0.21948             1.59515             0.28780           835.09360             4.01734             2.23080       5       2
   10000       2       1       2       3       9     525       6       6       7     413      29      25            21.31034             2.89655             2.18690             0.22107             1.57819             0.28531           862.75861             4.00960             2.21652       6       5
   10000       2       1       2       3       9     525       6       6       8     400      28      24            21.46429             2.78571             2.22404             0.22313             1.54274             0.29255           856.53656             4.03004             2.18928       2       3
   10000       2       1       2       3       9     525       6       6       9     392      27       8            21.88889             2.88889             2.24886             0.21854             1.57237             0.29162           806.77740             4.00352             2.21146       6       6
   10000       2       1       2       3       9     525       6       6      10     378      26      19            22.03846             2.92308             2.24294             0.21833             1.56311             0.29339           813.50967             4.00602             2.16984       4       3
   10000       2       1       2       3       9     525       6       6      11     370      25      30            21.56000             2.92000             2.23639             0.22226             1.56444             0.28846           839.95008             3.99373             2.04876       3       2
   10000       2       1       2       3       9     525       6       6      12     357      24      14            21.87500             2.87500             2.22562             0.21553             1.55270             0.29935           822.97592             3.99808             2.08207       3       1
   10000       2       1       2       3       9     525       6       6      13     344      23      20            21.65217             2.86957             2.25239             0.22183             1.55437             0.29794           823.43968             4.05561             2.00982       5       5
   10000       2       1       2       3       9     525       6       6      14     331      22      24            21.36364             2.81818             2.24494             0.22452             1.54260             0.32330           842.21323             4.04622             1.97727       6       2
   10000       2       1       2       3       9     525       6       6      15     316      21      24            21.57143             2.85714             2.21611             0.21819             1.54896             0.31739           831.74214             4.00267             1.95752       3       6
   10000       2       1       2       3       9     525       6       6      16     298      20      23            21.25000             2.85000             2.24648             0.22552             1.54785             0.31239           849.95645             3.98448             1.93240       2       2
   10000       2       1       2       3       9     525       6       6      17     289      19      24            21.36842             2.84211             2.22449             0.22294             1.53172             0.30692           856.15698             3.92894             1.81533       2       5
   10000       2       1       2       3       9     525       6       6      18     277      18      22            22.00000             2.94444             2.20035             0.21504             1.54134             0.29164           849.86557             3.90466             1.79786       4       5
   10000       2       1       2       3       9     525       6       6      19     261      17      16            22.17647             2.88235             2.18870             0.21125             1.52353             0.28713           828.29411             3.93034             1.83144       4       2
   10000       2       1       2       3       9     525       6       6      20     245      16      22            21.81250             2.87500             2.16845             0.21418             1.51666             0.28684           842.62305             3.97817             1.81508       5       1
   10000       2       1       2       3       9     525       6       6      21     227      15      18            22.06667             2.93333             2.15376             0.20972             1.53149             0.28636           832.28720             3.98694             1.86942       6       1
   10000       2       1       2       3       9     525       6       6      22     213      14      20            21.64286             2.85714             2.18249             0.21978             1.51986             0.28417           850.39104             4.08634             1.82949       4       6
   10000       2       1       2       3       9     525       6       6      23     198      13      21            21.61538             2.84615             2.20395             0.22212             1.51601             0.27740           834.98772             4.10320             1.81138       3       3
   10000       2       1       2       3       9     525       6       6      24     186      12      34            20.25000             3.16667             2.15436             0.23166             1.56789             0.24448           883.78318             4.07793             1.60952       3       4
   10000       2       1       2       3       9     525       6       6      25     173      11      18            20.36364             3.27273             2.21087             0.23686             1.57972             0.25971           897.04833             4.02534             1.60196       2       6
   10000       2       1       2       3       9     525       6       6      26     159      10      14            21.00000             3.30000             2.22779             0.22942             1.54538             0.26261           861.74045             4.01325             1.66216       5       6
   10000       2       1       2       3       9     525       6       6      27     139       9      17            21.22222             3.22222             2.23537             0.22856             1.52488             0.25971           854.82614             3.99475             1.75373       6       3
   10000       2       1       2       3       9     525       6       6      28     125       8      13            22.12500             3.00000             2.29320             0.22153             1.46812             0.28406           787.29177             3.96922             1.84794       4       4
   10000       2       1       2       3       9     525       6       6      29     109       7      20            22.42857             2.57143             2.29350             0.22121             1.46262             0.31842           811.30392             3.88513             1.84760       2       4
   10000       2       1       2       3       9     525       6       6      30      89       6      20            22.83333             2.50000             2.32009             0.22084             1.48139             0.31009           848.48187             3.65801             1.98887       3       5
