   10000       2       1       2      11      10     546       6       6       0     546      36       0            21.88889             3.11111             2.26232             0.22006             1.62450             0.32094           843.01095             3.63284             2.18994       0       0
   10000       2       1       2      11      10     546       6       6       1     532      35      22            21.80000             3.11429             2.27656             0.22221             1.62651             0.31927           848.03660             3.63710             2.15794       1       4
   10000       2       1       2      11      10     546       6       6       2     515      34      22            21.79412             3.17647             2.26167             0.22091             1.64332             0.31014           842.79935             3.65282             2.15339       2       4
   10000       2       1       2      11      10     546       6       6       3     497      33      25            21.93939             3.21212             2.26124             0.21979             1.63664             0.30604           833.52251             3.66995             2.17477       6       3
   10000       2       1       2      11      10     546       6       6       4     489      32      21            22.15625             3.15625             2.26353             0.21782             1.63287             0.30236           825.81571             3.68702             2.15840       2       3
   10000       2       1       2      11      10     546       6       6       5     472      31      25            22.00000             3.16129             2.25855             0.21990             1.64571             0.30300           842.15579             3.68468             2.13437       1       2
   10000       2       1       2      11      10     546       6       6       6     461      30      16            22.23333             3.13333             2.27160             0.21832             1.65755             0.30627           822.58581             3.70028             2.13223       3       4
   10000       2       1       2      11      10     546       6       6       7     447      29      16            22.41379             3.17241             2.26262             0.21529             1.66230             0.29833           809.07736             3.71812             2.12579       4       4
   10000       2       1       2      11      10     546       6       6       8     432      28      22            22.53571             3.17857             2.28841             0.21667             1.65598             0.29935           804.47973             3.74247             2.11370       3       6
   10000       2       1       2      11      10     546       6       6       9     418      27      22            22.77778             3.22222             2.24885             0.21168             1.65704             0.29077           798.39328             3.75925             2.10291       4       5
   10000       2       1       2      11      10     546       6       6      10     407      26      17            23.15385             3.15385             2.25685             0.20890             1.65596             0.29289           780.49850             3.77140             2.05919       5       5
   10000       2       1       2      11      10     546       6       6      11     389      25      19            23.24000             3.08000             2.26993             0.20938             1.65329             0.29424           766.79586             3.77081             2.08463       1       3
   10000       2       1       2      11      10     546       6       6      12     373      24      22            23.12500             3.16667             2.25171             0.20923             1.65894             0.28766           772.09470             3.80443             2.06616       5       4
   10000       2       1       2      11      10     546       6       6      13     365      23      16            23.21739             3.17391             2.23844             0.20600             1.66867             0.28596           767.86864             3.78285             2.03265       4       6
   10000       2       1       2      11      10     546       6       6      14     346      22      22            23.27273             3.13636             2.22627             0.20388             1.68482             0.29177           758.12006             3.81926             2.05383       5       3
   10000       2       1       2      11      10     546       6       6      15     333      21      22            23.66667             3.19048             2.25419             0.20289             1.68302             0.30038           746.28830             3.81363             2.00119       4       2
   10000       2       1       2      11      10     546       6       6      16     317      20      25            23.40000             3.20000             2.22886             0.20306             1.68025             0.29377           760.57573             3.81543             1.98249       4       3
   10000       2       1       2      11      10     546       6       6      17     305      19      20            23.57895             3.21053             2.21309             0.20060             1.70306             0.28766           743.18508             3.82629             1.95769       6       1
   10000       2       1       2      11      10     546       6       6      18     288      18      26            23.44444             3.27778             2.21814             0.20133             1.71634             0.30087           744.65598             3.83551             1.86603       3       1
   10000       2       1       2      11      10     546       6       6      19     275      17      18            23.47059             3.29412             2.25371             0.20446             1.73642             0.31153           730.95997             3.90193             1.84369       6       2
   10000       2       1       2      11      10     546       6       6      20     260      16      21            23.81250             3.31250             2.29561             0.20480             1.73769             0.32671           721.50875             3.89921             1.86605       3       5
   10000       2       1       2      11      10     546       6       6      21     249      15      22            23.53333             3.33333             2.27758             0.20730             1.73303             0.31607           741.36855             3.96502             1.77707       2       1
   10000       2       1       2      11      10     546       6       6      22     234      14      17            23.71429             3.21429             2.31832             0.20911             1.70496             0.32599           733.91896             3.92678             1.76228       6       4
   10000       2       1       2      11      10     546       6       6      23     223      13      15            24.07692             3.07692             2.36047             0.20772             1.70168             0.34300           707.53871             3.88286             1.74359       2       2
   10000       2       1       2      11      10     546       6       6      24     206      12      21            23.91667             3.08333             2.34103             0.20810             1.65909             0.33993           716.54510             3.90885             1.72375       4       1
   10000       2       1       2      11      10     546       6       6      25     196      11      17            24.63636             3.09091             2.39464             0.20387             1.68778             0.34295           720.44738             3.83129             1.69670       5       6
   10000       2       1       2      11      10     546       6       6      26     183      10      22            24.40000             3.20000             2.42574             0.20913             1.69514             0.34094           728.26987             3.90624             1.55608       1       5
   10000       2       1       2      11      10     546       6       6      27     170       9      23            24.11111             3.22222             2.42816             0.21482             1.69568             0.33425           753.09332             3.90787             1.46938       5       2
   10000       2       1       2      11      10     546       6       6      28     156       8      21            24.12500             3.12500             2.41048             0.21331             1.68405             0.33579           742.21800             3.97778             1.38105       1       6
   10000       2       1       2      11      10     546       6       6      29     143       7      22            23.42857             3.28571             2.40623             0.22058             1.73878             0.31140           738.23094             3.97555             1.23873       6       6
   10000       2       1       2      11      10     546       6       6      30     126       6      17            24.50000             3.16667             2.38717             0.20500             1.74732             0.31121           697.94419             4.02360             1.27852       5       1
