   10000       2       2       2      10       8     525       6       6       0     525      36       0            21.69444             2.91667             2.24134             0.22026             1.60306             0.30909           825.34604             4.00950             2.38234       0       0
   10000       2       2       2      10       8     525       6       6       1     516      35      18            22.28571             2.94286             2.25152             0.21637             1.61300             0.30945           803.23264             4.02901             2.39603       5       2
   10000       2       2       2      10       8     525       6       6       2     499      34      21            22.41176             2.97059             2.23737             0.21346             1.62989             0.31205           797.15055             4.02568             2.41950       1       6
   10000       2       2       2      10       8     525       6       6       3     482      33      24            22.90909             2.96970             2.26431             0.21113             1.62235             0.33374           778.37088             4.05535             2.46913       2       1
   10000       2       2       2      10       8     525       6       6       4     466      32      23            23.21875             2.96875             2.28540             0.20978             1.63312             0.34465           767.44105             4.07290             2.51979       1       4
   10000       2       2       2      10       8     525       6       6       5     453      31      26            23.06452             3.00000             2.25965             0.20921             1.66202             0.34676           772.51268             4.09290             2.48218       6       1
   10000       2       2       2      10       8     525       6       6       6     431      30      26            23.33333             3.13333             2.28431             0.20912             1.69786             0.34504           755.84037             4.10970             2.56762       3       6
   10000       2       2       2      10       8     525       6       6       7     420      29      18            23.44828             3.06897             2.24881             0.20484             1.70221             0.34439           748.86250             4.12408             2.55377       3       1
   10000       2       2       2      10       8     525       6       6       8     409      28      20            23.89286             3.00000             2.28209             0.20379             1.71525             0.35475           733.09516             4.16997             2.55595       4       4
   10000       2       2       2      10       8     525       6       6       9     393      27      18            24.22222             3.03704             2.30879             0.20305             1.72454             0.36004           728.98726             4.17735             2.54452       3       2
   10000       2       2       2      10       8     525       6       6      10     379      26      23            24.23077             3.07692             2.31213             0.20438             1.71808             0.36207           727.64514             4.21430             2.50348       4       5
   10000       2       2       2      10       8     525       6       6      11     360      25      23            24.00000             3.08000             2.31521             0.20649             1.71501             0.36292           705.49190             4.23324             2.50453       4       6
   10000       2       2       2      10       8     525       6       6      12     349      24      25            24.41667             3.08333             2.33351             0.20403             1.70826             0.37559           685.22953             4.27939             2.43863       5       5
   10000       2       2       2      10       8     525       6       6      13     338      23      25            24.82609             3.17391             2.34230             0.20078             1.75004             0.37256           669.74197             4.30431             2.46084       2       5
   10000       2       2       2      10       8     525       6       6      14     317      22      25            24.59091             3.18182             2.29404             0.19922             1.76764             0.37796           676.37001             4.35758             2.46184       4       3
   10000       2       2       2      10       8     525       6       6      15     304      21      31            23.90476             3.14286             2.24549             0.20281             1.78190             0.38075           694.03617             4.41446             2.34334       3       4
   10000       2       2       2      10       8     525       6       6      16     295      20      15            24.00000             3.20000             2.33259             0.21089             1.83717             0.39197           703.28627             4.43394             2.30684       6       6
   10000       2       2       2      10       8     525       6       6      17     274      19      26            23.31579             3.31579             2.35105             0.21794             1.84228             0.39674           714.24333             4.47795             2.27967       5       1
   10000       2       2       2      10       8     525       6       6      18     262      18      21            23.55556             3.33333             2.32896             0.21398             1.83488             0.38861           699.05440             4.47405             2.23069       3       3
   10000       2       2       2      10       8     525       6       6      19     255      17      15            23.88235             3.35294             2.32691             0.20867             1.84581             0.38006           704.73718             4.38369             2.13932       3       5
   10000       2       2       2      10       8     525       6       6      20     241      16      21            23.62500             3.31250             2.31298             0.21044             1.82523             0.38532           717.26291             4.40022             2.09893       5       4
   10000       2       2       2      10       8     525       6       6      21     235      15      25            23.53333             3.33333             2.26663             0.20871             1.87382             0.38573           721.35685             4.45602             1.96757       1       2
   10000       2       2       2      10       8     525       6       6      22     218      14      24            23.00000             3.35714             2.25626             0.21458             1.90029             0.38711           762.65703             4.45922             1.92778       4       1
   10000       2       2       2      10       8     525       6       6      23     210      13      26            23.00000             3.46154             2.27358             0.21629             1.92983             0.40601           774.87228             4.48975             1.86337       6       4
   10000       2       2       2      10       8     525       6       6      24     193      12      26            22.75000             3.50000             2.23960             0.21655             1.93578             0.40852           788.23110             4.46451             1.82204       6       5
   10000       2       2       2      10       8     525       6       6      25     178      11      18            23.18182             3.54545             2.24118             0.21247             1.94599             0.41472           774.78145             4.41426             1.82878       5       6
   10000       2       2       2      10       8     525       6       6      26     163      10      19            23.60000             3.60000             2.24843             0.20984             1.95627             0.41730           758.85545             4.49536             1.83587       5       3
   10000       2       2       2      10       8     525       6       6      27     142       9      33            21.88889             3.44444             2.19660             0.22031             1.92268             0.40770           806.49744             4.56991             1.76615       6       3
   10000       2       2       2      10       8     525       6       6      28     124       8      20            22.12500             3.50000             2.16226             0.21610             1.93117             0.42366           832.69925             4.48877             1.83082       6       2
   10000       2       2       2      10       8     525       6       6      29     114       7      29            21.00000             3.42857             2.15414             0.22464             1.91608             0.42557           865.77673             4.71070             1.63371       2       3
   10000       2       2       2      10       8     525       6       6      30      99       6      16            21.66667             3.33333             2.13671             0.21616             1.90984             0.45338           809.36104             4.87280             1.68517       4       2
