   10000       2       1       2      11       8     504       6       6       0     504      36       0            21.11111             2.88889             2.22961             0.22955             1.55904             0.32370           873.83775             3.92412             2.46365       0       0
   10000       2       1       2      11       8     504       6       6       1     489      35      22            21.20000             2.94286             2.25471             0.23221             1.56700             0.32956           873.54734             3.92755             2.44068       4       5
   10000       2       1       2      11       8     504       6       6       2     474      34      24            21.02941             3.02941             2.21257             0.23115             1.57364             0.31613           883.65403             3.92694             2.39607       3       1
   10000       2       1       2      11       8     504       6       6       3     463      33      20            21.09091             3.00000             2.19626             0.23110             1.57180             0.31544           898.93115             3.94203             2.35154       6       3
   10000       2       1       2      11       8     504       6       6       4     460      32       6            21.65625             3.09375             2.23048             0.22335             1.59097             0.32132           850.03357             3.85006             2.33629       5       3
   10000       2       1       2      11       8     504       6       6       5     445      31      26            21.93548             3.09677             2.27122             0.22751             1.60290             0.33358           849.11974             3.84064             2.33427       6       5
   10000       2       1       2      11       8     504       6       6       6     429      30      25            22.03333             3.06667             2.27256             0.22724             1.58575             0.32808           843.77221             3.85429             2.29281       4       2
   10000       2       1       2      11       8     504       6       6       7     414      29      23            22.31034             3.06897             2.27939             0.22551             1.58541             0.32451           833.33510             3.85502             2.29488       3       6
   10000       2       1       2      11       8     504       6       6       8     401      28      22            22.25000             3.07143             2.27226             0.22659             1.59110             0.32806           838.74662             3.83795             2.26723       1       6
   10000       2       1       2      11       8     504       6       6       9     386      27      24            22.03704             3.07407             2.26074             0.22868             1.61435             0.32855           850.99348             3.83106             2.22523       1       1
   10000       2       1       2      11       8     504       6       6      10     372      26      19            21.92308             3.07692             2.24679             0.22871             1.61749             0.32084           842.27529             3.86666             2.21659       2       6
   10000       2       1       2      11       8     504       6       6      11     359      25      31            21.44000             3.12000             2.23384             0.23248             1.63329             0.32118           857.37269             3.87479             2.14477       5       4
   10000       2       1       2      11       8     504       6       6      12     353      24      11            21.91667             3.16667             2.24597             0.22531             1.67283             0.31443           835.70309             3.85883             2.06905       3       2
   10000       2       1       2      11       8     504       6       6      13     344      23      21            22.21739             3.17391             2.24983             0.22375             1.66646             0.30734           841.12126             3.79457             2.02928       2       5
   10000       2       1       2      11       8     504       6       6      14     329      22      18            22.40909             3.18182             2.25329             0.22218             1.67127             0.30988           836.11413             3.82763             2.05045       4       1
   10000       2       1       2      11       8     504       6       6      15     323      21      15            22.71429             3.19048             2.24968             0.21899             1.66095             0.31052           839.77202             3.79386             1.97461       1       2
   10000       2       1       2      11       8     504       6       6      16     312      20      20            22.55000             3.10000             2.28327             0.22310             1.62807             0.31783           847.35201             3.77255             1.94660       2       2
   10000       2       1       2      11       8     504       6       6      17     300      19      33            21.94737             3.10526             2.26800             0.22745             1.63915             0.32198           872.40792             3.75287             1.87655       5       6
   10000       2       1       2      11       8     504       6       6      18     285      18      26            21.94444             3.16667             2.24764             0.22876             1.66803             0.32200           885.92593             3.71685             1.78573       2       3
   10000       2       1       2      11       8     504       6       6      19     280      17      11            22.94118             3.17647             2.31574             0.22055             1.65595             0.32331           824.50034             3.59857             1.76000       2       4
   10000       2       1       2      11       8     504       6       6      20     275      16      26            22.81250             3.18750             2.31360             0.22112             1.70636             0.34520           834.86896             3.55081             1.61124       3       4
   10000       2       1       2      11       8     504       6       6      21     260      15      25            22.00000             3.20000             2.31399             0.23239             1.68348             0.34316           882.02942             3.55863             1.50223       4       3
   10000       2       1       2      11       8     504       6       6      22     241      14      26            20.78571             3.14286             2.28511             0.24382             1.68901             0.33649           944.38283             3.59261             1.35960       5       2
   10000       2       1       2      11       8     504       6       6      23     225      13      21            20.76923             3.07692             2.25913             0.24209             1.68432             0.34315           958.99257             3.58584             1.34147       3       5
   10000       2       1       2      11       8     504       6       6      24     204      12      24            20.08333             3.16667             2.24886             0.24937             1.66471             0.32961          1001.80254             3.58125             1.28877       1       3
   10000       2       1       2      11       8     504       6       6      25     186      11      18            20.27273             3.09091             2.27240             0.25086             1.64493             0.33818           990.45785             3.55724             1.31502       3       3
   10000       2       1       2      11       8     504       6       6      26     173      10      22            19.50000             3.00000             2.29923             0.26276             1.62890             0.34862          1041.41537             3.50222             1.22152       1       5
   10000       2       1       2      11       8     504       6       6      27     155       9      20            19.44444             3.11111             2.28117             0.26275             1.65200             0.34642          1044.93266             3.49812             1.22304       6       4
   10000       2       1       2      11       8     504       6       6      28     143       8      12            20.37500             3.25000             2.28507             0.24445             1.71077             0.36700           966.97520             3.44110             1.25092       6       6
   10000       2       1       2      11       8     504       6       6      29     125       7      20            20.14286             3.14286             2.25051             0.24258             1.71446             0.34379           930.85939             3.59644             1.20953       5       1
   10000       2       1       2      11       8     504       6       6      30     112       6      13            21.33333             3.16667             2.31033             0.23101             1.73631             0.31776           859.24055             3.64101             1.24445       4       4
