   10000       2       1       2       7       9     509       6       6       0     509      36       0            22.55556             2.97222             2.25679             0.22020             1.60747             0.37073           901.40119             3.36120             2.56709       0       0
   10000       2       1       2       7       9     509       6       6       1     491      35      26            22.54286             2.94286             2.25797             0.22095             1.59361             0.37958           904.48424             3.35839             2.56236       6       4
   10000       2       1       2       7       9     509       6       6       2     473      34      33            22.26471             2.97059             2.23536             0.22250             1.60228             0.36815           914.70498             3.37260             2.51904       2       6
   10000       2       1       2       7       9     509       6       6       3     458      33      18            22.45455             2.96970             2.26392             0.22254             1.61369             0.37458           902.51202             3.37800             2.53743       6       1
   10000       2       1       2       7       9     509       6       6       4     447      32      24            22.28125             2.96875             2.26304             0.22577             1.61917             0.36909           912.46631             3.35576             2.45155       2       1
   10000       2       1       2       7       9     509       6       6       5     433      31      26            22.64516             2.96774             2.28226             0.22520             1.62167             0.37539           900.60598             3.36655             2.47128       2       4
   10000       2       1       2       7       9     509       6       6       6     422      30      18            22.66667             3.00000             2.26554             0.22706             1.63782             0.37488           925.09356             3.35430             2.43478       3       1
   10000       2       1       2       7       9     509       6       6       7     410      29      24            22.51724             3.03448             2.25186             0.22883             1.63935             0.37219           942.84930             3.35566             2.35520       2       2
   10000       2       1       2       7       9     509       6       6       8     399      28      20            22.50000             3.07143             2.27502             0.23187             1.64930             0.37323           952.27432             3.35697             2.31876       6       5
   10000       2       1       2       7       9     509       6       6       9     387      27      17            22.55556             3.18519             2.25916             0.22927             1.67647             0.36049           927.11981             3.37419             2.31164       1       4
   10000       2       1       2       7       9     509       6       6      10     377      26      16            22.65385             3.15385             2.25338             0.22675             1.67717             0.36554           915.60643             3.40373             2.30937       1       6
   10000       2       1       2       7       9     509       6       6      11     367      25      12            23.24000             3.20000             2.29369             0.21828             1.66733             0.37063           870.38790             3.35288             2.34578       3       2
   10000       2       1       2       7       9     509       6       6      12     341      24      34            22.70833             3.12500             2.26843             0.22217             1.64361             0.36193           886.68959             3.38017             2.33924       5       1
   10000       2       1       2       7       9     509       6       6      13     324      23      25            22.60870             3.13043             2.26957             0.22149             1.64336             0.35470           888.32736             3.36302             2.33583       6       3
   10000       2       1       2       7       9     509       6       6      14     312      22      30            22.40909             3.09091             2.26941             0.22522             1.63246             0.36633           904.43190             3.35044             2.26330       5       3
   10000       2       1       2       7       9     509       6       6      15     299      21      23            22.14286             3.04762             2.30269             0.23092             1.62745             0.35748           915.49792             3.35721             2.18881       4       6
   10000       2       1       2       7       9     509       6       6      16     282      20      22            22.05000             3.05000             2.31478             0.23183             1.65491             0.36577           910.16855             3.32580             2.21001       6       2
   10000       2       1       2       7       9     509       6       6      17     268      19      22            21.84211             3.00000             2.28115             0.23163             1.65193             0.36551           926.43022             3.33551             2.15807       1       3
   10000       2       1       2       7       9     509       6       6      18     261      18      17            22.05556             2.94444             2.29729             0.23108             1.63877             0.37028           925.42277             3.32979             2.13078       3       6
   10000       2       1       2       7       9     509       6       6      19     243      17      24            22.00000             3.00000             2.26920             0.22456             1.64425             0.36960           919.58379             3.25919             2.15647       5       2
   10000       2       1       2       7       9     509       6       6      20     224      16      32            21.43750             3.00000             2.23643             0.22566             1.63275             0.36651           930.96564             3.27273             2.08932       4       5
   10000       2       1       2       7       9     509       6       6      21     213      15      21            21.13333             3.00000             2.25891             0.24040             1.65081             0.37995           971.28922             3.26956             1.99924       4       2
   10000       2       1       2       7       9     509       6       6      22     197      14      28            20.85714             3.07143             2.23421             0.23755             1.66541             0.38675           983.18919             3.28188             1.93961       5       4
   10000       2       1       2       7       9     509       6       6      23     186      13      11            21.53846             3.15385             2.27085             0.23076             1.68471             0.38044           926.35268             3.31183             2.00834       4       1
   10000       2       1       2       7       9     509       6       6      24     171      12      21            21.33333             3.16667             2.29164             0.23383             1.67089             0.40314           927.37837             3.29397             1.98049       6       6
   10000       2       1       2       7       9     509       6       6      25     151      11      20            20.90909             2.90909             2.28371             0.23998             1.65850             0.39838           945.15411             3.35173             2.02594       2       3
   10000       2       1       2       7       9     509       6       6      26     140      10      20            20.80000             3.00000             2.30751             0.25332             1.69136             0.41212           943.72267             3.40918             1.88721       4       4
   10000       2       1       2       7       9     509       6       6      27     128       9      26            19.55556             3.00000             2.16481             0.24654             1.66761             0.38174          1024.10229             3.50484             1.73269       2       5
   10000       2       1       2       7       9     509       6       6      28     126       8       8            21.12500             3.12500             2.29338             0.23297             1.68706             0.40195           905.65103             3.55286             1.59014       4       3
   10000       2       1       2       7       9     509       6       6      29     108       7      27            20.14286             3.14286             2.25832             0.24000             1.67415             0.39134           926.72267             3.57559             1.51122       3       5
   10000       2       1       2       7       9     509       6       6      30      84       6      23            19.50000             3.16667             2.20107             0.24230             1.66486             0.41310           904.28236             3.75737             1.60079       1       5
