   10000       2       1       2       1       8     546       6       6       0     546      36       0            21.88889             3.11111             2.26232             0.22006             1.62450             0.32094           843.01106             3.63284             2.18994       0       0
   10000       2       1       2       1       8     546       6       6       1     532      35      17            22.11429             3.17143             2.27310             0.21974             1.64598             0.32187           830.07560             3.64424             2.20805       6       1
   10000       2       1       2       1       8     546       6       6       2     517      34      24            22.23529             3.14706             2.25528             0.21686             1.64257             0.31031           824.12590             3.64951             2.21237       5       4
   10000       2       1       2       1       8     546       6       6       3     495      33      26            22.27273             3.15152             2.23257             0.21405             1.64629             0.31940           818.83574             3.65026             2.24103       2       5
   10000       2       1       2       1       8     546       6       6       4     478      32      28            22.18750             3.21875             2.20799             0.21448             1.65288             0.31762           828.41145             3.67022             2.21434       6       3
   10000       2       1       2       1       8     546       6       6       5     468      31      16            22.38710             3.16129             2.23377             0.21437             1.65035             0.32760           817.12228             3.66021             2.22095       6       4
   10000       2       1       2       1       8     546       6       6       6     453      30      23            22.13333             3.16667             2.23471             0.21754             1.64923             0.31846           829.90966             3.67788             2.17284       1       4
   10000       2       1       2       1       8     546       6       6       7     442      29      16            22.34483             3.20690             2.24106             0.21550             1.65470             0.32031           819.34761             3.69017             2.17911       1       5
   10000       2       1       2       1       8     546       6       6       8     431      28      20            22.35714             3.17857             2.26497             0.21799             1.65191             0.33023           821.18016             3.67078             2.11226       5       5
   10000       2       1       2       1       8     546       6       6       9     414      27      23            22.18519             3.25926             2.23357             0.21627             1.65273             0.31813           830.58675             3.67900             2.06756       3       1
   10000       2       1       2       1       8     546       6       6      10     401      26      22            22.23077             3.23077             2.25921             0.21804             1.67207             0.32480           832.33924             3.67149             2.03836       3       5
   10000       2       1       2       1       8     546       6       6      11     392      25      19            22.40000             3.28000             2.25849             0.21677             1.68561             0.31887           842.05057             3.63749             1.99999       5       6
   10000       2       1       2       1       8     546       6       6      12     374      24      29            22.54167             3.37500             2.23817             0.21477             1.69699             0.32717           842.51180             3.63039             1.99509       4       3
   10000       2       1       2       1       8     546       6       6      13     349      23      29            22.39130             3.30435             2.28033             0.21867             1.69454             0.33336           837.28009             3.61796             2.01317       3       3
   10000       2       1       2       1       8     546       6       6      14     326      22      21            22.18182             3.31818             2.27467             0.21922             1.71203             0.33611           835.14993             3.64365             2.06086       5       3
   10000       2       1       2       1       8     546       6       6      15     317      21      17            22.23810             3.28571             2.23418             0.21413             1.69949             0.31958           840.31807             3.63593             2.01694       4       6
   10000       2       1       2       1       8     546       6       6      16     307      20      18            22.50000             3.25000             2.24081             0.21270             1.68401             0.32487           823.52953             3.66356             1.97645       3       4
   10000       2       1       2       1       8     546       6       6      17     289      19      26            22.15789             3.21053             2.24137             0.21597             1.67113             0.31447           826.45536             3.70165             1.95958       2       4
   10000       2       1       2       1       8     546       6       6      18     277      18      21            22.66667             3.16667             2.26255             0.21245             1.65849             0.31625           808.02808             3.67886             1.91258       4       2
   10000       2       1       2       1       8     546       6       6      19     263      17      23            21.82353             3.05882             2.22156             0.21854             1.61642             0.30355           851.49301             3.68409             1.80305       5       2
   10000       2       1       2       1       8     546       6       6      20     248      16      31            20.93750             3.06250             2.17598             0.22349             1.59574             0.31129           882.70574             3.70664             1.72168       2       6
   10000       2       1       2       1       8     546       6       6      21     228      15      21            20.93333             3.00000             2.17627             0.22402             1.57779             0.30948           882.73167             3.72083             1.76229       1       6
   10000       2       1       2       1       8     546       6       6      22     211      14      18            20.64286             2.92857             2.12285             0.22439             1.56934             0.32439           921.53044             3.73745             1.75286       4       5
   10000       2       1       2       1       8     546       6       6      23     198      13      17            20.46154             3.00000             2.12688             0.22860             1.58622             0.32584           945.76771             3.74392             1.72773       4       1
   10000       2       1       2       1       8     546       6       6      24     181      12      17            20.75000             3.00000             2.13873             0.22710             1.58799             0.33737           930.96185             3.78539             1.78838       3       6
   10000       2       1       2       1       8     546       6       6      25     169      11      24            20.00000             3.09091             2.11667             0.23226             1.62603             0.33837           946.23448             3.74265             1.73766       6       6
   10000       2       1       2       1       8     546       6       6      26     155      10      14            20.60000             3.10000             2.14236             0.22745             1.65137             0.35297           890.20344             3.81316             1.81143       6       2
   10000       2       1       2       1       8     546       6       6      27     143       9      11            21.55556             3.11111             2.21522             0.21903             1.65516             0.33883           786.82012             3.89066             1.90159       4       4
   10000       2       1       2       1       8     546       6       6      28     123       8      24            21.12500             3.12500             2.15660             0.21800             1.66817             0.34979           787.34986             4.05315             1.90998       3       2
   10000       2       1       2       1       8     546       6       6      29      99       7      23            20.71429             3.14286             2.13070             0.22016             1.70926             0.34379           837.91935             3.87546             2.04740       6       5
   10000       2       1       2       1       8     546       6       6      30      82       6      17            21.33333             3.00000             2.09366             0.20784             1.67123             0.33859           815.12577             3.91161             2.22197       5       1
