   10000       2       1       2      11       4     465       6       6       0     465      36       0            20.86111             3.02778             2.26933             0.23432             1.65535             0.34821           866.06184             3.76657             2.53990       0       0
   10000       2       1       2      11       4     465       6       6       1     455      35      22            20.77143             3.05714             2.28166             0.23635             1.65187             0.34239           870.78756             3.74728             2.51517       6       1
   10000       2       1       2      11       4     465       6       6       2     443      34      23            20.64706             3.02941             2.26395             0.23606             1.64621             0.34207           879.73900             3.74880             2.46407       3       3
   10000       2       1       2      11       4     465       6       6       3     420      33      25            20.21212             2.96970             2.28689             0.24628             1.64074             0.35679           906.76348             3.79071             2.44831       2       6
   10000       2       1       2      11       4     465       6       6       4     404      32      24            20.03125             3.03125             2.28949             0.24879             1.63405             0.35629           908.45723             3.81598             2.42530       1       3
   10000       2       1       2      11       4     465       6       6       5     387      31      21            19.80645             2.93548             2.29832             0.25367             1.60821             0.36680           926.67488             3.81759             2.41614       4       3
   10000       2       1       2      11       4     465       6       6       6     372      30      21            19.76667             3.00000             2.25732             0.25216             1.62593             0.35671           939.43910             3.81734             2.39350       4       4
   10000       2       1       2      11       4     465       6       6       7     361      29      22            19.65517             2.93103             2.25845             0.25401             1.62137             0.35204           945.57565             3.81374             2.34409       3       1
   10000       2       1       2      11       4     465       6       6       8     352      28      19            19.64286             2.92857             2.25279             0.25440             1.60184             0.35036           946.15502             3.82289             2.31213       2       1
   10000       2       1       2      11       4     465       6       6       9     347      27      16            19.81481             2.88889             2.27731             0.25571             1.58591             0.34449           951.14743             3.83091             2.26862       6       6
   10000       2       1       2      11       4     465       6       6      10     337      26      17            19.73077             2.80769             2.26274             0.25699             1.54471             0.34798           964.46998             3.84089             2.20396       6       2
   10000       2       1       2      11       4     465       6       6      11     325      25      23            19.60000             2.92000             2.25171             0.25783             1.57885             0.35101           968.33129             3.85895             2.12972       5       3
   10000       2       1       2      11       4     465       6       6      12     316      24      21            19.66667             2.79167             2.22778             0.25739             1.55057             0.34942           986.76778             3.87253             2.06458       1       5
   10000       2       1       2      11       4     465       6       6      13     308      23       9            20.17391             2.91304             2.24787             0.24789             1.60546             0.33878           931.41203             3.89910             2.11472       1       6
   10000       2       1       2      11       4     465       6       6      14     304      22      12            20.63636             2.86364             2.28984             0.24596             1.60368             0.33344           911.22274             3.90397             2.03548       4       2
   10000       2       1       2      11       4     465       6       6      15     287      21      19            20.47619             2.95238             2.26309             0.24452             1.60319             0.33122           921.77567             3.89684             2.04294       3       2
   10000       2       1       2      11       4     465       6       6      16     276      20      17            20.50000             3.00000             2.23715             0.24138             1.59546             0.31856           922.72836             3.90987             2.02871       4       1
   10000       2       1       2      11       4     465       6       6      17     264      19      17            20.84211             3.00000             2.28439             0.23992             1.60770             0.32634           892.13797             3.92019             2.06032       3       4
   10000       2       1       2      11       4     465       6       6      18     252      18      16            21.38889             3.00000             2.24697             0.22389             1.58057             0.32968           825.29000             3.95768             2.11217       6       5
   10000       2       1       2      11       4     465       6       6      19     242      17      17            21.35294             2.82353             2.27642             0.22650             1.54731             0.32796           823.50938             3.95776             2.03305       5       4
   10000       2       1       2      11       4     465       6       6      20     228      16      23            21.18750             2.87500             2.20436             0.22147             1.57072             0.30922           825.88715             4.00855             1.97477       2       3
   10000       2       1       2      11       4     465       6       6      21     208      15      19            20.60000             2.80000             2.20048             0.22824             1.55785             0.30039           822.75695             4.09314             1.89701       5       6
   10000       2       1       2      11       4     465       6       6      22     196      14      19            20.28571             2.92857             2.18587             0.23131             1.55609             0.30513           817.71167             4.11201             1.81678       2       5
   10000       2       1       2      11       4     465       6       6      23     183      13      19            19.92308             2.92308             2.17256             0.24125             1.53557             0.31109           874.31589             4.11955             1.77436       6       4
   10000       2       1       2      11       4     465       6       6      24     174      12      10            20.75000             3.00000             2.17367             0.22421             1.56168             0.29257           789.45969             4.18180             1.82584       6       3
   10000       2       1       2      11       4     465       6       6      25     166      11      20            20.81818             3.09091             2.25129             0.23151             1.59236             0.31286           793.28014             4.14801             1.68527       4       5
   10000       2       1       2      11       4     465       6       6      26     155      10      15            20.90000             3.00000             2.29701             0.23340             1.59004             0.33483           780.04218             4.20435             1.60594       1       1
   10000       2       1       2      11       4     465       6       6      27     145       9      16            20.77778             3.00000             2.36129             0.24759             1.58996             0.34446           817.26470             4.18495             1.50594       2       2
   10000       2       1       2      11       4     465       6       6      28     127       8      21            20.00000             3.12500             2.27044             0.24784             1.61471             0.32180           851.58198             4.23491             1.42678       3       5
   10000       2       1       2      11       4     465       6       6      29     114       7      12            21.00000             3.14286             2.32356             0.23535             1.62318             0.31787           772.87260             4.25366             1.49217       1       2
   10000       2       1       2      11       4     465       6       6      30      98       6      23            19.66667             3.16667             2.37261             0.26312             1.63736             0.33167           849.55871             4.26039             1.36738       2       4
