   10000       2       2       1       1      10     535       6       6       0     535      36       0            22.11111             3.11111             2.31878             0.22761             1.62375             0.35631           910.11744             3.38373             2.28553       0       0
   10000       2       2       1       1      10     535       6       6       1     523      35      26            23.08571             3.05714             2.38841             0.22474             1.61288             0.37249           875.04801             3.38862             2.40499       4       3
   10000       2       2       1       1      10     535       6       6       2     501      34      30            23.00000             3.02941             2.39492             0.22642             1.62461             0.39558           875.66887             3.38388             2.41446       5       3
   10000       2       2       1       1      10     535       6       6       3     486      33      20            23.42424             3.09091             2.39641             0.22273             1.65858             0.39336           864.00793             3.38723             2.45211       5       5
   10000       2       2       1       1      10     535       6       6       4     469      32      16            23.93750             3.06250             2.40793             0.21764             1.68595             0.38702           835.05572             3.39984             2.48689       2       2
   10000       2       2       1       1      10     535       6       6       5     458      31      29            24.00000             3.16129             2.38395             0.21485             1.72412             0.37046           825.15339             3.41517             2.46110       6       4
   10000       2       2       1       1      10     535       6       6       6     446      30      24            23.90000             3.16667             2.39165             0.21648             1.71365             0.37812           827.28007             3.43475             2.42258       6       6
   10000       2       2       1       1      10     535       6       6       7     438      29      16            24.10345             3.10345             2.42110             0.21710             1.72137             0.38062           833.09880             3.38726             2.39168       6       1
   10000       2       2       1       1      10     535       6       6       8     426      28      13            24.39286             3.28571             2.39934             0.21069             1.75228             0.36869           823.89871             3.30448             2.39343       1       6
   10000       2       2       1       1      10     535       6       6       9     401      27      26            24.66667             3.25926             2.38881             0.20620             1.76223             0.36774           800.49051             3.35368             2.47622       2       3
   10000       2       2       1       1      10     535       6       6      10     386      26      24            24.84615             3.23077             2.38739             0.20422             1.78040             0.37098           784.47510             3.39163             2.51658       2       1
   10000       2       2       1       1      10     535       6       6      11     378      25      24            25.08000             3.28000             2.38561             0.20176             1.79449             0.36743           787.93961             3.39855             2.48724       5       2
   10000       2       2       1       1      10     535       6       6      12     364      24      27            25.20833             3.25000             2.40198             0.20218             1.80488             0.37404           789.17586             3.42865             2.46394       1       4
   10000       2       2       1       1      10     535       6       6      13     353      23      22            25.56522             3.30435             2.45727             0.20453             1.80955             0.38769           777.50019             3.43715             2.43838       3       1
   10000       2       2       1       1      10     535       6       6      14     343      22      22            26.13636             3.22727             2.49165             0.20269             1.81799             0.41739           766.43074             3.45340             2.42869       4       6
   10000       2       2       1       1      10     535       6       6      15     328      21      34            26.04762             3.23810             2.46596             0.20096             1.83739             0.40393           772.56671             3.45039             2.37785       4       2
   10000       2       2       1       1      10     535       6       6      16     308      20      29            26.20000             3.30000             2.43372             0.19809             1.86447             0.38398           772.33507             3.46327             2.39379       2       5
   10000       2       2       1       1      10     535       6       6      17     297      19      26            25.94737             3.31579             2.39842             0.19717             1.86591             0.40110           785.22591             3.44725             2.28688       2       4
   10000       2       2       1       1      10     535       6       6      18     283      18      32            25.38889             3.27778             2.38045             0.19972             1.88785             0.39902           800.10032             3.45183             2.22543       6       3
   10000       2       2       1       1      10     535       6       6      19     271      17      24            25.17647             3.35294             2.36891             0.20119             1.90379             0.38780           810.17421             3.44417             2.16430       5       4
   10000       2       2       1       1      10     535       6       6      20     256      16      26            24.62500             3.37500             2.36231             0.20635             1.90657             0.39134           833.60018             3.45466             2.14442       5       1
   10000       2       2       1       1      10     535       6       6      21     244      15      26            24.13333             3.40000             2.33595             0.21550             1.90794             0.39654           886.47603             3.47832             2.02372       1       2
   10000       2       2       1       1      10     535       6       6      22     226      14      27            23.35714             3.35714             2.31490             0.22516             1.92187             0.41220           932.97333             3.46497             1.99416       2       6
   10000       2       2       1       1      10     535       6       6      23     210      13      20            23.23077             3.38462             2.36611             0.23066             1.91238             0.41613           951.40699             3.47504             1.96717       4       4
   10000       2       2       1       1      10     535       6       6      24     197      12      20            23.41667             3.33333             2.31371             0.22457             1.91973             0.41390           961.68207             3.46409             1.92984       4       1
   10000       2       2       1       1      10     535       6       6      25     181      11      20            23.63636             3.36364             2.29808             0.22183             1.94298             0.42890           966.12239             3.47130             1.88706       1       1
   10000       2       2       1       1      10     535       6       6      26     168      10      17            23.80000             3.30000             2.30717             0.22064             1.92104             0.43118           983.54238             3.45341             1.80505       3       6
   10000       2       2       1       1      10     535       6       6      27     150       9      26            23.44444             3.22222             2.29671             0.22463             1.87576             0.42370          1017.68894             3.44336             1.80647       5       6
   10000       2       2       1       1      10     535       6       6      28     141       8      28            23.87500             3.37500             2.30549             0.22583             1.88169             0.43304          1012.15280             3.48494             1.69990       3       2
   10000       2       2       1       1      10     535       6       6      29     121       7      34            22.85714             3.14286             2.31640             0.23652             1.85682             0.42784          1072.56642             3.53675             1.58403       3       3
   10000       2       2       1       1      10     535       6       6      30     105       6      22            22.83333             3.16667             2.25500             0.23575             1.84338             0.40925          1105.04436             3.54508             1.53261       6       5
   10000       2       2       1       1      10     535       6       6      31      96       5      14            24.80000             2.80000             2.43304             0.23573             1.76697             0.48985           950.22932             3.56431             1.49578       1       5
   10000       2       2       1       1      10     535       6       6      32      81       4      27            23.50000             2.75000             2.31058             0.24347             1.82382             0.47078          1043.19332             3.66311             1.26034       4       5
   10000       2       2       1       1      10     535       6       6      33      59       3      30            20.00000             3.00000             2.08040             0.26428             1.90713             0.45497          1169.95663             3.89096             1.02750       3       5
   10000       2       2       1       1      10     535       6       6      34      50       2       9            25.50000             3.00000             2.28727             0.18809             1.98569             0.49495           749.17971             3.91989             1.04125       1       3
   10000       2       2       1       1      10     535       6       6      35      23       1      28            23.00000             3.00000             2.21739             0.20158             2.04545             0.54545           814.09272             4.05614             1.00000       6       2
   10000       2       2       1       1      10     535       6       6      36       0       0      23             0.00000             0.00000             0.00000             0.00000             0.00000             0.00000             0.00000             0.00000             0.00000       3       4
