   10000       2       2       2       1       4     467       6       6       0     467      36       0            20.41667             3.19444             2.11294             0.23015             1.72272             0.31714           954.81477             3.61434             2.49732       0       0
   10000       2       2       2       1       4     467       6       6       1     457      35      20            21.02857             3.17143             2.12809             0.22430             1.70895             0.32624           930.08104             3.61258             2.54900       3       6
   10000       2       2       2       1       4     467       6       6       2     445      34      24            21.70588             3.20588             2.15601             0.22138             1.73129             0.33468           909.62796             3.60923             2.63907       3       1
   10000       2       2       2       1       4     467       6       6       3     433      33      26            22.27273             3.33333             2.22913             0.22127             1.75262             0.35605           863.06696             3.60504             2.66475       1       4
   10000       2       2       2       1       4     467       6       6       4     420      32      25            23.00000             3.25000             2.28389             0.21991             1.78400             0.38521           828.70353             3.61368             2.75812       3       3
   10000       2       2       2       1       4     467       6       6       5     410      31      27            22.90323             3.19355             2.23783             0.21529             1.79109             0.37459           827.24375             3.63309             2.72526       2       6
   10000       2       2       2       1       4     467       6       6       6     397      30      20            23.13333             3.30000             2.30227             0.21708             1.82192             0.39699           808.60269             3.65019             2.73309       6       3
   10000       2       2       2       1       4     467       6       6       7     385      29      18            23.48276             3.17241             2.31760             0.21445             1.80496             0.39143           795.94104             3.65702             2.75668       4       3
   10000       2       2       2       1       4     467       6       6       8     373      28      24            23.85714             3.25000             2.36342             0.21666             1.80939             0.39373           792.36682             3.67219             2.80765       4       4
   10000       2       2       2       1       4     467       6       6       9     363      27      28            24.03704             3.29630             2.34031             0.21292             1.83087             0.39615           789.37657             3.67748             2.78663       5       4
   10000       2       2       2       1       4     467       6       6      10     351      26      28            24.19231             3.30769             2.28397             0.20660             1.80745             0.38397           784.22096             3.69468             2.82703       4       2
   10000       2       2       2       1       4     467       6       6      11     343      25      32            24.36000             3.32000             2.28869             0.20489             1.80353             0.39573           774.95549             3.70228             2.77869       5       1
   10000       2       2       2       1       4     467       6       6      12     326      24      26            23.95833             3.37500             2.29447             0.20937             1.82181             0.39311           793.19054             3.70211             2.77426       6       2
   10000       2       2       2       1       4     467       6       6      13     316      23      31            23.69565             3.43478             2.28166             0.20961             1.81857             0.39127           804.86925             3.68359             2.65423       3       2
   10000       2       2       2       1       4     467       6       6      14     299      22      32            23.90909             3.31818             2.32980             0.21231             1.80119             0.40992           796.25566             3.68393             2.63952       3       5
   10000       2       2       2       1       4     467       6       6      15     292      21      23            24.28571             3.33333             2.33985             0.20947             1.84152             0.41041           779.18656             3.60876             2.57802       6       5
   10000       2       2       2       1       4     467       6       6      16     284      20      21            24.15000             3.40000             2.32106             0.21072             1.85131             0.41703           780.19375             3.63139             2.52315       5       3
   10000       2       2       2       1       4     467       6       6      17     279      19      16            24.78947             3.42105             2.32991             0.20463             1.86581             0.42417           764.11101             3.61962             2.51208       6       6
   10000       2       2       2       1       4     467       6       6      18     265      18      33            24.50000             3.44444             2.35344             0.20935             1.89736             0.41787           766.74430             3.64357             2.44953       5       5
   10000       2       2       2       1       4     467       6       6      19     252      17      26            24.17647             3.47059             2.36550             0.21383             1.90607             0.42481           776.92252             3.65714             2.36745       3       4
   10000       2       2       2       1       4     467       6       6      20     230      16      26            24.00000             3.37500             2.34830             0.21450             1.87258             0.43020           794.36734             3.64526             2.42245       6       4
   10000       2       2       2       1       4     467       6       6      21     210      15      27            23.80000             3.33333             2.33226             0.21554             1.85383             0.42042           804.99842             3.65499             2.46997       6       1
   10000       2       2       2       1       4     467       6       6      22     201      14      22            24.14286             3.14286             2.34456             0.21536             1.80922             0.41328           807.07965             3.63891             2.42796       2       4
   10000       2       2       2       1       4     467       6       6      23     190      13      18            24.61538             3.07692             2.35849             0.21240             1.80161             0.41792           800.50345             3.58568             2.38034       5       2
   10000       2       2       2       1       4     467       6       6      24     182      12      24            24.00000             3.08333             2.37019             0.21880             1.81074             0.44311           813.33588             3.62476             2.26711       4       6
   10000       2       2       2       1       4     467       6       6      25     163      11      30            23.45455             3.09091             2.33740             0.22127             1.79968             0.44577           834.42137             3.60382             2.29083       4       5
   10000       2       2       2       1       4     467       6       6      26     146      10      25            23.30000             3.00000             2.34790             0.22488             1.76384             0.43618           857.31574             3.55308             2.27239       4       1
   10000       2       2       2       1       4     467       6       6      27     136       9      26            23.55556             3.00000             2.41622             0.22472             1.72840             0.45481           794.60920             3.54704             2.21323       2       5
   10000       2       2       2       1       4     467       6       6      28     116       8      34            21.62500             3.00000             2.36966             0.24465             1.74424             0.46356           881.93090             3.55469             2.07943       1       5
   10000       2       2       2       1       4     467       6       6      29      96       7      20            21.85714             3.00000             2.30699             0.23784             1.74250             0.46211           882.71821             3.54601             2.23363       5       6
   10000       2       2       2       1       4     467       6       6      30      86       6      11            23.66667             2.83333             2.41155             0.22070             1.69407             0.48913           776.11178             3.63097             2.36672       1       6
