   10000       2       1       2       2       4     504       6       6       0     504      36       0            21.11111             2.88889             2.22961             0.22955             1.55904             0.32370           873.83773             3.92412             2.46365       0       0
   10000       2       1       2       2       4     504       6       6       1     487      35      26            21.17143             2.88571             2.24945             0.23013             1.56155             0.32252           867.37762             3.91755             2.45901       6       2
   10000       2       1       2       2       4     504       6       6       2     477      34      17            21.26471             2.91176             2.23531             0.22766             1.57062             0.32208           861.40322             3.93082             2.45299       6       6
   10000       2       1       2       2       4     504       6       6       3     465      33      24            21.21212             2.93939             2.25870             0.23150             1.57728             0.32164           861.12917             3.95463             2.41985       2       6
   10000       2       1       2       2       4     504       6       6       4     449      32      23            20.93750             2.90625             2.23969             0.23750             1.56174             0.32513           881.75448             3.91533             2.35456       5       2
   10000       2       1       2       2       4     504       6       6       5     434      31      27            20.83871             2.87097             2.22929             0.23821             1.55241             0.32307           889.92341             3.91391             2.34125       5       5
   10000       2       1       2       2       4     504       6       6       6     429      30      17            21.00000             2.86667             2.22033             0.23710             1.55138             0.31389           897.53449             3.88961             2.24813       1       2
   10000       2       1       2       2       4     504       6       6       7     414      29      27            21.13793             2.96552             2.24365             0.23089             1.58562             0.30196           859.65361             3.87602             2.23253       6       4
   10000       2       1       2       2       4     504       6       6       8     396      28      27            21.28571             2.96429             2.23223             0.22804             1.59973             0.31202           852.29779             3.82325             2.21509       2       3
   10000       2       1       2       2       4     504       6       6       9     384      27      22            21.33333             2.96296             2.23973             0.22690             1.58916             0.31850           848.04054             3.79803             2.20812       1       3
   10000       2       1       2       2       4     504       6       6      10     369      26      24            21.03846             3.03846             2.23762             0.23026             1.59758             0.31041           858.89944             3.79119             2.13475       3       1
   10000       2       1       2       2       4     504       6       6      11     360      25      16            21.32000             3.08000             2.20915             0.22519             1.59525             0.30740           864.85031             3.73929             2.07470       2       5
   10000       2       1       2       2       4     504       6       6      12     347      24      19            21.41667             3.08333             2.20961             0.22422             1.60080             0.30806           865.02896             3.69732             2.08127       5       6
   10000       2       1       2       2       4     504       6       6      13     326      23      26            21.17391             3.08696             2.20704             0.22741             1.59832             0.31189           880.31494             3.72786             2.05961       4       6
   10000       2       1       2       2       4     504       6       6      14     310      22      21            20.95455             3.04545             2.21060             0.22933             1.58916             0.32405           889.80800             3.72675             2.05574       1       1
   10000       2       1       2       2       4     504       6       6      15     295      21      19            21.09524             3.14286             2.20249             0.22805             1.59938             0.31361           883.62458             3.73411             2.06436       4       5
   10000       2       1       2       2       4     504       6       6      16     284      20      23            20.75000             3.05000             2.19742             0.23372             1.57724             0.30628           910.68701             3.71816             1.98951       2       2
   10000       2       1       2       2       4     504       6       6      17     270      19      28            20.26316             3.00000             2.19077             0.23766             1.55869             0.31674           929.76547             3.72354             1.96249       3       5
   10000       2       1       2       2       4     504       6       6      18     260      18      19            20.00000             3.00000             2.18366             0.23932             1.55747             0.32260           931.38788             3.69247             1.92159       1       6
   10000       2       1       2       2       4     504       6       6      19     243      17      27            19.70588             3.00000             2.16865             0.24128             1.54387             0.30121           929.21799             3.74645             1.90860       5       1
   10000       2       1       2       2       4     504       6       6      20     226      16      17            19.87500             3.00000             2.14629             0.23698             1.52867             0.30441           913.73837             3.77271             1.96539       2       1
   10000       2       1       2       2       4     504       6       6      21     211      15      21            19.73333             2.93333             2.14415             0.23561             1.51474             0.29924           910.21593             3.73846             1.94524       1       5
   10000       2       1       2       2       4     504       6       6      22     193      14      18            19.85714             3.00000             2.14355             0.23447             1.52365             0.29961           894.34490             3.78145             2.01276       3       6
   10000       2       1       2       2       4     504       6       6      23     175      13      24            19.38462             3.07692             2.13611             0.24249             1.53363             0.28917           923.25096             3.73141             2.06467       1       4
   10000       2       1       2       2       4     504       6       6      24     155      12      18            19.41667             3.08333             2.16157             0.24539             1.52942             0.29012           919.89638             3.66535             2.17814       6       5
   10000       2       1       2       2       4     504       6       6      25     154      11      14            20.18182             3.18182             2.14823             0.23394             1.54492             0.28295           936.45336             3.67775             2.04718       5       3
   10000       2       1       2       2       4     504       6       6      26     143      10      18            20.10000             3.20000             2.11112             0.23343             1.56952             0.29301           932.46750             3.66021             2.00431       5       4
   10000       2       1       2       2       4     504       6       6      27     134       9      14            20.55556             3.33333             2.12956             0.22829             1.60569             0.28805           919.33565             3.52938             1.93827       2       4
   10000       2       1       2       2       4     504       6       6      28     112       8      24            20.12500             3.25000             2.10716             0.23145             1.62162             0.29145           934.18358             3.60193             2.03153       6       1
   10000       2       1       2       2       4     504       6       6      29      95       7      17            20.57143             3.28571             2.15260             0.23230             1.62113             0.30630           902.97741             3.60790             2.17889       6       3
   10000       2       1       2       2       4     504       6       6      30      80       6      20            19.50000             3.50000             2.12226             0.24004             1.67098             0.31433           953.32288             3.73810             2.10050       4       1
