   10000       2       1       2       4       5     504       6       6       0     504      36       0            21.11111             2.88889             2.22961             0.22955             1.55904             0.32370           873.83773             3.92412             2.46365       0       0
   10000       2       1       2       4       5     504       6       6       1     494      35      19            21.20000             2.88571             2.23174             0.22947             1.55298             0.32330           876.61374             3.91679             2.42356       1       5
   10000       2       1       2       4       5     504       6       6       2     480      34      22            21.11765             2.88235             2.22438             0.23053             1.54904             0.32086           882.84817             3.91098             2.39896       1       1
   10000       2       1       2       4       5     504       6       6       3     477      33       8            21.72727             3.03030             2.28513             0.22724             1.57583             0.32567           852.89502             3.84288             2.34091       5       3
   10000       2       1       2       4       5     504       6       6       4     464      32      19            21.81250             3.03125             2.28053             0.22674             1.58838             0.33151           849.56324             3.84600             2.34194       6       3
   10000       2       1       2       4       5     504       6       6       5     452      31      16            21.80645             3.03226             2.28194             0.22627             1.59552             0.34363           842.69248             3.82174             2.34349       1       6
   10000       2       1       2       4       5     504       6       6       6     439      30      23            22.13333             3.00000             2.27103             0.22124             1.59934             0.33484           833.06169             3.81500             2.35932       5       5
   10000       2       1       2       4       5     504       6       6       7     431      29      23            21.89655             2.96552             2.28870             0.22699             1.58960             0.34872           852.21594             3.81017             2.22076       2       2
   10000       2       1       2       4       5     504       6       6       8     411      28      24            21.85714             2.96429             2.27986             0.22506             1.58300             0.33098           848.22575             3.82073             2.19513       4       1
   10000       2       1       2       4       5     504       6       6       9     394      27      24            21.77778             2.88889             2.26253             0.22498             1.56440             0.32609           853.89878             3.80552             2.19310       6       5
   10000       2       1       2       4       5     504       6       6      10     381      26      21            21.76923             2.92308             2.25534             0.22512             1.57145             0.32060           855.09563             3.81143             2.15020       4       5
   10000       2       1       2       4       5     504       6       6      11     368      25      23            21.64000             2.92000             2.25154             0.22827             1.56691             0.32496           872.72794             3.78320             2.11923       5       6
   10000       2       1       2       4       5     504       6       6      12     352      24      28            21.25000             3.04167             2.26101             0.23305             1.58980             0.33559           886.75468             3.78410             2.05654       5       4
   10000       2       1       2       4       5     504       6       6      13     337      23      24            21.47826             2.95652             2.24423             0.22829             1.54849             0.34056           876.78340             3.73693             2.05041       1       3
   10000       2       1       2       4       5     504       6       6      14     319      22      25            21.36364             2.90909             2.22121             0.22770             1.54437             0.33245           879.68710             3.73534             2.04700       6       2
   10000       2       1       2       4       5     504       6       6      15     309      21      21            21.14286             2.80952             2.24982             0.23491             1.53833             0.33565           895.06139             3.67103             1.94027       2       4
   10000       2       1       2       4       5     504       6       6      16     290      20      21            20.70000             2.90000             2.21259             0.23988             1.55060             0.32766           913.07342             3.72943             1.89768       2       6
   10000       2       1       2       4       5     504       6       6      17     275      19      29            19.84211             2.94737             2.19396             0.24827             1.56092             0.33185           940.93750             3.81000             1.80652       5       1
   10000       2       1       2       4       5     504       6       6      18     255      18      21            19.77778             2.88889             2.19058             0.25087             1.56029             0.33356           947.87757             3.84782             1.85506       6       1
   10000       2       1       2       4       5     504       6       6      19     233      17      21            19.64706             2.94118             2.19244             0.25341             1.56537             0.33256           950.36192             3.87188             1.90886       6       4
   10000       2       1       2       4       5     504       6       6      20     225      16      16            20.31250             3.12500             2.22200             0.25246             1.58076             0.32070           933.12302             3.89426             1.89901       4       4
   10000       2       1       2       4       5     504       6       6      21     215      15      10            20.86667             3.06667             2.25547             0.24674             1.59606             0.32252           917.40846             3.82971             1.92579       1       2
   10000       2       1       2       4       5     504       6       6      22     205      14      28            19.92857             3.00000             2.22986             0.26412             1.53818             0.31883           986.18013             3.93622             1.67316       4       2
   10000       2       1       2       4       5     504       6       6      23     182      13      26            19.53846             3.00000             2.21067             0.26937             1.56105             0.32874          1011.35922             3.97609             1.75990       4       6
   10000       2       1       2       4       5     504       6       6      24     166      12      19            19.08333             3.08333             2.23179             0.27669             1.56788             0.34652          1016.89565             3.90963             1.78097       2       3
   10000       2       1       2       4       5     504       6       6      25     149      11      17            19.27273             3.00000             2.24216             0.27778             1.52859             0.34393          1016.44543             3.97723             1.85197       5       2
   10000       2       1       2       4       5     504       6       6      26     127      10      24            18.80000             3.10000             2.20312             0.28259             1.54232             0.34354          1044.64364             3.91396             1.91597       1       4
   10000       2       1       2       4       5     504       6       6      27     111       9      22            18.33333             3.33333             2.19203             0.28229             1.57850             0.33312          1031.27202             4.00225             1.87431       2       1
   10000       2       1       2       4       5     504       6       6      28      98       8      17            18.37500             3.25000             2.21506             0.28113             1.55254             0.33054          1014.78439             3.98765             1.86336       4       3
   10000       2       1       2       4       5     504       6       6      29      87       7      11            19.42857             3.14286             2.21984             0.25587             1.51703             0.28923           970.10845             3.82336             1.96365       2       5
   10000       2       1       2       4       5     504       6       6      30      75       6      12            20.66667             3.50000             2.19894             0.22874             1.59790             0.30713           853.16881             3.80153             2.12426       6       6
