   10000       2       1       2      10       1     465       6       6       0     465      36       0            20.86111             3.02778             2.26933             0.23432             1.65535             0.34821           866.06190             3.76657             2.53990       0       0
   10000       2       1       2      10       1     465       6       6       1     454      35      22            20.77143             3.00000             2.26556             0.23539             1.65722             0.34688           868.90847             3.76379             2.49904       3       1
   10000       2       1       2      10       1     465       6       6       2     439      34      24            20.64706             3.08824             2.25197             0.23638             1.67071             0.33876           878.41325             3.76920             2.45485       4       4
   10000       2       1       2      10       1     465       6       6       3     434      33      16            20.78788             3.03030             2.25199             0.23537             1.64439             0.33411           884.29102             3.77390             2.42170       6       6
   10000       2       1       2      10       1     465       6       6       4     429      32      14            21.00000             3.12500             2.23643             0.23060             1.66726             0.31642           869.82867             3.79196             2.39217       1       6
   10000       2       1       2      10       1     465       6       6       5     416      31      25            21.16129             3.09677             2.25589             0.23052             1.67602             0.31636           856.84158             3.78340             2.38406       3       6
   10000       2       1       2      10       1     465       6       6       6     404      30      17            21.20000             3.10000             2.25693             0.23110             1.67371             0.30962           863.05147             3.79971             2.36802       4       1
   10000       2       1       2      10       1     465       6       6       7     389      29      23            21.03448             3.06897             2.26618             0.23512             1.66062             0.31736           881.78190             3.79150             2.36082       4       3
   10000       2       1       2      10       1     465       6       6       8     381      28      20            21.17857             3.03571             2.29044             0.23705             1.63518             0.32631           875.94294             3.79661             2.34303       2       1
   10000       2       1       2      10       1     465       6       6       9     371      27      15            21.66667             3.07407             2.29527             0.23027             1.64267             0.32921           852.95473             3.79535             2.33775       5       4
   10000       2       1       2      10       1     465       6       6      10     361      26      22            21.57692             3.11538             2.30236             0.23255             1.63291             0.32468           865.58954             3.76832             2.30530       6       1
   10000       2       1       2      10       1     465       6       6      11     351      25      19            21.80000             3.08000             2.28011             0.22841             1.63081             0.32943           856.98264             3.78796             2.26462       3       4
   10000       2       1       2      10       1     465       6       6      12     337      24      26            21.83333             3.08333             2.25620             0.22820             1.65108             0.32699           865.90576             3.80699             2.22795       1       4
   10000       2       1       2      10       1     465       6       6      13     314      23      25            21.47826             3.00000             2.24383             0.23045             1.63819             0.32638           882.47378             3.77430             2.22346       5       1
   10000       2       1       2      10       1     465       6       6      14     299      22      27            21.36364             3.09091             2.19869             0.22868             1.66126             0.32161           890.09510             3.76009             2.18818       5       5
   10000       2       1       2      10       1     465       6       6      15     288      21      23            21.00000             3.09524             2.17567             0.23084             1.64367             0.31824           921.71487             3.75745             2.12901       6       4
   10000       2       1       2      10       1     465       6       6      16     275      20      20            20.85000             3.15000             2.16538             0.23280             1.66758             0.32401           920.03649             3.78127             2.06132       5       3
   10000       2       1       2      10       1     465       6       6      17     258      19      16            21.00000             3.10526             2.17492             0.23168             1.65376             0.31649           900.91544             3.80403             2.12502       6       5
   10000       2       1       2      10       1     465       6       6      18     250      18      13            21.33333             3.11111             2.18475             0.22711             1.65724             0.31719           882.19102             3.83185             2.11552       6       3
   10000       2       1       2      10       1     465       6       6      19     241      17      34            20.47059             3.11765             2.18144             0.23789             1.64793             0.29112           903.06394             3.84212             1.91977       2       5
   10000       2       1       2      10       1     465       6       6      20     225      16      24            20.12500             3.12500             2.17329             0.24603             1.65650             0.30082           957.44740             3.81507             1.84859       3       2
   10000       2       1       2      10       1     465       6       6      21     209      15      21            19.80000             3.00000             2.15995             0.25399             1.63472             0.31053           989.18951             3.82741             1.83199       3       5
   10000       2       1       2      10       1     465       6       6      22     195      14      38            18.50000             2.92857             2.08418             0.26116             1.62517             0.30861          1036.89777             3.89209             1.68190       2       3
   10000       2       1       2      10       1     465       6       6      23     181      13      18            18.38462             3.00000             2.08845             0.26006             1.65928             0.31602          1011.91916             3.92436             1.65379       5       6
   10000       2       1       2      10       1     465       6       6      24     173      12      30            17.00000             3.00000             2.04083             0.27260             1.62609             0.30195          1080.17923             3.94284             1.41483       1       2
   10000       2       1       2      10       1     465       6       6      25     154      11      24            15.81818             3.00000             2.00180             0.30001             1.63366             0.30086          1187.30006             3.94088             1.33214       4       6
   10000       2       1       2      10       1     465       6       6      26     137      10      19            15.50000             3.00000             1.97112             0.30443             1.61925             0.29841          1221.99642             3.96536             1.33989       3       3
   10000       2       1       2      10       1     465       6       6      27     129       9      15            15.33333             3.11111             1.98104             0.31116             1.63500             0.30636          1225.18470             4.01580             1.16671       6       2
   10000       2       1       2      10       1     465       6       6      28     121       8       8            16.25000             3.25000             1.99429             0.28309             1.69652             0.29109          1212.95385             3.72816             1.18754       4       5
   10000       2       1       2      10       1     465       6       6      29     105       7      20            15.42857             3.14286             1.94943             0.30250             1.71117             0.26779          1396.18871             3.75299             1.04677       5       2
   10000       2       1       2      10       1     465       6       6      30      99       6       6            17.00000             3.16667             2.07989             0.27514             1.66303             0.27909          1106.74270             3.73027             1.05457       4       2
