   10000       2       2       2       8      10     509       6       6       0     509      36       0            22.55556             2.97222             2.25679             0.22020             1.60747             0.37073           901.40119             3.36120             2.56709       0       0
   10000       2       2       2       8      10     509       6       6       1     498      35      17            22.74286             3.00000             2.27067             0.21809             1.63357             0.37537           893.33220             3.34918             2.58825       4       1
   10000       2       2       2       8      10     509       6       6       2     479      34      24            23.64706             3.02941             2.32520             0.20999             1.63030             0.37981           820.72927             3.40164             2.67304       3       3
   10000       2       2       2       8      10     509       6       6       3     472      33      17            23.72727             3.12121             2.32787             0.21006             1.64983             0.38220           821.15778             3.38312             2.61044       3       1
   10000       2       2       2       8      10     509       6       6       4     462      32      21            24.12500             3.12500             2.35251             0.20805             1.64545             0.37641           803.90321             3.38522             2.65363       2       3
   10000       2       2       2       8      10     509       6       6       5     445      31      22            24.03226             3.16129             2.34642             0.20800             1.65638             0.38202           791.81906             3.38657             2.59435       4       4
   10000       2       2       2       8      10     509       6       6       6     436      30      21            24.26667             3.16667             2.35450             0.20675             1.66868             0.38690           786.77145             3.39434             2.56094       3       6
   10000       2       2       2       8      10     509       6       6       7     425      29      30            24.86207             3.20690             2.38419             0.20567             1.69087             0.39305           756.28840             3.42946             2.59159       1       5
   10000       2       2       2       8      10     509       6       6       8     408      28      30            25.03571             3.14286             2.35167             0.20204             1.68632             0.38597           747.25249             3.45529             2.57432       3       5
   10000       2       2       2       8      10     509       6       6       9     388      27      39            24.29630             3.18519             2.35163             0.20668             1.70335             0.38575           756.24211             3.47906             2.53421       2       6
   10000       2       2       2       8      10     509       6       6      10     375      26      21            25.07692             3.11538             2.42079             0.20738             1.68853             0.38786           736.20002             3.50150             2.61947       6       2
   10000       2       2       2       8      10     509       6       6      11     366      25      21            25.52000             3.20000             2.44249             0.20551             1.73898             0.40156           722.45228             3.48301             2.60441       5       6
   10000       2       2       2       8      10     509       6       6      12     354      24      23            25.50000             3.25000             2.42334             0.20380             1.79553             0.39202           719.25300             3.45800             2.57259       2       1
   10000       2       2       2       8      10     509       6       6      13     336      23      28            25.82609             3.34783             2.43633             0.20328             1.84087             0.40163           714.77673             3.47263             2.59862       6       4
   10000       2       2       2       8      10     509       6       6      14     311      22      33            24.90909             3.40909             2.38912             0.20791             1.85745             0.41713           738.80460             3.49851             2.56007       5       1
   10000       2       2       2       8      10     509       6       6      15     307      21      29            25.52381             3.28571             2.42205             0.20741             1.84483             0.41534           727.56596             3.53017             2.52554       5       5
   10000       2       2       2       8      10     509       6       6      16     298      20      20            25.30000             3.20000             2.38469             0.20541             1.81225             0.39708           734.16078             3.51616             2.40869       1       2
   10000       2       2       2       8      10     509       6       6      17     287      19      14            25.68421             3.21053             2.42911             0.20507             1.82687             0.40539           698.19683             3.50911             2.42845       6       1
   10000       2       2       2       8      10     509       6       6      18     278      18      18            26.11111             3.16667             2.41983             0.20016             1.80745             0.40831           677.22137             3.54079             2.43389       1       6
   10000       2       2       2       8      10     509       6       6      19     273      17      18            27.17647             3.17647             2.42932             0.19053             1.83139             0.39829           659.75318             3.49833             2.40475       4       3
   10000       2       2       2       8      10     509       6       6      20     253      16      25            27.00000             3.18750             2.42130             0.19054             1.85026             0.38860           661.79166             3.47518             2.39247       6       3
   10000       2       2       2       8      10     509       6       6      21     242      15      23            27.00000             3.26667             2.40046             0.18832             1.88036             0.38990           648.21117             3.52024             2.30655       1       4
   10000       2       2       2       8      10     509       6       6      22     233      14      19            27.42857             3.21429             2.42004             0.18628             1.85873             0.38504           631.48446             3.51303             2.25151       1       3
   10000       2       2       2       8      10     509       6       6      23     218      13      27            27.15385             3.23077             2.42526             0.18792             1.84466             0.37273           634.60792             3.53263             2.17678       3       4
   10000       2       2       2       8      10     509       6       6      24     200      12      33            26.58333             3.25000             2.38736             0.18914             1.86143             0.35536           643.52916             3.56829             2.13286       2       5
   10000       2       2       2       8      10     509       6       6      25     188      11      26            26.00000             3.27273             2.41716             0.19838             1.86672             0.36120           659.50520             3.63668             2.02152       4       6
   10000       2       2       2       8      10     509       6       6      26     171      10      30            25.20000             3.20000             2.38795             0.20211             1.83504             0.36873           673.50013             3.66546             1.91781       5       4
   10000       2       2       2       8      10     509       6       6      27     163       9      28            24.77778             3.33333             2.36414             0.20390             1.86621             0.37374           696.40437             3.70458             1.75219       5       2
   10000       2       2       2       8      10     509       6       6      28     148       8      23            24.62500             3.25000             2.33586             0.20413             1.89235             0.37572           694.20730             3.70133             1.62863       2       2
   10000       2       2       2       8      10     509       6       6      29     135       7      27            24.14286             3.42857             2.32160             0.20859             1.92157             0.38612           686.83853             3.72195             1.48914       4       2
   10000       2       2       2       8      10     509       6       6      30     124       6      28            23.00000             3.50000             2.29830             0.21661             1.91208             0.38412           720.23845             3.78527             1.24065       6       5
