   10000       2       1       2       7       9     535       6       6       0     535      36       0            22.11111             3.11111             2.31878             0.22761             1.62375             0.35631           910.11748             3.38373             2.28553       0       0
   10000       2       1       2       7       9     535       6       6       1     523      35      26            22.00000             3.11429             2.35756             0.23283             1.62324             0.36595           914.08207             3.39715             2.24623       6       5
   10000       2       1       2       7       9     535       6       6       2     506      34      25            21.88235             3.08824             2.33527             0.23220             1.61171             0.36090           919.37000             3.40242             2.22590       4       5
   10000       2       1       2       7       9     535       6       6       3     491      33      23            21.75758             3.09091             2.32161             0.23323             1.61677             0.35501           930.38674             3.42866             2.17273       2       1
   10000       2       1       2       7       9     535       6       6       4     487      32      13            22.03125             3.12500             2.31886             0.22909             1.63574             0.35054           932.34953             3.32826             2.14045       1       6
   10000       2       1       2       7       9     535       6       6       5     468      31      26            21.90323             3.09677             2.30765             0.23036             1.62810             0.34857           943.58839             3.33082             2.12302       3       6
   10000       2       1       2       7       9     535       6       6       6     450      30      26            21.96667             3.10000             2.30252             0.22997             1.62409             0.35135           942.50083             3.33542             2.11497       2       3
   10000       2       1       2       7       9     535       6       6       7     438      29      25            21.96552             3.03448             2.31299             0.23510             1.60517             0.35229           957.19634             3.37088             2.06163       2       5
   10000       2       1       2       7       9     535       6       6       8     424      28      15            22.17857             3.03571             2.30441             0.23242             1.61062             0.34605           940.14847             3.38901             2.07712       3       1
   10000       2       1       2       7       9     535       6       6       9     413      27      25            22.14815             3.07407             2.30364             0.23372             1.60946             0.34672           948.67989             3.38484             2.00818       5       1
   10000       2       1       2       7       9     535       6       6      10     394      26      24            22.00000             3.03846             2.34679             0.23689             1.59429             0.35045           934.83622             3.38703             2.00962       2       4
   10000       2       1       2       7       9     535       6       6      11     390      25      10            22.56000             3.12000             2.33814             0.22379             1.62899             0.33484           865.44850             3.41323             1.97650       1       3
   10000       2       1       2       7       9     535       6       6      12     373      24      25            23.00000             3.08333             2.37258             0.22458             1.62583             0.32884           854.80929             3.42063             1.99040       4       3
   10000       2       1       2       7       9     535       6       6      13     358      23      22            23.17391             3.08696             2.33140             0.22002             1.63630             0.31333           847.39254             3.40868             1.99055       6       4
   10000       2       1       2       7       9     535       6       6      14     343      22      17            23.31818             3.09091             2.35978             0.22007             1.64207             0.32542           844.45769             3.38364             2.00122       4       6
   10000       2       1       2       7       9     535       6       6      15     331      21      20            23.47619             3.09524             2.34686             0.21729             1.63937             0.32733           837.57805             3.40153             1.98922       6       6
   10000       2       1       2       7       9     535       6       6      16     317      20      32            22.95000             3.10000             2.33088             0.22079             1.65267             0.32313           859.23556             3.38355             1.87624       6       2
   10000       2       1       2       7       9     535       6       6      17     308      19      21            22.78947             3.10526             2.34764             0.22435             1.63593             0.33445           846.75113             3.40109             1.83403       1       5
   10000       2       1       2       7       9     535       6       6      18     296      18      20            23.00000             3.11111             2.36132             0.22366             1.62774             0.32247           833.20947             3.40303             1.83658       6       3
   10000       2       1       2       7       9     535       6       6      19     278      17      22            22.88235             3.17647             2.30828             0.21945             1.64399             0.31137           819.89423             3.44163             1.83639       3       5
   10000       2       1       2       7       9     535       6       6      20     259      16      18            23.12500             3.06250             2.33143             0.21874             1.63654             0.33737           812.09224             3.44094             1.89124       1       4
   10000       2       1       2       7       9     535       6       6      21     241      15      27            22.46667             3.06667             2.33364             0.22470             1.64790             0.33808           838.01188             3.41128             1.81110       4       4
   10000       2       1       2       7       9     535       6       6      22     232      14      16            22.85714             3.07143             2.30826             0.21677             1.66358             0.33250           820.90527             3.41304             1.77748       4       1
   10000       2       1       2       7       9     535       6       6      23     217      13      27            22.38462             3.00000             2.27289             0.21778             1.66190             0.32969           832.13560             3.40360             1.68957       5       3
   10000       2       1       2       7       9     535       6       6      24     204      12      13            23.16667             3.00000             2.36712             0.21778             1.65387             0.34994           822.48138             3.32846             1.74192       6       1
   10000       2       1       2       7       9     535       6       6      25     187      11      25            23.00000             3.00000             2.35130             0.21898             1.67552             0.35308           843.97976             3.30646             1.72454       5       2
   10000       2       1       2       7       9     535       6       6      26     177      10      17            23.60000             3.00000             2.39742             0.21679             1.67084             0.35704           814.65240             3.30777             1.61882       2       2
   10000       2       1       2       7       9     535       6       6      27     162       9      20            23.77778             3.00000             2.41284             0.21777             1.69413             0.35516           813.65461             3.29395             1.58385       5       4
   10000       2       1       2       7       9     535       6       6      28     146       8      31            22.00000             3.00000             2.41658             0.23446             1.66967             0.37301           849.66472             3.38799             1.36594       3       2
   10000       2       1       2       7       9     535       6       6      29     124       7      22            22.00000             3.00000             2.41315             0.23492             1.66330             0.37297           855.85151             3.28639             1.41822       2       6
   10000       2       1       2       7       9     535       6       6      30     106       6      19            22.50000             3.00000             2.43815             0.23216             1.69977             0.37032           861.84353             3.17160             1.47109       4       2
