   10000       2       1       2       6      11     496       6       6       0     496      36       0            21.13889             3.02778             2.22575             0.23036             1.59494             0.35659           936.79100             3.61014             2.41911       0       0
   10000       2       1       2       6      11     496       6       6       1     478      35      30            20.97143             2.94286             2.22577             0.23162             1.58354             0.36013           941.80567             3.60370             2.40431       4       2
   10000       2       1       2       6      11     496       6       6       2     454      34      29            20.76471             2.88235             2.21939             0.23346             1.56103             0.35514           957.51515             3.62890             2.40923       2       2
   10000       2       1       2       6      11     496       6       6       3     433      33      29            20.51515             2.96970             2.17703             0.23395             1.58002             0.35026           986.41120             3.64554             2.39970       1       1
   10000       2       1       2       6      11     496       6       6       4     421      32      27            20.28125             2.96875             2.15469             0.23385             1.58192             0.34041           992.76746             3.65508             2.34601       6       5
   10000       2       1       2       6      11     496       6       6       5     404      31      26            20.29032             2.96774             2.16993             0.23655             1.57883             0.33987           990.07376             3.67374             2.33376       6       2
   10000       2       1       2       6      11     496       6       6       6     392      30      26            19.93333             2.90000             2.18500             0.24523             1.55947             0.34090          1022.19077             3.69850             2.27156       5       1
   10000       2       1       2       6      11     496       6       6       7     382      29      25            19.65517             2.96552             2.17068             0.24661             1.57429             0.34244          1030.35811             3.73705             2.21149       1       3
   10000       2       1       2       6      11     496       6       6       8     366      28      26            19.32143             2.89286             2.16182             0.25201             1.55271             0.34726          1056.23206             3.73357             2.13937       1       5
   10000       2       1       2       6      11     496       6       6       9     355      27      26            19.25926             2.96296             2.15331             0.25106             1.58315             0.34493          1061.41092             3.72082             2.07879       2       4
   10000       2       1       2       6      11     496       6       6      10     343      26      26            19.26923             2.96154             2.11843             0.24604             1.57599             0.34034          1051.82353             3.72173             2.06460       3       6
   10000       2       1       2       6      11     496       6       6      11     332      25      26            19.12000             3.08000             2.13801             0.25023             1.61113             0.34228          1059.17606             3.73997             1.99153       5       6
   10000       2       1       2       6      11     496       6       6      12     318      24      24            19.08333             3.08333             2.12496             0.25219             1.60231             0.34469          1066.55094             3.75423             1.95713       2       6
   10000       2       1       2       6      11     496       6       6      13     305      23      28            18.56522             3.08696             2.13731             0.25988             1.61689             0.33486          1089.05955             3.74834             1.87844       3       5
   10000       2       1       2       6      11     496       6       6      14     289      22      24            18.09091             3.09091             2.11466             0.26314             1.60402             0.32789          1115.13506             3.75483             1.83633       5       5
   10000       2       1       2       6      11     496       6       6      15     280      21      22            18.04762             3.09524             2.10605             0.26670             1.59092             0.33197          1144.45864             3.74617             1.73067       5       3
   10000       2       1       2       6      11     496       6       6      16     263      20      22            17.40000             3.10000             2.05964             0.28003             1.58215             0.31880          1240.64104             3.77676             1.61451       6       4
   10000       2       1       2       6      11     496       6       6      17     244      19      20            17.21053             3.05263             2.05437             0.28282             1.57955             0.32800          1263.90247             3.79599             1.63981       6       1
   10000       2       1       2       6      11     496       6       6      18     224      18      19            17.05556             3.00000             2.02529             0.28621             1.56669             0.31351          1311.15387             3.87164             1.67535       6       6
   10000       2       1       2       6      11     496       6       6      19     211      17      19            16.64706             2.94118             2.00093             0.29113             1.54737             0.30653          1339.94873             3.86650             1.62000       2       3
   10000       2       1       2       6      11     496       6       6      20     200      16      18            16.75000             2.81250             2.00781             0.28632             1.53148             0.30952          1280.00378             3.91305             1.62818       4       1
   10000       2       1       2       6      11     496       6       6      21     187      15      17            16.66667             2.80000             1.97626             0.28884             1.53083             0.28604          1364.06042             3.91345             1.60361       3       4
   10000       2       1       2       6      11     496       6       6      22     173      14      17            16.71429             2.85714             1.97170             0.28884             1.55984             0.28666          1357.40120             3.98455             1.62472       5       4
   10000       2       1       2       6      11     496       6       6      23     163      13      20            15.92308             2.84615             1.93682             0.30377             1.54212             0.28936          1467.00021             3.88848             1.46586       4       3
   10000       2       1       2       6      11     496       6       6      24     147      12      16            15.83333             2.66667             1.92025             0.30645             1.52737             0.30575          1542.17216             3.72051             1.50139       2       5
   10000       2       1       2       6      11     496       6       6      25     132      11      14            15.90909             2.63636             1.94115             0.32710             1.51937             0.30557          1701.40419             3.80117             1.54697       1       4
   10000       2       1       2       6      11     496       6       6      26     119      10      13            16.20000             2.60000             1.96355             0.33130             1.49631             0.31113          1688.69452             3.88857             1.60166       1       2
   10000       2       1       2       6      11     496       6       6      27     108       9      12            16.55556             3.00000             1.97098             0.32398             1.64559             0.34507          1605.68209             3.98821             1.56813       2       1
   10000       2       1       2       6      11     496       6       6      28      98       8      10            17.37500             3.00000             1.98714             0.31402             1.64295             0.34653          1626.12061             3.99262             1.63915       1       6
   10000       2       1       2       6      11     496       6       6      29      89       7       9            18.57143             3.14286             2.00118             0.29142             1.71695             0.34247          1493.31901             4.09148             1.73045       5       2
   10000       2       1       2       6      11     496       6       6      30      86       6       3            21.16667             3.50000             2.22360             0.22888             1.83644             0.39954           865.16536             3.44180             1.85220       6       3
