   10000       2       2       2       6      11     478       6       6       0     478      36       0            20.97222             2.94444             2.17468             0.22490             1.64555             0.34265           881.77585             3.80360             2.53724       0       0
   10000       2       2       2       6      11     478       6       6       1     464      35      32            21.00000             2.97143             2.17256             0.22417             1.64280             0.34148           875.82016             3.81788             2.52681       5       1
   10000       2       2       2       6      11     478       6       6       2     445      34      31            21.26471             2.91176             2.21343             0.22497             1.63991             0.34791           858.89096             3.82794             2.57020       5       2
   10000       2       2       2       6      11     478       6       6       3     425      33      27            21.42424             2.93939             2.19204             0.22152             1.66079             0.36301           848.97271             3.84755             2.60890       6       4
   10000       2       2       2       6      11     478       6       6       4     401      32      30            21.68750             3.03125             2.20500             0.21988             1.68995             0.36125           836.40310             3.87479             2.69433       5       5
   10000       2       2       2       6      11     478       6       6       5     387      31      30            21.22581             3.03226             2.19268             0.22345             1.68616             0.35912           857.99499             3.88389             2.64134       6       6
   10000       2       2       2       6      11     478       6       6       6     376      30      28            20.96667             3.03333             2.16770             0.22363             1.69738             0.36604           872.65605             3.88427             2.63695       6       2
   10000       2       2       2       6      11     478       6       6       7     366      29      26            21.37931             3.06897             2.19427             0.22346             1.68847             0.35886           857.69298             3.91659             2.66198       4       2
   10000       2       2       2       6      11     478       6       6       8     351      28      27            21.67857             3.14286             2.20363             0.22293             1.70359             0.34843           829.67706             3.92360             2.67397       2       2
   10000       2       2       2       6      11     478       6       6       9     340      27      27            22.07407             3.07407             2.19677             0.21661             1.66947             0.34893           819.30542             3.93160             2.67525       4       3
   10000       2       2       2       6      11     478       6       6      10     330      26      27            22.38462             3.11538             2.22735             0.21602             1.69110             0.34184           809.38934             3.92617             2.62291       3       4
   10000       2       2       2       6      11     478       6       6      11     324      25      27            22.28000             3.16000             2.20881             0.22045             1.73586             0.34833           817.97949             3.95044             2.55786       5       4
   10000       2       2       2       6      11     478       6       6      12     313      24      27            22.20833             3.08333             2.22428             0.22037             1.74346             0.36819           795.45023             3.95677             2.49929       2       3
   10000       2       2       2       6      11     478       6       6      13     302      23      28            23.30435             3.26087             2.26890             0.20949             1.78341             0.38142           748.50799             3.91628             2.51012       2       5
   10000       2       2       2       6      11     478       6       6      14     285      22      29            23.09091             3.31818             2.25136             0.21092             1.81118             0.39013           754.72421             3.96982             2.52996       2       4
   10000       2       2       2       6      11     478       6       6      15     270      21      29            22.14286             3.23810             2.21083             0.21784             1.81275             0.38472           787.11532             4.01229             2.42564       1       5
   10000       2       2       2       6      11     478       6       6      16     252      20      26            21.90000             3.25000             2.20621             0.22076             1.82461             0.38162           800.86052             3.96234             2.42146       6       1
   10000       2       2       2       6      11     478       6       6      17     243      19      24            21.68421             3.21053             2.19514             0.22262             1.80380             0.37589           812.02764             3.94590             2.37273       5       3
   10000       2       2       2       6      11     478       6       6      18     228      18      24            21.50000             3.16667             2.20336             0.22567             1.82198             0.38312           813.40296             3.98899             2.33646       1       1
   10000       2       2       2       6      11     478       6       6      19     215      17      23            21.11765             3.23529             2.18962             0.23103             1.82724             0.36890           832.93453             4.05797             2.31990       5       6
   10000       2       2       2       6      11     478       6       6      20     207      16      23            21.00000             3.31250             2.18282             0.23196             1.82398             0.34899           828.40104             4.08563             2.21881       1       2
   10000       2       2       2       6      11     478       6       6      21     194      15      22            20.66667             3.40000             2.17806             0.23722             1.80265             0.34916           838.99218             4.18446             2.19586       2       6
   10000       2       2       2       6      11     478       6       6      22     182      14      19            20.35714             3.28571             2.12027             0.23823             1.78697             0.37033           870.03255             4.19093             2.14830       1       3
   10000       2       2       2       6      11     478       6       6      23     176      13      19            20.69231             3.23077             2.12206             0.23587             1.83453             0.36598           877.00999             4.23483             2.05640       2       1
   10000       2       2       2       6      11     478       6       6      24     163      12      19            20.41667             3.16667             2.11088             0.24073             1.80965             0.38963           899.18889             4.16502             2.01543       4       1
   10000       2       2       2       6      11     478       6       6      25     149      11      18            20.45455             3.18182             2.11252             0.24220             1.80645             0.38619           932.90755             4.13412             2.02632       6       3
   10000       2       2       2       6      11     478       6       6      26     140      10      16            20.90000             3.20000             2.09592             0.23625             1.81022             0.37148           916.83141             4.08282             1.93422       1       6
   10000       2       2       2       6      11     478       6       6      27     126       9      15            21.33333             3.11111             2.06760             0.23214             1.75851             0.38286           880.92266             4.13761             1.95508       3       5
   10000       2       2       2       6      11     478       6       6      28     113       8      14            22.00000             3.00000             2.11255             0.23417             1.73326             0.43993           831.12471             4.17335             2.06407       6       5
   10000       2       2       2       6      11     478       6       6      29     107       7      12            22.85714             3.00000             2.11502             0.22185             1.78117             0.44441           850.96173             3.99627             1.85870       3       6
   10000       2       2       2       6      11     478       6       6      30     100       6      11            24.83333             3.00000             2.20504             0.20702             1.74975             0.41343           799.55306             3.91569             1.83189       1       4
