   10000       2       2       2       3      11     525       6       6       0     525      36       0            21.69444             2.91667             2.24134             0.22026             1.60306             0.30909           825.34604             4.00950             2.38234       0       0
   10000       2       2       2       3      11     525       6       6       1     507      35      28            21.91429             2.97143             2.25640             0.21916             1.60859             0.31608           802.90765             4.03173             2.38939       6       4
   10000       2       2       2       3      11     525       6       6       2     494      34      29            22.08824             3.02941             2.25414             0.21717             1.61849             0.30527           796.99244             4.02589             2.39137       6       2
   10000       2       2       2       3      11     525       6       6       3     477      33      27            21.87879             2.96970             2.24858             0.21870             1.62521             0.31596           804.73417             4.03482             2.37728       6       1
   10000       2       2       2       3      11     525       6       6       4     458      32      31            21.75000             3.06250             2.23103             0.21793             1.64469             0.31767           803.99330             4.03367             2.36161       5       1
   10000       2       2       2       3      11     525       6       6       5     449      31      28            22.00000             3.03226             2.25186             0.21751             1.63183             0.32571           787.74907             4.09166             2.37141       4       2
   10000       2       2       2       3      11     525       6       6       6     438      30      29            21.90000             2.96667             2.27899             0.22066             1.62623             0.33151           788.76024             4.13302             2.32132       5       3
   10000       2       2       2       3      11     525       6       6       7     426      29      27            22.37931             2.96552             2.31087             0.21959             1.64310             0.33416           770.65704             4.14571             2.34314       4       4
   10000       2       2       2       3      11     525       6       6       8     402      28      31            22.35714             3.07143             2.29118             0.21780             1.68274             0.35992           764.69574             4.16214             2.43154       3       4
   10000       2       2       2       3      11     525       6       6       9     386      27      34            22.07407             3.03704             2.29089             0.22107             1.72271             0.35877           771.92279             4.15920             2.39208       3       3
   10000       2       2       2       3      11     525       6       6      10     373      26      29            22.26923             3.03846             2.32519             0.22077             1.73374             0.36113           760.99652             4.17577             2.35414       2       3
   10000       2       2       2       3      11     525       6       6      11     360      25      27            22.48000             3.04000             2.31347             0.21817             1.74295             0.36353           752.15167             4.19520             2.35985       3       1
   10000       2       2       2       3      11     525       6       6      12     348      24      31            22.41667             3.04167             2.28454             0.21602             1.73078             0.35966           754.49976             4.19800             2.31333       2       2
   10000       2       2       2       3      11     525       6       6      13     332      23      26            22.47826             3.04348             2.29656             0.21878             1.72380             0.35977           745.57701             4.21762             2.28559       6       5
   10000       2       2       2       3      11     525       6       6      14     317      22      27            22.18182             3.18182             2.30625             0.22342             1.75391             0.36093           744.43516             4.30145             2.22609       5       5
   10000       2       2       2       3      11     525       6       6      15     303      21      26            21.90476             3.14286             2.28003             0.22412             1.73328             0.34947           757.32227             4.32677             2.21464       5       2
   10000       2       2       2       3      11     525       6       6      16     290      20      25            21.80000             3.15000             2.27147             0.22453             1.73462             0.35762           757.09102             4.36731             2.20266       2       1
   10000       2       2       2       3      11     525       6       6      17     278      19      25            22.05263             3.26316             2.30834             0.22622             1.74520             0.34989           748.89349             4.37026             2.15008       2       5
   10000       2       2       2       3      11     525       6       6      18     263      18      24            21.94444             3.16667             2.27413             0.22474             1.74376             0.35913           745.18946             4.37447             2.10593       4       5
   10000       2       2       2       3      11     525       6       6      19     247      17      26            21.76471             3.17647             2.25316             0.22532             1.74306             0.34706           757.27680             4.40516             2.02785       3       6
   10000       2       2       2       3      11     525       6       6      20     239      16      24            21.56250             3.18750             2.26910             0.23185             1.75773             0.36865           758.35575             4.48045             1.93918       5       6
   10000       2       2       2       3      11     525       6       6      21     222      15      23            21.20000             3.20000             2.26088             0.23858             1.76347             0.36099           787.52370             4.47603             1.90270       2       6
   10000       2       2       2       3      11     525       6       6      22     201      14      23            21.00000             3.21429             2.24609             0.24066             1.74155             0.36523           793.49847             4.52749             1.95007       6       3
   10000       2       2       2       3      11     525       6       6      23     190      13      22            20.84615             3.15385             2.24563             0.24366             1.70583             0.36549           812.44831             4.51514             1.83324       3       2
   10000       2       2       2       3      11     525       6       6      24     175      12      21            20.83333             3.16667             2.22245             0.24294             1.68548             0.35428           818.54321             4.53353             1.81759       4       3
   10000       2       2       2       3      11     525       6       6      25     156      11      19            21.00000             3.18182             2.22602             0.24277             1.70344             0.35997           827.73632             4.53042             1.89192       4       1
   10000       2       2       2       3      11     525       6       6      26     141      10      19            21.20000             3.20000             2.24062             0.24416             1.68924             0.36402           828.94049             4.50727             1.88085       5       4
   10000       2       2       2       3      11     525       6       6      27     131       9      19            21.44444             3.22222             2.25870             0.24539             1.70544             0.36589           806.33124             4.47548             1.75753       4       6
   10000       2       2       2       3      11     525       6       6      28     122       8      17            22.50000             3.00000             2.33732             0.24489             1.64101             0.40255           795.12727             4.44685             1.77356       2       4
   10000       2       2       2       3      11     525       6       6      29     114       7      16            23.42857             3.00000             2.39151             0.24168             1.61319             0.39340           815.71486             4.29464             1.73209       3       5
   10000       2       2       2       3      11     525       6       6      30     106       6       8            26.00000             3.00000             2.51927             0.20458             1.62015             0.38753           719.79743             4.01342             1.85411       6       6
