   10000       2       1       1       1       4     503       6       6       0     503      36       0            22.55556             3.00000             2.29326             0.21934             1.68768             0.35119           834.45788             3.74064             2.54979       0       0
   10000       2       1       1       1       4     503       6       6       1     492      35      22            22.42857             3.00000             2.28908             0.22027             1.69421             0.34964           840.30648             3.74633             2.49153       3       1
   10000       2       1       1       1       4     503       6       6       2     478      34      22            22.55882             2.94118             2.28613             0.21840             1.68839             0.35485           828.43977             3.77439             2.47200       6       4
   10000       2       1       1       1       4     503       6       6       3     464      33      26            22.42424             2.96970             2.27177             0.21854             1.69241             0.35002           824.68496             3.80282             2.43195       5       2
   10000       2       1       1       1       4     503       6       6       4     446      32      24            22.31250             2.93750             2.27222             0.21951             1.69392             0.35254           828.36325             3.80659             2.41976       6       2
   10000       2       1       1       1       4     503       6       6       5     435      31      18            22.51613             2.93548             2.24652             0.21418             1.70685             0.34225           819.43922             3.75550             2.40551       3       4
   10000       2       1       1       1       4     503       6       6       6     428      30      17            22.86667             2.96667             2.26869             0.21276             1.72418             0.34638           803.91673             3.75812             2.36650       4       3
   10000       2       1       1       1       4     503       6       6       7     413      29      29            22.68966             2.96552             2.28857             0.21631             1.72571             0.35367           808.00767             3.79890             2.36697       5       3
   10000       2       1       1       1       4     503       6       6       8     401      28      24            22.42857             3.00000             2.23916             0.21321             1.74239             0.34342           822.63266             3.81203             2.32889       4       1
   10000       2       1       1       1       4     503       6       6       9     389      27      23            22.48148             2.96296             2.25177             0.21592             1.72891             0.34378           830.71834             3.81712             2.31143       3       2
   10000       2       1       1       1       4     503       6       6      10     374      26      24            22.42308             2.96154             2.26086             0.21790             1.72092             0.35324           829.60604             3.83398             2.30370       5       4
   10000       2       1       1       1       4     503       6       6      11     359      25      27            22.04000             2.96000             2.21499             0.21524             1.70913             0.33839           838.48991             3.85594             2.25087       5       5
   10000       2       1       1       1       4     503       6       6      12     350      24      19            22.08333             2.91667             2.24013             0.21978             1.69587             0.33976           838.70397             3.87434             2.24420       5       1
   10000       2       1       1       1       4     503       6       6      13     333      23      25            21.82609             2.91304             2.22090             0.22081             1.69639             0.34026           850.70551             3.90066             2.24719       6       5
   10000       2       1       1       1       4     503       6       6      14     312      22      27            21.63636             2.90909             2.21490             0.22142             1.69075             0.33349           858.64640             3.94347             2.27998       4       4
   10000       2       1       1       1       4     503       6       6      15     295      21      22            21.42857             2.95238             2.22670             0.22524             1.68757             0.33724           862.85837             3.97123             2.29698       6       6
   10000       2       1       1       1       4     503       6       6      16     294      20      10            22.05000             3.05000             2.25571             0.21708             1.70984             0.32655           828.71486             3.85840             2.20467       1       1
   10000       2       1       1       1       4     503       6       6      17     292      19       9            22.68421             3.15789             2.28887             0.21373             1.75377             0.34382           814.48915             3.66040             2.03983       2       4
   10000       2       1       1       1       4     503       6       6      18     279      18      22            22.88889             3.05556             2.31832             0.21583             1.74039             0.36010           798.61129             3.66474             2.03193       4       5
   10000       2       1       1       1       4     503       6       6      19     273      17      18            23.11765             3.17647             2.33379             0.21492             1.76219             0.35750           802.61858             3.63100             1.93624       2       2
   10000       2       1       1       1       4     503       6       6      20     265      16      25            22.75000             3.12500             2.30746             0.21630             1.75293             0.33810           821.18647             3.63769             1.75758       1       5
   10000       2       1       1       1       4     503       6       6      21     254      15      24            22.66667             3.26667             2.28283             0.21523             1.79438             0.32243           825.87809             3.62205             1.69521       2       3
   10000       2       1       1       1       4     503       6       6      22     237      14      24            22.21429             3.21429             2.24972             0.21683             1.77274             0.31779           856.34647             3.55440             1.65640       1       2
   10000       2       1       1       1       4     503       6       6      23     219      13      27            21.30769             3.23077             2.19615             0.21986             1.80221             0.30178           884.18959             3.56053             1.55550       4       6
   10000       2       1       1       1       4     503       6       6      24     200      12      19            21.50000             3.16667             2.21109             0.21940             1.79036             0.29453           890.53406             3.46357             1.60179       2       1
   10000       2       1       1       1       4     503       6       6      25     187      11      25            21.45455             3.27273             2.12700             0.21269             1.79129             0.29417           913.27275             3.47142             1.48004       3       5
   10000       2       1       1       1       4     503       6       6      26     167      10      27            20.30000             3.10000             2.10922             0.22031             1.79006             0.29837           942.01953             3.56362             1.41665       3       6
   10000       2       1       1       1       4     503       6       6      27     155       9      18            19.88889             3.00000             2.11055             0.22523             1.76991             0.32712           958.94064             3.66351             1.33613       1       3
   10000       2       1       1       1       4     503       6       6      28     148       8      22            19.12500             3.12500             2.06931             0.23199             1.74627             0.32331          1024.68003             3.65863             1.07261       2       6
   10000       2       1       1       1       4     503       6       6      29     130       7      20            19.00000             3.14286             2.00064             0.22679             1.74010             0.30935          1022.24495             3.75965             1.05207       4       2
   10000       2       1       1       1       4     503       6       6      30     113       6      19            19.00000             3.16667             2.00952             0.22852             1.69678             0.30536           995.96747             3.74785             1.02262       1       4
   10000       2       1       1       1       4     503       6       6      31      92       5      21            18.60000             3.00000             1.97333             0.23042             1.61614             0.31643          1059.95669             3.83010             1.02715       5       6
   10000       2       1       1       1       4     503       6       6      32      66       4      26            16.75000             2.75000             1.86089             0.23956             1.52017             0.28553          1119.29026             4.10735             1.03394       6       3
   10000       2       1       1       1       4     503       6       6      33      47       3      19            16.00000             2.66667             1.77943             0.24144             1.52690             0.25108          1178.51412             4.29014             1.04525       3       3
   10000       2       1       1       1       4     503       6       6      34      30       2      18            15.00000             2.50000             1.80804             0.26085             1.52564             0.25897          1222.23307             3.86167             1.00000       2       5
   10000       2       1       1       1       4     503       6       6      35      14       1      16            14.00000             2.00000             1.92857             0.29670             1.38462             0.38462          1387.39122             4.01002             1.00000       6       1
   10000       2       1       1       1       4     503       6       6      36       0       0      14             0.00000             0.00000             0.00000             0.00000             0.00000             0.00000             0.00000             0.00000             0.00000       1       6
