   10000       2       1       2      12       7     467       6       6       0     467      36       0            20.41667             3.19444             2.11294             0.23015             1.72272             0.31714           954.81457             3.61434             2.49732       0       0
   10000       2       1       2      12       7     467       6       6       1     446      35      26            20.25714             3.17143             2.10500             0.23153             1.73315             0.31776           967.94317             3.59669             2.49108       6       4
   10000       2       1       2      12       7     467       6       6       2     437      34      19            20.29412             3.02941             2.09240             0.23028             1.70387             0.31754           972.52082             3.61023             2.45545       4       6
   10000       2       1       2      12       7     467       6       6       3     425      33      22            20.12121             3.00000             2.09350             0.23666             1.69476             0.32881          1015.26966             3.58595             2.39682       1       3
   10000       2       1       2      12       7     467       6       6       4     415      32      18            20.50000             2.96875             2.11949             0.23462             1.68373             0.34368           992.72222             3.59546             2.44580       5       4
   10000       2       1       2      12       7     467       6       6       5     398      31      29            20.22581             3.00000             2.10935             0.23651             1.69596             0.33941          1003.39502             3.58802             2.39559       5       5
   10000       2       1       2      12       7     467       6       6       6     381      30      26            20.16667             2.96667             2.11479             0.24084             1.68371             0.34169          1021.91323             3.58967             2.39478       3       5
   10000       2       1       2      12       7     467       6       6       7     379      29       7            20.65517             3.10345             2.10689             0.22606             1.71240             0.32891           936.67362             3.59406             2.36542       1       6
   10000       2       1       2      12       7     467       6       6       8     365      28      26            20.39286             3.21429             2.09166             0.22978             1.73904             0.33749           965.82417             3.57593             2.25696       2       4
   10000       2       1       2      12       7     467       6       6       9     355      27      21            20.22222             3.18519             2.06824             0.22738             1.73977             0.33861           970.48033             3.56425             2.20862       1       2
   10000       2       1       2      12       7     467       6       6      10     345      26      15            20.23077             3.15385             2.10124             0.22787             1.71499             0.33310           952.64921             3.52186             2.19349       3       4
   10000       2       1       2      12       7     467       6       6      11     329      25      26            20.04000             3.16000             2.10012             0.22962             1.72447             0.34271           963.90699             3.51745             2.20588       4       4
   10000       2       1       2      12       7     467       6       6      12     318      24      22            20.04167             3.08333             2.08750             0.22982             1.70161             0.34638           971.63377             3.51086             2.16448       3       1
   10000       2       1       2      12       7     467       6       6      13     306      23      17            20.13043             3.08696             2.12193             0.23149             1.72595             0.34882           962.20108             3.50819             2.15417       6       1
   10000       2       1       2      12       7     467       6       6      14     298      22      19            19.90909             3.09091             2.07141             0.23064             1.74523             0.33704           989.63229             3.46941             2.09979       6       6
   10000       2       1       2      12       7     467       6       6      15     290      21      13            20.04762             3.14286             2.10174             0.23097             1.75856             0.33902           972.22318             3.49406             2.07766       1       1
   10000       2       1       2      12       7     467       6       6      16     271      20      29            19.60000             3.25000             2.07141             0.23354             1.78042             0.32985           992.98970             3.51948             2.06825       1       5
   10000       2       1       2      12       7     467       6       6      17     256      19      24            19.63158             3.31579             2.04389             0.23518             1.81505             0.32049          1032.43299             3.49273             2.02903       3       3
   10000       2       1       2      12       7     467       6       6      18     237      18      22            19.50000             3.33333             2.05616             0.23895             1.82089             0.32001          1037.29487             3.47282             2.07033       1       4
   10000       2       1       2      12       7     467       6       6      19     232      17      14            20.11765             3.41176             2.10502             0.23769             1.83905             0.32646          1022.06317             3.46011             2.00179       4       1
   10000       2       1       2      12       7     467       6       6      20     220      16      27            19.75000             3.43750             2.08102             0.24014             1.83899             0.32046          1042.45817             3.46477             1.90260       4       2
   10000       2       1       2      12       7     467       6       6      21     207      15      12            20.13333             3.53333             2.07354             0.23238             1.86246             0.32308          1003.85784             3.47636             1.94953       5       6
   10000       2       1       2      12       7     467       6       6      22     197      14      10            20.78571             3.35714             2.12246             0.22725             1.85712             0.33303           982.03855             3.41227             2.00668       6       5
   10000       2       1       2      12       7     467       6       6      23     183      13      25            20.30769             3.38462             2.11688             0.23131             1.83626             0.33846          1014.16120             3.39614             1.91703       6       2
   10000       2       1       2      12       7     467       6       6      24     182      12       6            21.66667             3.41667             2.20166             0.21468             1.89591             0.33149           891.91642             3.29580             1.78447       2       3
   10000       2       1       2      12       7     467       6       6      25     166      11      22            21.27273             3.45455             2.21483             0.22026             1.89424             0.36217           907.78386             3.30274             1.74723       3       6
   10000       2       1       2      12       7     467       6       6      26     151      10      22            20.60000             3.40000             2.14647             0.22086             1.90328             0.34326           951.87990             3.28534             1.67160       3       2
   10000       2       1       2      12       7     467       6       6      27     134       9      21            20.11111             3.44444             2.12247             0.22557             1.94416             0.33515          1003.33312             3.33830             1.64204       2       1
   10000       2       1       2      12       7     467       6       6      28     120       8      13            20.87500             3.37500             2.18658             0.22218             1.92290             0.35837           916.52032             3.33976             1.72527       2       2
   10000       2       1       2      12       7     467       6       6      29     111       7      14            21.85714             3.00000             2.25334             0.21747             1.76907             0.36325           885.17451             3.32706             1.64240       4       3
   10000       2       1       2      12       7     467       6       6      30      92       6      24            20.33333             3.16667             2.21812             0.22914             1.79023             0.37133           949.41608             3.27378             1.57091       5       1
