   10000       2       1       2      10      11     478       6       6       0     478      36       0            20.97222             2.94444             2.17468             0.22490             1.64555             0.34265           881.77585             3.80360             2.53724       0       0
   10000       2       1       2      10      11     478       6       6       1     459      35      32            20.82857             2.94286             2.15317             0.22405             1.64401             0.34053           883.71591             3.79880             2.53671       5       1
   10000       2       1       2      10      11     478       6       6       2     443      34      27            20.70588             2.91176             2.15075             0.22544             1.65144             0.34665           891.30729             3.79532             2.50452       5       5
   10000       2       1       2      10      11     478       6       6       3     425      33      29            20.51515             2.93939             2.15601             0.22927             1.65660             0.35187           900.12116             3.78665             2.47079       6       4
   10000       2       1       2      10      11     478       6       6       4     411      32      27            20.28125             2.93750             2.13400             0.23015             1.66018             0.35601           913.17920             3.76045             2.44618       6       2
   10000       2       1       2      10      11     478       6       6       5     395      31      27            20.25806             2.93548             2.12888             0.22995             1.65976             0.35844           911.68852             3.75922             2.43238       3       2
   10000       2       1       2      10      11     478       6       6       6     376      30      27            20.26667             2.93333             2.17341             0.23363             1.65520             0.34790           913.51296             3.76455             2.43757       4       3
   10000       2       1       2      10      11     478       6       6       7     361      29      28            19.93103             2.89655             2.13056             0.23198             1.65210             0.33884           928.65902             3.77421             2.35515       3       4
   10000       2       1       2      10      11     478       6       6       8     348      28      26            19.78571             2.89286             2.14526             0.23550             1.64584             0.35007           937.53484             3.79191             2.35317       6       6
   10000       2       1       2      10      11     478       6       6       9     332      27      27            19.29630             2.88889             2.11030             0.24055             1.64003             0.35049           967.57462             3.80874             2.30356       4       6
   10000       2       1       2      10      11     478       6       6      10     316      26      26            19.19231             2.92308             2.12960             0.24155             1.63332             0.35404           948.44560             3.83018             2.22182       2       5
   10000       2       1       2      10      11     478       6       6      11     308      25      24            19.04000             3.00000             2.11938             0.24075             1.65125             0.34280           957.61203             3.83375             2.08643       2       3
   10000       2       1       2      10      11     478       6       6      12     291      24      24            18.75000             2.91667             2.08177             0.23914             1.61403             0.33536           970.09585             3.89541             2.08627       5       2
   10000       2       1       2      10      11     478       6       6      13     279      23      24            18.52174             3.00000             2.02743             0.23538             1.62168             0.31414           980.22330             3.96439             2.02412       1       6
   10000       2       1       2      10      11     478       6       6      14     268      22      23            18.13636             2.90909             2.02298             0.23914             1.58498             0.31213           983.58305             3.98685             1.91146       1       2
   10000       2       1       2      10      11     478       6       6      15     255      21      23            18.04762             2.90476             1.98260             0.23637             1.58127             0.30100           978.72752             4.03184             1.86792       4       4
   10000       2       1       2      10      11     478       6       6      16     247      20      22            17.40000             2.80000             1.97928             0.25178             1.56248             0.29881          1043.23816             4.08659             1.74396       5       3
   10000       2       1       2      10      11     478       6       6      17     245      19      22            17.00000             2.89474             2.02560             0.26241             1.59293             0.30427          1082.58756             4.08277             1.63433       1       4
   10000       2       1       2      10      11     478       6       6      18     240      18      21            16.55556             2.88889             1.98819             0.26462             1.59555             0.29253          1121.50985             4.11512             1.49616       2       1
   10000       2       1       2      10      11     478       6       6      19     219      17      20            16.17647             2.88235             1.96229             0.26743             1.58613             0.29962          1151.40347             4.14690             1.51155       6       1
   10000       2       1       2      10      11     478       6       6      20     211      16      19            15.56250             2.87500             1.94476             0.27692             1.56701             0.28776          1210.89138             4.16185             1.37946       4       1
   10000       2       1       2      10      11     478       6       6      21     199      15      18            15.13333             3.06667             1.94418             0.28468             1.59881             0.27122          1260.65751             4.19729             1.27638       4       5
   10000       2       1       2      10      11     478       6       6      22     184      14      17            15.00000             3.07143             1.92338             0.28506             1.60587             0.27273          1262.03648             4.26655             1.27620       6       5
   10000       2       1       2      10      11     478       6       6      23     180      13      16            14.53846             3.15385             1.91416             0.29298             1.64116             0.26015          1331.60040             4.24560             1.09363       3       6
   10000       2       1       2      10      11     478       6       6      24     165      12      16            14.41667             3.25000             1.87055             0.29031             1.66125             0.24850          1348.87189             4.25635             1.08199       5       4
   10000       2       1       2      10      11     478       6       6      25     150      11      15            14.36364             3.18182             1.87696             0.29333             1.64994             0.23862          1341.54636             4.31091             1.08945       4       2
   10000       2       1       2      10      11     478       6       6      26     136      10      14            14.40000             3.20000             1.89323             0.29629             1.65340             0.22402          1326.41994             4.42902             1.09839       5       6
   10000       2       1       2      10      11     478       6       6      27     122       9      13            14.44444             3.00000             1.94199             0.30481             1.58795             0.23141          1339.24648             4.52567             1.10932       3       3
   10000       2       1       2      10      11     478       6       6      28     110       8      12            14.75000             3.00000             1.94900             0.30051             1.59326             0.24897          1320.39245             4.51036             1.12299       3       1
   10000       2       1       2      10      11     478       6       6      29      99       7      11            15.28571             2.71429             2.01963             0.30189             1.53515             0.27025          1250.47551             4.53416             1.14056       3       5
   10000       2       1       2      10      11     478       6       6      30      92       6       7            16.66667             2.83333             2.11814             0.27284             1.59657             0.28751          1160.62490             4.21502             1.16398       6       3
