   10000       2       2       2       1       9     523       6       6       0     523      36       0            22.19444             3.02778             2.32437             0.22473             1.62973             0.34372           814.90618             3.76329             2.41033       0       0
   10000       2       2       2       1       9     523       6       6       1     509      35      26            22.88571             3.02857             2.34526             0.21959             1.64012             0.35386           784.54372             3.78226             2.50968       4       3
   10000       2       2       2       1       9     523       6       6       2     498      34      18            23.05882             3.02941             2.34893             0.21792             1.64918             0.35036           777.98931             3.79202             2.50716       6       1
   10000       2       2       2       1       9     523       6       6       3     486      33      23            23.18182             3.03030             2.36003             0.21819             1.63943             0.34799           778.44377             3.78153             2.48347       1       6
   10000       2       2       2       1       9     523       6       6       4     475      32      25            23.15625             3.03125             2.38288             0.22125             1.65067             0.35880           786.54408             3.76336             2.41251       5       2
   10000       2       2       2       1       9     523       6       6       5     451      31      22            22.93548             3.09677             2.34626             0.21969             1.66814             0.35504           791.33562             3.77229             2.41170       6       4
   10000       2       2       2       1       9     523       6       6       6     436      30      23            23.00000             3.20000             2.36690             0.22053             1.69487             0.37047           793.47710             3.75811             2.39712       3       6
   10000       2       2       2       1       9     523       6       6       7     422      29      21            23.82759             3.17241             2.38174             0.21577             1.70637             0.38716           769.34119             3.76311             2.49120       2       4
   10000       2       2       2       1       9     523       6       6       8     415      28      19            24.46429             3.28571             2.37921             0.20967             1.72294             0.38986           752.42887             3.75830             2.51435       5       3
   10000       2       2       2       1       9     523       6       6       9     400      27      23            24.29630             3.22222             2.37731             0.21012             1.71117             0.38988           765.11967             3.74328             2.45987       4       2
   10000       2       2       2       1       9     523       6       6      10     388      26      27            24.07692             3.15385             2.36388             0.21164             1.69657             0.39500           775.75503             3.74156             2.42670       6       2
   10000       2       2       2       1       9     523       6       6      11     379      25      33            23.76000             3.16000             2.36569             0.21561             1.70426             0.39512           789.35996             3.71359             2.34243       2       5
   10000       2       2       2       1       9     523       6       6      12     369      24      25            23.87500             3.29167             2.37621             0.21471             1.75908             0.39812           778.32329             3.72325             2.29530       4       1
   10000       2       2       2       1       9     523       6       6      13     361      23      22            25.08696             3.34783             2.44614             0.21081             1.77716             0.40701           749.90923             3.74343             2.33934       4       4
   10000       2       2       2       1       9     523       6       6      14     347      22      30            24.95455             3.36364             2.42397             0.21013             1.78141             0.40448           751.55843             3.74978             2.32052       5       4
   10000       2       2       2       1       9     523       6       6      15     338      21      21            25.57143             3.28571             2.47152             0.20839             1.77045             0.40606           740.59014             3.72085             2.33474       4       6
   10000       2       2       2       1       9     523       6       6      16     329      20      22            26.15000             3.25000             2.49561             0.20559             1.74032             0.39634           723.77273             3.72666             2.29578       3       2
   10000       2       2       2       1       9     523       6       6      17     312      19      37            25.57895             3.47368             2.42811             0.20376             1.78394             0.39649           728.57085             3.76284             2.19892       3       4
   10000       2       2       2       1       9     523       6       6      18     290      18      31            24.27778             3.50000             2.34731             0.21166             1.80724             0.39061           783.00779             3.74093             2.11485       3       5
   10000       2       2       2       1       9     523       6       6      19     277      17      32            24.00000             3.52941             2.31603             0.21212             1.86036             0.39630           796.56892             3.73998             2.02283       1       4
   10000       2       2       2       1       9     523       6       6      20     256      16      29            23.50000             3.50000             2.27451             0.21335             1.85963             0.38849           818.69676             3.73824             2.02420       1       5
   10000       2       2       2       1       9     523       6       6      21     249      15      19            24.00000             3.53333             2.30215             0.21092             1.85666             0.39958           804.32978             3.74411             1.98653       3       1
   10000       2       2       2       1       9     523       6       6      22     234      14      14            24.35714             3.50000             2.30690             0.20582             1.82932             0.39022           787.21933             3.76863             2.00511       2       6
   10000       2       2       2       1       9     523       6       6      23     224      13      20            24.07692             3.53846             2.28002             0.20865             1.88109             0.39558           813.74367             3.82946             1.85097       6       6
   10000       2       2       2       1       9     523       6       6      24     211      12      18            24.91667             3.33333             2.34762             0.20379             1.79815             0.41691           771.79981             3.67375             1.88119       5       6
   10000       2       2       2       1       9     523       6       6      25     190      11      24            24.90909             3.18182             2.38295             0.20610             1.77322             0.39830           776.66092             3.63693             1.92762       3       3
   10000       2       2       2       1       9     523       6       6      26     181      10      16            26.00000             3.20000             2.43676             0.19656             1.80129             0.39667           762.31043             3.58130             1.90370       4       5
   10000       2       2       2       1       9     523       6       6      27     163       9      33            25.00000             3.22222             2.39304             0.20060             1.82740             0.39771           783.15125             3.52939             1.85701       5       5
   10000       2       2       2       1       9     523       6       6      28     144       8      20            25.62500             3.25000             2.43141             0.19786             1.83215             0.38163           769.09561             3.49865             1.95310       6       5
   10000       2       2       2       1       9     523       6       6      29     129       7      23            26.00000             3.28571             2.43093             0.19450             1.82765             0.38520           763.44271             3.44114             1.96985       5       1
   10000       2       2       2       1       9     523       6       6      30     102       6      29            25.50000             3.33333             2.38334             0.19468             1.82868             0.38392           796.80589             3.31070             2.09389       6       3
