   10000       2       1       2      12       3     514       6       6       0     514      36       0            21.69444             3.13889             2.30008             0.22645             1.65036             0.33603           860.60531             3.60649             2.37765       0       0
   10000       2       1       2      12       3     514       6       6       1     501      35      19            21.74286             3.11429             2.33643             0.22942             1.64871             0.35001           855.78624             3.58374             2.36553       6       6
   10000       2       1       2      12       3     514       6       6       2     485      34      20            21.94118             3.11765             2.31904             0.22573             1.66375             0.34821           848.15867             3.57632             2.39415       4       2
   10000       2       1       2      12       3     514       6       6       3     465      33      29            21.96970             3.12121             2.29118             0.22248             1.66048             0.35396           844.66351             3.57914             2.40007       3       3
   10000       2       1       2      12       3     514       6       6       4     448      32      21            21.87500             3.12500             2.30782             0.22538             1.66874             0.34366           856.67969             3.54826             2.38632       6       5
   10000       2       1       2      12       3     514       6       6       5     436      31      22            21.83871             3.16129             2.34298             0.22920             1.67483             0.34473           854.63408             3.56301             2.36148       1       1
   10000       2       1       2      12       3     514       6       6       6     419      30      21            22.00000             3.13333             2.33635             0.22746             1.68217             0.35074           845.99125             3.58248             2.35737       1       4
   10000       2       1       2      12       3     514       6       6       7     408      29      21            22.06897             3.13793             2.32412             0.22605             1.68376             0.34133           837.53170             3.59188             2.32107       3       6
   10000       2       1       2      12       3     514       6       6       8     392      28      17            22.28571             3.17857             2.32487             0.22363             1.69877             0.34426           827.46151             3.60179             2.34805       3       2
   10000       2       1       2      12       3     514       6       6       9     380      27      24            22.33333             3.33333             2.31103             0.22367             1.73100             0.33411           833.75388             3.58273             2.27980       4       5
   10000       2       1       2      12       3     514       6       6      10     355      26      26            21.92308             3.26923             2.28386             0.22465             1.69759             0.33015           844.51242             3.61162             2.30036       3       5
   10000       2       1       2      12       3     514       6       6      11     345      25      26            21.68000             3.32000             2.28726             0.22749             1.69414             0.32528           844.27841             3.63340             2.19963       5       1
   10000       2       1       2      12       3     514       6       6      12     329      24      28            21.37500             3.37500             2.25477             0.22833             1.70058             0.31094           862.46495             3.59540             2.13565       2       3
   10000       2       1       2      12       3     514       6       6      13     319      23      21            21.69565             3.39130             2.30439             0.23051             1.69573             0.32383           861.33664             3.60977             2.09458       5       4
   10000       2       1       2      12       3     514       6       6      14     311      22      23            21.50000             3.36364             2.29955             0.23418             1.70431             0.31531           879.17352             3.58850             1.98882       2       5
   10000       2       1       2      12       3     514       6       6      15     298      21      25            21.38095             3.33333             2.27325             0.23263             1.69335             0.31717           885.25634             3.56281             1.93854       4       4
   10000       2       1       2      12       3     514       6       6      16     289      20      21            21.40000             3.30000             2.32096             0.23757             1.69603             0.32083           883.86262             3.55069             1.87164       5       2
   10000       2       1       2      12       3     514       6       6      17     278      19      16            21.57895             3.31579             2.32590             0.23503             1.68853             0.31361           867.68859             3.54677             1.86073       6       4
   10000       2       1       2      12       3     514       6       6      18     258      18      28            21.00000             3.44444             2.26058             0.23535             1.70618             0.28353           905.18599             3.54840             1.80713       6       2
   10000       2       1       2      12       3     514       6       6      19     252      17      22            20.64706             3.52941             2.23776             0.23796             1.73087             0.27589           933.60603             3.52408             1.71072       5       3
   10000       2       1       2      12       3     514       6       6      20     241      16      24            20.25000             3.56250             2.22256             0.24349             1.75339             0.27257           950.52997             3.57533             1.63413       5       6
   10000       2       1       2      12       3     514       6       6      21     230      15      19            20.13333             3.46667             2.19337             0.24237             1.70869             0.27284           945.79806             3.61853             1.57393       1       3
   10000       2       1       2      12       3     514       6       6      22     210      14      21            20.07143             3.42857             2.18881             0.24370             1.70990             0.25679           950.77285             3.59211             1.60659       4       3
   10000       2       1       2      12       3     514       6       6      23     200      13      23            19.38462             3.46154             2.18431             0.25702             1.72134             0.27309          1000.15882             3.59005             1.44669       1       6
   10000       2       1       2      12       3     514       6       6      24     183      12      26            18.33333             3.58333             2.18107             0.26931             1.73213             0.24750          1063.59139             3.58969             1.37710       2       4
   10000       2       1       2      12       3     514       6       6      25     170      11      13            18.81818             3.54545             2.17236             0.26025             1.74034             0.25052          1030.29624             3.52697             1.41138       5       5
   10000       2       1       2      12       3     514       6       6      26     160      10      11            19.60000             3.40000             2.26233             0.25891             1.70356             0.27034           983.51320             3.52162             1.43751       6       1
   10000       2       1       2      12       3     514       6       6      27     142       9      18            19.77778             3.33333             2.27744             0.26034             1.66957             0.26894           977.15575             3.52546             1.48613       4       6
   10000       2       1       2      12       3     514       6       6      28     116       8      36            17.50000             3.37500             2.22637             0.27751             1.65625             0.25001          1052.48934             3.62958             1.33420       2       1
   10000       2       1       2      12       3     514       6       6      29     104       7      20            16.71429             3.28571             2.23260             0.29048             1.58796             0.23889          1084.15416             3.69308             1.22066       3       1
   10000       2       1       2      12       3     514       6       6      30      88       6      16            16.83333             3.33333             2.26095             0.29306             1.59706             0.24537          1099.95239             3.56863             1.25744       6       3
