   10000       2       1       2      10       2     514       6       6       0     514      36       0            21.69444             3.13889             2.30008             0.22645             1.65036             0.33603           860.60524             3.60649             2.37765       0       0
   10000       2       1       2      10       2     514       6       6       1     505      35      21            21.88571             3.20000             2.29030             0.22439             1.65932             0.33311           850.55106             3.61179             2.34804       3       6
   10000       2       1       2      10       2     514       6       6       2     488      34      21            21.97059             3.14706             2.32350             0.22679             1.65693             0.34008           842.86219             3.62530             2.34002       1       4
   10000       2       1       2      10       2     514       6       6       3     478      33      25            21.84848             3.15152             2.31472             0.22756             1.66015             0.33387           851.46208             3.61754             2.27207       2       5
   10000       2       1       2      10       2     514       6       6       4     472      32      20            21.96875             3.12500             2.28832             0.22436             1.66479             0.32680           851.18511             3.62874             2.22289       1       2
   10000       2       1       2      10       2     514       6       6       5     458      31      26            21.80645             3.12903             2.30862             0.22799             1.66502             0.33275           854.53318             3.63902             2.18030       5       6
   10000       2       1       2      10       2     514       6       6       6     444      30      20            22.00000             3.10000             2.32184             0.22728             1.65889             0.34356           846.26321             3.62033             2.19190       4       4
   10000       2       1       2      10       2     514       6       6       7     436      29      14            22.20690             3.03448             2.32237             0.22438             1.64975             0.33218           841.05788             3.62208             2.14073       6       1
   10000       2       1       2      10       2     514       6       6       8     420      28      21            22.46429             3.10714             2.30799             0.22063             1.66882             0.32761           830.61274             3.61470             2.15315       4       2
   10000       2       1       2      10       2     514       6       6       9     408      27      18            22.66667             3.14815             2.30744             0.21866             1.68844             0.32612           815.47973             3.60219             2.15421       6       6
   10000       2       1       2      10       2     514       6       6      10     392      26      21            22.53846             3.11538             2.31411             0.22086             1.68234             0.32885           820.10088             3.64824             2.12771       4       1
   10000       2       1       2      10       2     514       6       6      11     361      25      28            22.04000             3.12000             2.29048             0.22324             1.67841             0.32517           829.50687             3.66745             2.16153       3       5
   10000       2       1       2      10       2     514       6       6      12     341      24      32            21.62500             3.16667             2.25145             0.22325             1.67879             0.30980           842.26526             3.68045             2.12326       2       1
   10000       2       1       2      10       2     514       6       6      13     332      23      25            21.43478             3.08696             2.25643             0.22631             1.65759             0.31446           852.59939             3.71061             2.04792       5       2
   10000       2       1       2      10       2     514       6       6      14     317      22      18            21.50000             3.09091             2.24641             0.22701             1.63637             0.29225           854.61836             3.77629             1.99727       5       5
   10000       2       1       2      10       2     514       6       6      15     304      21      31            21.09524             3.14286             2.23574             0.23080             1.63606             0.28599           878.14325             3.77859             1.89079       2       3
   10000       2       1       2      10       2     514       6       6      16     292      20      14            20.85000             3.10000             2.26315             0.23484             1.64678             0.30500           890.44405             3.72112             1.81235       5       4
   10000       2       1       2      10       2     514       6       6      17     286      19      17            21.00000             3.15789             2.23949             0.23133             1.67215             0.28773           896.69015             3.68196             1.73318       5       3
   10000       2       1       2      10       2     514       6       6      18     274      18      16            21.11111             3.16667             2.25945             0.23174             1.67811             0.29028           886.33225             3.70223             1.69596       3       1
   10000       2       1       2      10       2     514       6       6      19     261      17      25            21.00000             3.17647             2.25382             0.23294             1.67849             0.28391           875.99100             3.73003             1.65810       3       4
   10000       2       1       2      10       2     514       6       6      20     244      16      21            20.50000             3.18750             2.24201             0.23888             1.69993             0.29738           905.70241             3.74986             1.62283       4       6
   10000       2       1       2      10       2     514       6       6      21     226      15      25            20.06667             3.20000             2.23211             0.24247             1.70625             0.27641           918.36592             3.74769             1.59220       4       3
   10000       2       1       2      10       2     514       6       6      22     212      14      25            19.57143             3.28571             2.25144             0.25138             1.72198             0.28634           944.85594             3.75037             1.51031       6       4
   10000       2       1       2      10       2     514       6       6      23     202      13      20            19.23077             3.30769             2.23828             0.25401             1.75414             0.28501           967.01282             3.74305             1.45159       6       3
   10000       2       1       2      10       2     514       6       6      24     183      12      18            19.25000             3.25000             2.25094             0.25559             1.73293             0.27958           979.77294             3.68809             1.48976       6       5
   10000       2       1       2      10       2     514       6       6      25     170      11      13            19.81818             3.27273             2.23704             0.24296             1.73895             0.25794           954.19133             3.58707             1.53429       4       5
   10000       2       1       2      10       2     514       6       6      26     160      10      23            18.90000             3.30000             2.23685             0.25923             1.75732             0.27816          1015.03887             3.57974             1.32616       1       6
   10000       2       1       2      10       2     514       6       6      27     143       9      24            17.77778             3.44444             2.22861             0.27191             1.80704             0.26610          1060.01523             3.59880             1.22258       3       3
   10000       2       1       2      10       2     514       6       6      28     124       8      22            17.37500             3.50000             2.17545             0.27236             1.80673             0.25110          1082.36699             3.56187             1.22360       6       2
   10000       2       1       2      10       2     514       6       6      29     111       7      19            16.42857             3.42857             2.16561             0.28829             1.75082             0.23753          1151.96558             3.58555             1.08093       3       2
   10000       2       1       2      10       2     514       6       6      30      89       6      21            15.50000             3.50000             2.15966             0.30344             1.75853             0.23999          1167.81901             3.68330             1.09745       5       1
