   10000       2       1       2      11       6     509       6       6       0     509      36       0            22.55556             2.97222             2.25679             0.22020             1.60747             0.37073           901.40110             3.36120             2.56709       0       0
   10000       2       1       2      11       6     509       6       6       1     495      35      25            22.71429             2.97143             2.23915             0.21675             1.60908             0.36580           899.19236             3.34133             2.56782       5       2
   10000       2       1       2      11       6     509       6       6       2     484      34      21            22.82353             2.97059             2.24687             0.21683             1.59900             0.36387           894.59974             3.35556             2.54013       3       4
   10000       2       1       2      11       6     509       6       6       3     473      33      25            23.00000             2.90909             2.24429             0.21308             1.59381             0.35973           876.65454             3.35728             2.50106       2       5
   10000       2       1       2      11       6     509       6       6       4     461      32      22            22.96875             2.96875             2.24225             0.21336             1.59335             0.35414           878.15837             3.36024             2.47288       3       5
   10000       2       1       2      11       6     509       6       6       5     450      31      18            23.16129             2.96774             2.24224             0.21288             1.60067             0.35434           865.03092             3.37418             2.42625       4       4
   10000       2       1       2      11       6     509       6       6       6     439      30      21            23.30000             3.00000             2.27046             0.21475             1.60303             0.35538           866.95805             3.36732             2.39977       6       5
   10000       2       1       2      11       6     509       6       6       7     420      29      23            23.24138             3.00000             2.26575             0.21537             1.60503             0.35529           869.19624             3.37570             2.39892       2       4
   10000       2       1       2      11       6     509       6       6       8     411      28      19            23.71429             3.07143             2.24330             0.20286             1.61401             0.35556           834.99162             3.32755             2.33264       3       2
   10000       2       1       2      11       6     509       6       6       9     403      27      21            23.70370             3.03704             2.27592             0.20663             1.62297             0.36269           843.42153             3.32268             2.28142       3       6
   10000       2       1       2      11       6     509       6       6      10     401      26      12            24.23077             3.07692             2.30261             0.20374             1.64841             0.36687           831.34981             3.34304             2.19843       4       3
   10000       2       1       2      11       6     509       6       6      11     385      25      21            24.24000             3.16000             2.31356             0.20539             1.66420             0.36794           830.61559             3.36930             2.18898       6       1
   10000       2       1       2      11       6     509       6       6      12     376      24      22            24.12500             3.08333             2.31270             0.20606             1.65176             0.36209           831.87660             3.37240             2.10117       5       5
   10000       2       1       2      11       6     509       6       6      13     363      23      19            24.26087             3.13043             2.33780             0.20657             1.67581             0.35638           806.28455             3.41205             2.08313       1       4
   10000       2       1       2      11       6     509       6       6      14     354      22      17            24.50000             3.18182             2.33572             0.20425             1.68714             0.35230           819.70912             3.30395             2.02760       1       1
   10000       2       1       2      11       6     509       6       6      15     344      21      25            24.61905             3.14286             2.33011             0.20306             1.67789             0.35622           819.16409             3.29320             1.92111       2       2
   10000       2       1       2      11       6     509       6       6      16     328      20      27            24.15000             3.05000             2.33584             0.20772             1.64838             0.34217           837.47873             3.32099             1.84859       2       3
   10000       2       1       2      11       6     509       6       6      17     313      19      21            24.15789             3.05263             2.34329             0.20901             1.65373             0.35245           838.98419             3.31814             1.83726       6       6
   10000       2       1       2      11       6     509       6       6      18     299      18      19            24.22222             3.05556             2.32032             0.20612             1.67490             0.34585           845.47086             3.31820             1.81941       5       6
   10000       2       1       2      11       6     509       6       6      19     276      17      29            23.58824             2.94118             2.31887             0.21133             1.65693             0.34642           864.73283             3.32710             1.77370       6       4
   10000       2       1       2      11       6     509       6       6      20     258      16      19            23.87500             3.06250             2.31581             0.20807             1.66786             0.34980           838.61959             3.28837             1.81650       3       3
   10000       2       1       2      11       6     509       6       6      21     247      15      17            24.20000             3.00000             2.34836             0.20814             1.65771             0.35358           817.42295             3.26506             1.81305       4       2
   10000       2       1       2      11       6     509       6       6      22     234      14      25            23.78571             3.07143             2.35162             0.21335             1.68875             0.34780           847.49790             3.22494             1.70905       3       1
   10000       2       1       2      11       6     509       6       6      23     220      13      19            23.69231             3.00000             2.34606             0.22178             1.67510             0.35848           882.28282             3.24860             1.66067       1       3
   10000       2       1       2      11       6     509       6       6      24     210      12      24            22.75000             2.91667             2.30317             0.22670             1.63359             0.35273           915.33574             3.30662             1.53436       1       6
   10000       2       1       2      11       6     509       6       6      25     199      11      23            21.90909             2.90909             2.32065             0.23793             1.66198             0.36943           966.19385             3.25601             1.37044       6       3
   10000       2       1       2      11       6     509       6       6      26     190      10      11            23.00000             3.00000             2.33607             0.21842             1.68568             0.35262           908.35685             3.18241             1.37572       1       2
   10000       2       1       2      11       6     509       6       6      27     183       9      17            23.33333             3.00000             2.36519             0.21579             1.69347             0.34678           911.88957             3.19677             1.27664       4       1
   10000       2       1       2      11       6     509       6       6      28     165       8      18            24.00000             3.00000             2.41778             0.21417             1.69192             0.35336           896.34969             3.09466             1.31122       2       1
   10000       2       1       2      11       6     509       6       6      29     150       7      22            23.71429             3.00000             2.38928             0.21451             1.68664             0.35033           916.15090             3.13871             1.21704       4       6
   10000       2       1       2      11       6     509       6       6      30     134       6      17            24.66667             3.00000             2.46855             0.21130             1.76555             0.34838           901.83011             3.04605             1.20248       6       2
