   10000       2       2       2       7       6     467       6       6       0     467      36       0            20.41667             3.19444             2.11294             0.23015             1.72272             0.31714           954.81477             3.61434             2.49732       0       0
   10000       2       2       2       7       6     467       6       6       1     451      35      23            21.00000             3.14286             2.15602             0.22773             1.71124             0.34592           930.54604             3.61769             2.57220       5       2
   10000       2       2       2       7       6     467       6       6       2     442      34      14            21.29412             3.17647             2.14731             0.22270             1.72496             0.33727           916.35277             3.61136             2.58415       6       6
   10000       2       2       2       7       6     467       6       6       3     429      33      24            21.87879             3.33333             2.19782             0.22159             1.77093             0.33869           882.81599             3.57514             2.61108       3       2
   10000       2       2       2       7       6     467       6       6       4     408      32      20            22.56250             3.25000             2.24497             0.21931             1.74253             0.37104           858.12313             3.56263             2.73966       5       4
   10000       2       2       2       7       6     467       6       6       5     397      31      19            22.22581             3.29032             2.25866             0.22493             1.76967             0.37179           874.63563             3.56431             2.69288       6       2
   10000       2       2       2       7       6     467       6       6       6     385      30      21            23.00000             3.30000             2.24138             0.21098             1.78319             0.38175           814.28473             3.57640             2.77331       2       6
   10000       2       2       2       7       6     467       6       6       7     378      29      23            23.27586             3.37931             2.24901             0.20864             1.80811             0.37527           802.97410             3.58783             2.73094       6       3
   10000       2       2       2       7       6     467       6       6       8     362      28      28            23.32143             3.35714             2.25103             0.20855             1.79598             0.36673           802.64321             3.59237             2.74642       3       6
   10000       2       2       2       7       6     467       6       6       9     350      27      25            23.40741             3.37037             2.26054             0.20770             1.78630             0.38024           790.29784             3.62132             2.73738       2       1
   10000       2       2       2       7       6     467       6       6      10     341      26      23            23.53846             3.38462             2.25609             0.20665             1.77249             0.38489           778.08200             3.63590             2.74162       2       2
   10000       2       2       2       7       6     467       6       6      11     327      25      31            23.24000             3.32000             2.26283             0.20912             1.78809             0.38096           783.13077             3.63857             2.72924       5       1
   10000       2       2       2       7       6     467       6       6      12     322      24      13            23.58333             3.33333             2.28730             0.20674             1.79928             0.38361           763.86405             3.66374             2.69142       1       6
   10000       2       2       2       7       6     467       6       6      13     310      23      26            24.00000             3.34783             2.32703             0.20883             1.80925             0.40643           745.89939             3.66587             2.70487       1       5
   10000       2       2       2       7       6     467       6       6      14     299      22      27            24.31818             3.31818             2.33639             0.20666             1.82697             0.40737           727.76334             3.69978             2.67036       2       5
   10000       2       2       2       7       6     467       6       6      15     289      21      22            23.80952             3.38095             2.33527             0.21029             1.85662             0.41810           750.93846             3.66652             2.61928       6       5
   10000       2       2       2       7       6     467       6       6      16     284      20      20            23.95000             3.40000             2.34094             0.21003             1.86859             0.42196           745.17904             3.67243             2.51651       3       1
   10000       2       2       2       7       6     467       6       6      17     266      19      24            23.89474             3.31579             2.31845             0.20887             1.85007             0.42084           755.64797             3.65928             2.54219       6       4
   10000       2       2       2       7       6     467       6       6      18     258      18      22            24.00000             3.44444             2.31794             0.20759             1.89704             0.40262           752.75233             3.67163             2.41561       4       3
   10000       2       2       2       7       6     467       6       6      19     251      17      27            23.82353             3.35294             2.31779             0.20958             1.88973             0.40654           760.45986             3.68908             2.31503       4       2
   10000       2       2       2       7       6     467       6       6      20     238      16      23            23.68750             3.37500             2.30086             0.20988             1.88651             0.40776           757.18905             3.69895             2.27439       5       3
   10000       2       2       2       7       6     467       6       6      21     231      15      21            24.13333             3.40000             2.31703             0.20727             1.84729             0.42115           751.80572             3.78051             2.19429       2       4
   10000       2       2       2       7       6     467       6       6      22     214      14      20            24.35714             3.35714             2.32800             0.20622             1.82616             0.40831           742.13770             3.79892             2.24384       6       1
   10000       2       2       2       7       6     467       6       6      23     203      13      29            25.00000             3.38462             2.39445             0.20721             1.91148             0.44658           720.92070             3.86037             2.18314       4       5
   10000       2       2       2       7       6     467       6       6      24     191      12      29            25.00000             3.58333             2.34136             0.20300             1.95165             0.44957           719.22433             3.85045             2.08242       1       4
   10000       2       2       2       7       6     467       6       6      25     184      11      19            25.18182             3.54545             2.36111             0.20283             1.98098             0.47257           746.17989             3.71092             1.89058       2       3
   10000       2       2       2       7       6     467       6       6      26     173      10      20            25.60000             3.50000             2.35348             0.19866             1.95591             0.49072           717.54148             3.77116             1.78541       4       6
   10000       2       2       2       7       6     467       6       6      27     155       9      21            26.00000             3.55556             2.33981             0.19412             1.92930             0.48143           720.65032             3.75244             1.83725       4       1
   10000       2       2       2       7       6     467       6       6      28     141       8      26            25.75000             3.87500             2.30399             0.19237             1.98160             0.44851           734.78212             3.71535             1.78253       1       3
   10000       2       2       2       7       6     467       6       6      29     124       7      31            25.28571             3.71429             2.34538             0.19662             1.95280             0.47377           732.71752             3.68732             1.73005       3       5
   10000       2       2       2       7       6     467       6       6      30     109       6      23            25.16667             3.83333             2.35838             0.19766             1.95850             0.47502           731.82887             3.70139             1.63386       4       4
