   10000       2       2       2       4       4     508       6       6       0     508      36       0            20.91667             3.02778             2.17896             0.23201             1.65907             0.34872           966.72845             3.87881             2.34215       0       0
   10000       2       2       2       4       4     508       6       6       1     491      35      24            21.37143             3.05714             2.23472             0.23020             1.66985             0.35573           909.23121             3.88380             2.38799       2       2
   10000       2       2       2       4       4     508       6       6       2     474      34      28            21.50000             3.02941             2.22107             0.22812             1.68207             0.36382           902.73679             3.90629             2.42245       6       3
   10000       2       2       2       4       4     508       6       6       3     458      33      27            21.90909             3.12121             2.24822             0.22733             1.69575             0.36322           884.89957             3.92683             2.44711       6       5
   10000       2       2       2       4       4     508       6       6       4     449      32      26            22.09375             3.09375             2.25505             0.22582             1.71621             0.37898           883.21380             3.92472             2.42300       1       3
   10000       2       2       2       4       4     508       6       6       5     437      31      20            21.96774             3.06452             2.27888             0.22944             1.71940             0.38074           883.16979             3.94584             2.40355       1       2
   10000       2       2       2       4       4     508       6       6       6     420      30      19            22.56667             3.03333             2.29006             0.22538             1.71620             0.39291           848.53059             4.00008             2.48938       4       6
   10000       2       2       2       4       4     508       6       6       7     408      29      22            23.00000             3.20690             2.27760             0.22065             1.77005             0.38246           786.90065             4.00151             2.50829       2       4
   10000       2       2       2       4       4     508       6       6       8     396      28      20            23.46429             3.21429             2.29056             0.21782             1.78932             0.36894           767.53660             3.98221             2.54931       4       5
   10000       2       2       2       4       4     508       6       6       9     378      27      32            23.33333             3.03704             2.29945             0.21698             1.77772             0.37833           770.11316             3.99420             2.54115       1       5
   10000       2       2       2       4       4     508       6       6      10     361      26      30            23.11538             3.07692             2.31372             0.21981             1.80666             0.38106           765.99262             4.00575             2.50243       6       2
   10000       2       2       2       4       4     508       6       6      11     352      25      16            23.32000             3.04000             2.34286             0.21932             1.78895             0.39077           766.27989             4.00336             2.49205       6       1
   10000       2       2       2       4       4     508       6       6      12     333      24      13            23.41667             3.08333             2.34902             0.21823             1.82795             0.39203           765.88494             3.89560             2.51760       4       1
   10000       2       2       2       4       4     508       6       6      13     323      23      32            23.13043             3.17391             2.32064             0.21806             1.83869             0.39206           772.75981             3.91784             2.44290       5       6
   10000       2       2       2       4       4     508       6       6      14     318      22      17            23.72727             3.18182             2.33213             0.21291             1.84590             0.39255           746.75043             3.94188             2.41597       2       3
   10000       2       2       2       4       4     508       6       6      15     308      21      18            24.61905             3.38095             2.39745             0.21044             1.84981             0.40282           714.09365             3.93659             2.41197       2       5
   10000       2       2       2       4       4     508       6       6      16     293      20      24            24.70000             3.30000             2.40206             0.20923             1.85125             0.40049           699.35676             3.97725             2.41915       6       4
   10000       2       2       2       4       4     508       6       6      17     280      19      27            24.10526             3.47368             2.41158             0.21757             1.91243             0.41105           727.95870             3.95805             2.37429       5       2
   10000       2       2       2       4       4     508       6       6      18     272      18      18            24.44444             3.44444             2.40982             0.21390             1.91595             0.40649           726.00018             3.95514             2.36388       6       6
   10000       2       2       2       4       4     508       6       6      19     261      17      29            24.41176             3.52941             2.42303             0.21659             1.92500             0.40585           724.79423             3.98096             2.29438       2       1
   10000       2       2       2       4       4     508       6       6      20     246      16      23            25.18750             3.43750             2.40965             0.21039             1.94589             0.40546           712.25897             4.05433             2.35728       4       3
   10000       2       2       2       4       4     508       6       6      21     239      15      20            25.93333             3.46667             2.42104             0.20469             1.93611             0.41670           694.23661             4.01998             2.30752       5       3
   10000       2       2       2       4       4     508       6       6      22     235      14      26            26.28571             3.42857             2.43475             0.20461             1.96643             0.40538           691.61277             4.05256             2.20717       2       6
   10000       2       2       2       4       4     508       6       6      23     214      13      28            26.15385             3.38462             2.40413             0.20479             1.96449             0.40053           702.91356             4.08071             2.21640       1       1
   10000       2       2       2       4       4     508       6       6      24     195      12      31            25.75000             3.41667             2.36523             0.20590             1.94487             0.38946           704.13527             4.13469             2.19605       1       4
   10000       2       2       2       4       4     508       6       6      25     173      11      34            24.63636             3.45455             2.38727             0.21548             1.91050             0.38924           719.95206             4.18345             2.11834       5       5
   10000       2       2       2       4       4     508       6       6      26     164      10      20            25.30000             3.40000             2.40124             0.20822             1.88682             0.41791           659.66858             4.12556             2.07258       4       2
   10000       2       2       2       4       4     508       6       6      27     154       9      24            25.33333             3.33333             2.38241             0.20767             1.93306             0.44775           653.59927             4.16315             1.97931       4       4
   10000       2       2       2       4       4     508       6       6      28     134       8      29            24.87500             3.50000             2.33809             0.20873             1.94301             0.42766           662.57515             4.14945             1.99411       5       4
   10000       2       2       2       4       4     508       6       6      29     124       7      17            25.85714             3.28571             2.34118             0.19856             1.92901             0.43010           651.16646             4.09280             1.92472       1       6
   10000       2       2       2       4       4     508       6       6      30      99       6      27            25.66667             3.33333             2.33632             0.20127             1.93000             0.43127           639.60667             3.95405             2.04849       5       1
