   10000       2       2       2      10       6     525       6       6       0     525      36       0            21.69444             2.91667             2.24134             0.22026             1.60306             0.30909           825.34604             4.00950             2.38234       0       0
   10000       2       2       2      10       6     525       6       6       1     515      35      17            22.17143             2.97143             2.26440             0.21716             1.61934             0.31346           795.90231             4.01590             2.38784       4       6
   10000       2       2       2      10       6     525       6       6       2     500      34      18            22.61765             2.91176             2.30229             0.21606             1.59332             0.32433           778.79546             4.01928             2.41598       5       4
   10000       2       2       2      10       6     525       6       6       3     485      33      21            22.75758             2.93939             2.27433             0.21209             1.60585             0.32215           775.58422             4.01563             2.41383       1       6
   10000       2       2       2      10       6     525       6       6       4     470      32      24            23.15625             2.96875             2.32098             0.21252             1.60866             0.33733           764.49347             4.04502             2.45459       2       5
   10000       2       2       2      10       6     525       6       6       5     451      31      32            22.54839             2.93548             2.31121             0.21736             1.61982             0.34098           780.59173             4.06020             2.39924       3       6
   10000       2       2       2      10       6     525       6       6       6     436      30      23            22.63333             2.90000             2.32688             0.21849             1.62296             0.35011           783.37656             4.07289             2.36607       4       1
   10000       2       2       2      10       6     525       6       6       7     425      29      25            22.93103             3.03448             2.33629             0.21814             1.67450             0.35292           757.11877             4.08390             2.35932       5       5
   10000       2       2       2      10       6     525       6       6       8     409      28      22            22.89286             3.07143             2.32880             0.21840             1.67504             0.35269           759.56615             4.12532             2.37455       5       6
   10000       2       2       2      10       6     525       6       6       9     395      27      15            23.18519             3.00000             2.32296             0.21419             1.66693             0.35654           744.10362             4.14955             2.40203       3       1
   10000       2       2       2      10       6     525       6       6      10     376      26      24            23.50000             3.00000             2.33712             0.21318             1.66304             0.36961           729.03660             4.16373             2.43853       2       3
   10000       2       2       2      10       6     525       6       6      11     367      25      25            24.36000             3.00000             2.37823             0.21067             1.68596             0.37346           708.36552             4.21472             2.47469       6       3
   10000       2       2       2      10       6     525       6       6      12     358      24      28            24.29167             3.00000             2.39773             0.21337             1.70576             0.39264           713.20029             4.24674             2.41184       6       1
   10000       2       2       2      10       6     525       6       6      13     336      23      35            23.21739             3.00000             2.35202             0.22011             1.67575             0.39099           737.66288             4.27190             2.34574       6       5
   10000       2       2       2      10       6     525       6       6      14     323      22      22            23.27273             3.00000             2.36807             0.22069             1.66632             0.40448           730.16060             4.32006             2.29092       2       1
   10000       2       2       2      10       6     525       6       6      15     315      21      14            23.61905             3.00000             2.36829             0.21536             1.68232             0.40092           730.26855             4.26231             2.27058       6       6
   10000       2       2       2      10       6     525       6       6      16     308      20      23            23.75000             3.00000             2.37464             0.21536             1.67344             0.40468           719.82669             4.29358             2.22820       5       1
   10000       2       2       2      10       6     525       6       6      17     293      19      27            23.84211             3.00000             2.35468             0.21352             1.68709             0.39892           720.95569             4.28969             2.22765       4       5
   10000       2       2       2      10       6     525       6       6      18     280      18      23            24.50000             3.00000             2.38959             0.21276             1.71396             0.41151           711.09915             4.29833             2.18679       4       3
   10000       2       2       2      10       6     525       6       6      19     261      17      40            23.82353             3.17647             2.29618             0.20787             1.76792             0.39564           708.55757             4.37057             2.13194       5       2
   10000       2       2       2      10       6     525       6       6      20     253      16      23            24.06250             3.25000             2.28902             0.20637             1.78088             0.39563           719.49452             4.41448             2.04871       3       2
   10000       2       2       2      10       6     525       6       6      21     239      15      25            24.00000             3.20000             2.28007             0.20675             1.76199             0.39432           720.76682             4.44768             2.04147       5       3
   10000       2       2       2      10       6     525       6       6      22     224      14      27            23.92857             3.28571             2.24118             0.20512             1.81772             0.41152           733.41796             4.47004             1.98065       1       4
   10000       2       2       2      10       6     525       6       6      23     209      13      26            23.46154             3.30769             2.22518             0.21145             1.78920             0.40585           751.84587             4.55172             1.90555       4       4
   10000       2       2       2      10       6     525       6       6      24     188      12      26            23.25000             3.25000             2.23574             0.21522             1.78249             0.41406           769.46742             4.54350             1.93566       6       4
   10000       2       2       2      10       6     525       6       6      25     181      11      13            23.90909             3.27273             2.29588             0.20977             1.80068             0.41900           763.63607             4.44690             1.83476       3       5
   10000       2       2       2      10       6     525       6       6      26     168      10      38            23.10000             3.20000             2.31504             0.21737             1.80994             0.42305           770.71717             4.48912             1.67506       3       4
   10000       2       2       2      10       6     525       6       6      27     146       9      25            22.88889             3.11111             2.29051             0.21830             1.75178             0.43765           802.91736             4.49167             1.72240       6       2
   10000       2       2       2      10       6     525       6       6      28     130       8      28            22.25000             3.12500             2.26879             0.22277             1.72539             0.43217           818.23602             4.40589             1.64690       3       3
   10000       2       2       2      10       6     525       6       6      29     123       7      27            22.14286             3.28571             2.28820             0.22554             1.82605             0.44025           811.57751             4.54165             1.45816       1       2
   10000       2       2       2      10       6     525       6       6      30     103       6      24            21.50000             3.16667             2.26755             0.23056             1.78141             0.43996           825.05257             4.65960             1.46048       4       2
