   10000       2       2       2       1       5     514       6       6       0     514      36       0            21.69444             3.13889             2.30008             0.22645             1.65036             0.33603           860.60524             3.60649             2.37765       0       0
   10000       2       2       2       1       5     514       6       6       1     501      35      21            22.17143             3.31429             2.32126             0.22383             1.68356             0.33882           835.69940             3.60789             2.41087       1       4
   10000       2       2       2       1       5     514       6       6       2     486      34      21            22.35294             3.20588             2.31610             0.22203             1.66511             0.34252           830.17950             3.61915             2.39883       4       5
   10000       2       2       2       1       5     514       6       6       3     472      33      22            22.54545             3.24242             2.33371             0.22197             1.67799             0.34482           819.99395             3.63212             2.40875       3       6
   10000       2       2       2       1       5     514       6       6       4     459      32      28            22.96875             3.21875             2.37089             0.22182             1.67684             0.36254           803.02224             3.63843             2.48223       3       4
   10000       2       2       2       1       5     514       6       6       5     449      31      18            23.61290             3.29032             2.39752             0.21733             1.69437             0.36920           777.90952             3.64742             2.49664       5       5
   10000       2       2       2       1       5     514       6       6       6     440      30      22            24.03333             3.30000             2.43070             0.21540             1.73017             0.37280           763.93000             3.64920             2.47195       6       3
   10000       2       2       2       1       5     514       6       6       7     428      29      17            25.03448             3.17241             2.44976             0.20815             1.72666             0.37169           735.05361             3.63572             2.56539       5       3
   10000       2       2       2       1       5     514       6       6       8     420      28      18            25.57143             3.28571             2.45945             0.20452             1.75310             0.38613           712.32996             3.66026             2.55680       3       1
   10000       2       2       2       1       5     514       6       6       9     405      27      17            25.62963             3.37037             2.44771             0.20350             1.75889             0.36443           721.04222             3.66573             2.53608       1       5
   10000       2       2       2       1       5     514       6       6      10     396      26      26            25.96154             3.30769             2.46721             0.20135             1.76680             0.36966           708.43709             3.69706             2.48150       5       2
   10000       2       2       2       1       5     514       6       6      11     381      25      33            26.12000             3.28000             2.45976             0.20020             1.78913             0.37595           704.10984             3.70446             2.46119       3       3
   10000       2       2       2       1       5     514       6       6      12     362      24      26            25.66667             3.37500             2.44691             0.20349             1.80610             0.37197           722.05893             3.68575             2.43914       6       5
   10000       2       2       2       1       5     514       6       6      13     347      23      22            25.91304             3.39130             2.43326             0.20005             1.80424             0.36494           710.71320             3.69752             2.43219       4       1
   10000       2       2       2       1       5     514       6       6      14     336      22      28            25.86364             3.31818             2.44882             0.20071             1.81791             0.37854           711.98316             3.70176             2.35019       2       5
   10000       2       2       2       1       5     514       6       6      15     328      21      18            26.28571             3.38095             2.45913             0.19734             1.82134             0.39746           692.50689             3.70268             2.30884       4       6
   10000       2       2       2       1       5     514       6       6      16     317      20      23            26.25000             3.40000             2.45867             0.19803             1.82239             0.38248           691.39011             3.72736             2.27719       5       6
   10000       2       2       2       1       5     514       6       6      17     308      19      24            26.42105             3.47368             2.47625             0.19847             1.84166             0.39478           686.60755             3.73926             2.21880       3       2
   10000       2       2       2       1       5     514       6       6      18     298      18      28            26.44444             3.61111             2.49930             0.19963             1.87512             0.39681           683.02126             3.75600             2.11882       4       4
   10000       2       2       2       1       5     514       6       6      19     287      17      31            26.11765             3.64706             2.49023             0.20127             1.89186             0.39169           691.52248             3.76886             2.03987       4       3
   10000       2       2       2       1       5     514       6       6      20     272      16      30            25.87500             3.62500             2.47623             0.20209             1.87202             0.39063           700.92669             3.78663             2.00268       6       2
   10000       2       2       2       1       5     514       6       6      21     260      15      29            25.53333             3.66667             2.49951             0.20736             1.88095             0.38234           696.47280             3.82601             1.96300       5       1
   10000       2       2       2       1       5     514       6       6      22     245      14      29            25.28571             3.64286             2.48523             0.20835             1.87205             0.37649           699.98694             3.81307             1.90460       3       5
   10000       2       2       2       1       5     514       6       6      23     226      13      27            25.15385             3.61538             2.49122             0.21013             1.84150             0.36403           709.11436             3.78899             1.90374       4       2
   10000       2       2       2       1       5     514       6       6      24     209      12      20            25.58333             3.58333             2.50299             0.20703             1.82829             0.35928           703.46301             3.76677             1.94970       6       1
   10000       2       2       2       1       5     514       6       6      25     196      11      29            25.18182             3.72727             2.50937             0.20951             1.83385             0.34251           713.93240             3.77476             1.80991       2       4
   10000       2       2       2       1       5     514       6       6      26     185      10      26            25.00000             3.80000             2.53257             0.21466             1.84210             0.35519           728.76218             3.77549             1.74606       2       6
   10000       2       2       2       1       5     514       6       6      27     170       9      19            25.66667             3.77778             2.58962             0.21387             1.83691             0.37614           685.32253             3.70134             1.78753       6       6
   10000       2       2       2       1       5     514       6       6      28     151       8      19            26.37500             3.75000             2.60934             0.20747             1.85084             0.39768           664.28697             3.62666             1.87743       1       6
   10000       2       2       2       1       5     514       6       6      29     134       7      24            25.71429             3.71429             2.52767             0.20705             1.88055             0.40880           719.10592             3.44832             1.84440       5       4
   10000       2       2       2       1       5     514       6       6      30     112       6      22            26.33333             3.83333             2.52032             0.20098             1.89238             0.42931           693.59533             3.36528             1.98513       6       4
