   10000       2       1       2      10       9     465       6       6       0     465      36       0            20.86111             3.02778             2.26933             0.23432             1.65535             0.34821           866.06190             3.76657             2.53990       0       0
   10000       2       1       2      10       9     465       6       6       1     452      35      25            20.91429             3.05714             2.25763             0.23300             1.68031             0.35023           861.95872             3.78134             2.53364       1       4
   10000       2       1       2      10       9     465       6       6       2     434      34      26            20.50000             3.02941             2.24511             0.23678             1.67685             0.34969           892.07645             3.76798             2.48410       4       6
   10000       2       1       2      10       9     465       6       6       3     424      33      25            20.27273             3.03030             2.25678             0.23986             1.67820             0.33960           900.21714             3.76575             2.39145       5       2
   10000       2       1       2      10       9     465       6       6       4     412      32      23            20.25000             3.03125             2.24048             0.23939             1.67804             0.33699           907.69427             3.76018             2.35364       3       5
   10000       2       1       2      10       9     465       6       6       5     402      31      20            20.25806             3.03226             2.24117             0.24004             1.67186             0.32999           914.05819             3.76381             2.32865       1       2
   10000       2       1       2      10       9     465       6       6       6     394      30      16            20.36667             3.03333             2.25483             0.24041             1.67814             0.33670           899.97631             3.78486             2.31801       5       6
   10000       2       1       2      10       9     465       6       6       7     383      29      20            20.34483             3.06897             2.25367             0.24108             1.68460             0.33930           898.08788             3.80153             2.26861       5       3
   10000       2       1       2      10       9     465       6       6       8     377      28      20            20.28571             3.07143             2.25258             0.24338             1.67674             0.34524           910.25431             3.79826             2.21151       6       2
   10000       2       1       2      10       9     465       6       6       9     369      27      12            20.66667             3.14815             2.27245             0.23869             1.70314             0.33645           879.33463             3.81778             2.22128       6       3
   10000       2       1       2      10       9     465       6       6      10     360      26      23            20.53846             3.11538             2.26945             0.23915             1.69520             0.33620           870.32371             3.82045             2.15643       6       5
   10000       2       1       2      10       9     465       6       6      11     353      25      12            20.80000             3.20000             2.28455             0.23648             1.71538             0.32851           856.79313             3.76055             2.10748       4       5
   10000       2       1       2      10       9     465       6       6      12     338      24      22            21.08333             3.16667             2.29695             0.23468             1.72859             0.32910           844.26733             3.75739             2.10916       4       4
   10000       2       1       2      10       9     465       6       6      13     331      23      23            20.95652             3.04348             2.28170             0.23578             1.71101             0.34093           849.58629             3.76653             2.02099       2       1
   10000       2       1       2      10       9     465       6       6      14     316      22      15            21.27273             3.04545             2.30407             0.23418             1.70478             0.33728           845.93301             3.78034             2.07883       6       6
   10000       2       1       2      10       9     465       6       6      15     302      21      21            21.04762             3.00000             2.28256             0.23541             1.67176             0.33566           859.48032             3.78079             2.04873       4       3
   10000       2       1       2      10       9     465       6       6      16     293      20      13            21.25000             2.95000             2.30908             0.23518             1.67473             0.33379           847.21556             3.77472             1.98953       4       2
   10000       2       1       2      10       9     465       6       6      17     278      19      23            21.42105             3.15789             2.29884             0.23280             1.69854             0.33596           846.45138             3.78019             1.95194       3       2
   10000       2       1       2      10       9     465       6       6      18     266      18      20            21.33333             3.11111             2.29249             0.23375             1.67943             0.34806           856.56381             3.81292             1.95720       4       1
   10000       2       1       2      10       9     465       6       6      19     245      17      23            20.64706             3.11765             2.27375             0.24086             1.68472             0.35207           883.38571             3.82200             1.94790       5       5
   10000       2       1       2      10       9     465       6       6      20     234      16      23            20.62500             3.18750             2.24323             0.23706             1.69118             0.34278           873.29311             3.86229             1.81099       2       5
   10000       2       1       2      10       9     465       6       6      21     216      15      16            20.93333             2.93333             2.33932             0.24331             1.66284             0.34562           855.14159             3.84560             1.86632       3       1
   10000       2       1       2      10       9     465       6       6      22     201      14      20            20.71429             3.14286             2.32874             0.24523             1.70394             0.34166           859.12603             3.83514             1.84438       3       6
   10000       2       1       2      10       9     465       6       6      23     190      13      30            20.38462             3.23077             2.31153             0.24555             1.71697             0.31123           859.13517             3.83061             1.65742       2       3
   10000       2       1       2      10       9     465       6       6      24     169      12      25            19.58333             3.16667             2.25574             0.24984             1.71773             0.29590           891.41449             3.76536             1.65544       5       1
   10000       2       1       2      10       9     465       6       6      25     163      11      25            18.54545             3.27273             2.17015             0.25395             1.71748             0.28008           922.44075             3.78834             1.46997       3       4
   10000       2       1       2      10       9     465       6       6      26     154      10      16            18.40000             3.20000             2.13260             0.25102             1.73266             0.28731           939.94409             3.75945             1.39333       5       4
   10000       2       1       2      10       9     465       6       6      27     135       9      19            18.33333             3.33333             2.11557             0.25034             1.70542             0.26738           956.88416             3.76835             1.43704       6       4
   10000       2       1       2      10       9     465       6       6      28     117       8      18            18.37500             3.12500             2.13610             0.25281             1.62448             0.29345           978.89467             3.69710             1.49167       6       1
   10000       2       1       2      10       9     465       6       6      29      99       7      22            17.85714             3.00000             2.08411             0.25491             1.59804             0.28776          1018.91411             3.70371             1.46190       3       3
   10000       2       1       2      10       9     465       6       6      30      96       6      21            16.66667             3.16667             2.05557             0.27378             1.66548             0.24683          1100.25788             3.76053             1.08571       1       6
