   10000       2       1       2       8       2     478       6       6       0     478      36       0            20.97222             2.94444             2.17468             0.22490             1.64555             0.34265           881.77585             3.80360             2.53724       0       0
   10000       2       1       2       8       2     478       6       6       1     476      35       7            21.57143             3.00000             2.20858             0.21993             1.65467             0.35156           852.52507             3.77501             2.48446       1       4
   10000       2       1       2       8       2     478       6       6       2     466      34      19            21.94118             3.02941             2.20468             0.21554             1.64973             0.34282           833.01095             3.78174             2.48344       4       2
   10000       2       1       2       8       2     478       6       6       3     452      33      20            22.06061             2.96970             2.24369             0.21675             1.63940             0.34726           821.78347             3.78556             2.48550       6       1
   10000       2       1       2       8       2     478       6       6       4     437      32      22            21.90625             2.93750             2.20972             0.21655             1.63490             0.35126           834.72083             3.79557             2.45136       4       6
   10000       2       1       2       8       2     478       6       6       5     428      31      11            22.29032             2.93548             2.23964             0.21398             1.64406             0.34278           824.25509             3.73718             2.44741       3       6
   10000       2       1       2       8       2     478       6       6       6     415      30      20            22.23333             2.90000             2.22683             0.21401             1.64221             0.35090           835.82566             3.69329             2.44249       1       3
   10000       2       1       2       8       2     478       6       6       7     404      29      17            22.27586             2.93103             2.23602             0.21410             1.64937             0.34626           819.02401             3.72232             2.42382       1       2
   10000       2       1       2       8       2     478       6       6       8     382      28      29            21.64286             3.00000             2.21024             0.21906             1.64211             0.34417           847.52552             3.69326             2.38482       5       1
   10000       2       1       2       8       2     478       6       6       9     364      27      22            21.25926             3.00000             2.18602             0.22114             1.63203             0.34080           863.89935             3.73496             2.35949       1       6
   10000       2       1       2       8       2     478       6       6      10     355      26      28            21.03846             3.11538             2.16639             0.22080             1.63400             0.33270           869.73027             3.79590             2.29262       2       5
   10000       2       1       2       8       2     478       6       6      11     339      25      19            21.12000             3.12000             2.16124             0.21950             1.64158             0.33268           865.48875             3.78477             2.32610       1       5
   10000       2       1       2       8       2     478       6       6      12     321      24      24            20.70833             3.08333             2.15897             0.22347             1.64261             0.33199           889.03240             3.78607             2.29286       4       3
   10000       2       1       2       8       2     478       6       6      13     308      23      23            20.60870             3.13043             2.12766             0.22174             1.64714             0.32482           886.45466             3.82037             2.21961       4       4
   10000       2       1       2       8       2     478       6       6      14     298      22      17            20.72727             3.04545             2.15875             0.22513             1.65134             0.33862           881.70748             3.80040             2.18302       3       5
   10000       2       1       2       8       2     478       6       6      15     290      21      18            20.95238             3.00000             2.16003             0.22204             1.64403             0.34061           857.64048             3.84143             2.16006       5       6
   10000       2       1       2       8       2     478       6       6      16     278      20      21            20.90000             3.15000             2.20967             0.22873             1.64752             0.32611           864.77990             3.88507             2.07803       2       3
   10000       2       1       2       8       2     478       6       6      17     265      19      20            20.94737             3.05263             2.21647             0.22864             1.63213             0.32446           856.18340             3.87008             2.06299       2       2
   10000       2       1       2       8       2     478       6       6      18     255      18      21            21.22222             3.05556             2.17054             0.22103             1.64563             0.32414           846.08701             3.90421             2.00061       5       4
   10000       2       1       2       8       2     478       6       6      19     238      17      28            21.05882             3.05882             2.17823             0.22394             1.65040             0.32509           854.13148             3.95800             1.94531       5       2
   10000       2       1       2       8       2     478       6       6      20     224      16      25            20.93750             3.18750             2.13070             0.22242             1.68643             0.33003           869.65561             3.94723             1.93775       5       5
   10000       2       1       2       8       2     478       6       6      21     209      15      24            20.33333             3.20000             2.14034             0.23299             1.68724             0.33279           910.02668             3.97767             1.85789       3       4
   10000       2       1       2       8       2     478       6       6      22     201      14      15            20.64286             3.14286             2.12670             0.22742             1.70149             0.33203           892.59950             4.01766             1.81222       3       3
   10000       2       1       2       8       2     478       6       6      23     184      13      31            19.53846             3.23077             2.06933             0.23222             1.70594             0.33660           922.59695             4.02511             1.67893       6       4
   10000       2       1       2       8       2     478       6       6      24     176      12      12            19.75000             3.08333             2.10724             0.23111             1.66993             0.34276           896.77433             4.03535             1.60574       4       1
   10000       2       1       2       8       2     478       6       6      25     160      11      22            19.18182             3.09091             2.08976             0.23740             1.66963             0.34820           926.80695             3.97620             1.55471       6       2
   10000       2       1       2       8       2     478       6       6      26     146      10      25            18.20000             2.90000             2.05290             0.24413             1.62747             0.34213           953.15825             4.05554             1.47503       6       5
   10000       2       1       2       8       2     478       6       6      27     140       9      16            18.44444             2.88889             2.05184             0.24064             1.63846             0.32776           984.48982             3.97675             1.37438       6       3
   10000       2       1       2       8       2     478       6       6      28     131       8      17            17.87500             3.00000             2.06018             0.24891             1.66155             0.32330          1051.18798             4.00732             1.15953       2       1
   10000       2       1       2       8       2     478       6       6      29     116       7      16            18.14286             2.85714             2.05926             0.24501             1.64177             0.31235          1033.14865             3.88557             1.16387       2       6
   10000       2       1       2       8       2     478       6       6      30     108       6      18            18.00000             3.00000             2.03311             0.24497             1.70217             0.32958          1050.11341             3.77933             1.00000       3       1
