   10000       2       1       2      11       5     496       6       6       0     496      36       0            21.13889             3.02778             2.22707             0.23049             1.59494             0.35798           936.79084             3.61014             2.41911       0       0
   10000       2       1       2      11       5     496       6       6       1     486      35      18            21.34286             3.02857             2.22753             0.22900             1.59127             0.35814           936.54288             3.59527             2.41141       5       3
   10000       2       1       2      11       5     496       6       6       2     479      34      16            21.64706             3.02941             2.25336             0.22729             1.58157             0.35995           924.69905             3.59749             2.37291       4       5
   10000       2       1       2      11       5     496       6       6       3     465      33      22            21.72727             3.03030             2.25372             0.22736             1.57915             0.35380           934.75424             3.56994             2.33650       2       4
   10000       2       1       2      11       5     496       6       6       4     449      32      24            21.68750             3.00000             2.23201             0.22798             1.57165             0.35123           956.79633             3.56291             2.33139       3       1
   10000       2       1       2      11       5     496       6       6       5     436      31      14            21.90323             2.93548             2.23561             0.22161             1.57053             0.35524           891.51085             3.57242             2.34172       1       2
   10000       2       1       2      11       5     496       6       6       6     425      30      22            21.73333             2.96667             2.22180             0.22274             1.58277             0.35332           897.13758             3.58752             2.27626       5       6
   10000       2       1       2      11       5     496       6       6       7     418      29      19            22.00000             3.00000             2.19410             0.21811             1.59270             0.34907           889.03488             3.58794             2.24030       3       5
   10000       2       1       2      11       5     496       6       6       8     403      28      23            21.92857             2.96429             2.20811             0.22063             1.59324             0.35451           896.94203             3.59683             2.22456       5       5
   10000       2       1       2      11       5     496       6       6       9     390      27      20            21.96296             3.03704             2.22113             0.22164             1.60520             0.34390           898.15833             3.55739             2.19775       3       4
   10000       2       1       2      11       5     496       6       6      10     381      26      12            22.19231             3.11538             2.24660             0.22021             1.63603             0.33406           899.71750             3.46878             2.16496       6       3
   10000       2       1       2      11       5     496       6       6      11     369      25      20            22.36000             3.16000             2.22176             0.21606             1.65221             0.34000           882.48717             3.48371             2.13910       5       4
   10000       2       1       2      11       5     496       6       6      12     361      24      16            22.87500             3.20833             2.25381             0.21328             1.66776             0.34030           852.22839             3.50687             2.10056       5       2
   10000       2       1       2      11       5     496       6       6      13     356      23      13            23.17391             3.26087             2.29599             0.21394             1.67462             0.34535           851.93818             3.50009             1.99238       3       3
   10000       2       1       2      11       5     496       6       6      14     343      22      22            23.13636             3.31818             2.28410             0.21419             1.68139             0.33209           852.23879             3.51735             1.94355       5       1
   10000       2       1       2      11       5     496       6       6      15     330      21      17            23.61905             3.28571             2.30594             0.21013             1.66842             0.34883           807.58187             3.50901             1.95321       3       2
   10000       2       1       2      11       5     496       6       6      16     318      20      20            23.80000             3.20000             2.32910             0.21029             1.66244             0.35145           805.65527             3.48039             1.94712       6       4
   10000       2       1       2      11       5     496       6       6      17     316      19      11            24.57895             3.21053             2.34768             0.20041             1.66343             0.35438           774.38936             3.43241             1.86398       1       6
   10000       2       1       2      11       5     496       6       6      18     305      18      19            24.83333             3.16667             2.35195             0.19887             1.66083             0.34320           768.72766             3.45196             1.80795       1       4
   10000       2       1       2      11       5     496       6       6      19     292      17      27            24.35294             3.23529             2.33804             0.20309             1.69382             0.33633           795.56849             3.44548             1.70926       2       3
   10000       2       1       2      11       5     496       6       6      20     280      16      24            24.18750             3.31250             2.35480             0.20759             1.71590             0.33066           828.02785             3.31153             1.63791       2       5
   10000       2       1       2      11       5     496       6       6      21     265      15      26            23.86667             3.33333             2.34313             0.20988             1.73289             0.31920           839.53933             3.31305             1.60067       6       5
   10000       2       1       2      11       5     496       6       6      22     246      14      18            24.21429             3.28571             2.32131             0.20394             1.72519             0.32733           830.28932             3.26513             1.64358       1       5
   10000       2       1       2      11       5     496       6       6      23     238      13      22            24.23077             3.30769             2.31607             0.20312             1.71464             0.32464           856.74243             3.19936             1.54586       4       3
   10000       2       1       2      11       5     496       6       6      24     223      12      24            23.75000             3.33333             2.28629             0.20468             1.73415             0.32756           888.97253             3.16899             1.49299       6       1
   10000       2       1       2      11       5     496       6       6      25     207      11      32            22.45455             3.36364             2.24583             0.21313             1.73642             0.31710           931.79058             3.21204             1.35514       3       6
   10000       2       1       2      11       5     496       6       6      26     188      10      19            22.80000             3.40000             2.27197             0.21252             1.75451             0.31547           929.31021             3.20508             1.39065       6       6
   10000       2       1       2      11       5     496       6       6      27     170       9      18            23.33333             3.44444             2.26516             0.20563             1.77952             0.31784           904.58365             3.10175             1.43406       2       6
   10000       2       1       2      11       5     496       6       6      28     166       8      19            23.12500             3.62500             2.31534             0.21205             1.83651             0.30483           917.47101             3.14765             1.20431       2       1
   10000       2       1       2      11       5     496       6       6      29     152       7      22            22.57143             3.57143             2.29347             0.21454             1.83506             0.30062           941.42963             3.17653             1.07396       4       1
   10000       2       1       2      11       5     496       6       6      30     138       6      14            24.00000             3.50000             2.41381             0.21001             1.82040             0.33791           811.57678             3.24208             1.08628       1       3
