   10000       2       2       2       5       4     465       6       6       0     465      36       0            20.86111             3.02778             2.26933             0.23432             1.65535             0.34821           866.06190             3.76657             2.53990       0       0
   10000       2       2       2       5       4     465       6       6       1     460      35      14            21.08571             3.11429             2.30656             0.23610             1.68722             0.35014           857.88490             3.75682             2.49454       4       2
   10000       2       2       2       5       4     465       6       6       2     447      34      26            21.32353             3.14706             2.34053             0.23638             1.71769             0.36287           832.29518             3.78111             2.50679       3       6
   10000       2       2       2       5       4     465       6       6       3     439      33      21            21.60606             3.09091             2.34111             0.23323             1.70152             0.37914           816.29840             3.78744             2.54275       2       1
   10000       2       2       2       5       4     465       6       6       4     428      32      24            22.00000             3.06250             2.35974             0.23142             1.69118             0.39005           803.25175             3.80249             2.54337       4       3
   10000       2       2       2       5       4     465       6       6       5     418      31      19            22.00000             2.96774             2.39385             0.23435             1.69529             0.41089           803.22749             3.80536             2.51128       6       2
   10000       2       2       2       5       4     465       6       6       6     404      30      27            22.33333             2.96667             2.39134             0.22927             1.72015             0.40189           782.20680             3.80742             2.51891       2       5
   10000       2       2       2       5       4     465       6       6       7     398      29      15            22.89655             3.00000             2.40573             0.22355             1.73761             0.40731           754.44029             3.82736             2.50612       6       3
   10000       2       2       2       5       4     465       6       6       8     385      28      23            22.75000             3.10714             2.40405             0.22494             1.76510             0.41605           764.87333             3.81074             2.50868       4       6
   10000       2       2       2       5       4     465       6       6       9     371      27      29            23.66667             3.25926             2.43122             0.21875             1.80735             0.42754           728.45102             3.82038             2.55019       2       3
   10000       2       2       2       5       4     465       6       6      10     356      26      26            23.42308             3.26923             2.45191             0.22467             1.81178             0.44026           737.40372             3.84040             2.52140       2       6
   10000       2       2       2       5       4     465       6       6      11     344      25      25            23.24000             3.20000             2.45714             0.22660             1.80362             0.43286           736.37441             3.86931             2.47834       5       3
   10000       2       2       2       5       4     465       6       6      12     336      24      17            23.50000             3.20833             2.45694             0.22445             1.79641             0.42961           731.07901             3.88410             2.45660       4       1
   10000       2       2       2       5       4     465       6       6      13     326      23      30            23.78261             3.30435             2.44807             0.22018             1.86274             0.43658           709.98296             3.95080             2.40327       1       4
   10000       2       2       2       5       4     465       6       6      14     319      22      23            24.18182             3.27273             2.46311             0.21750             1.83348             0.43979           699.41237             3.95630             2.34970       5       4
   10000       2       2       2       5       4     465       6       6      15     312      21      18            24.23810             3.28571             2.45614             0.21654             1.84120             0.43560           695.94968             3.95508             2.29217       1       6
   10000       2       2       2       5       4     465       6       6      16     301      20      28            24.15000             3.25000             2.43406             0.21586             1.84246             0.43755           698.60842             3.95536             2.24916       5       2
   10000       2       2       2       5       4     465       6       6      17     292      19      24            24.94737             3.21053             2.50013             0.21413             1.82346             0.43273           668.29208             3.97692             2.27328       3       4
   10000       2       2       2       5       4     465       6       6      18     271      18      32            24.33333             3.27778             2.44999             0.21509             1.84200             0.42215           685.11243             3.94435             2.28372       5       1
   10000       2       2       2       5       4     465       6       6      19     266      17      28            24.70588             3.23529             2.43223             0.21186             1.82654             0.42100           681.09605             3.95463             2.21252       3       3
   10000       2       2       2       5       4     465       6       6      20     252      16      28            24.50000             3.31250             2.42546             0.21292             1.87498             0.41781           690.87077             3.97498             2.14625       4       4
   10000       2       2       2       5       4     465       6       6      21     237      15      23            24.46667             3.33333             2.39630             0.21111             1.87445             0.40802           691.81854             3.96625             2.11052       2       4
   10000       2       2       2       5       4     465       6       6      22     227      14      24            25.71429             3.28571             2.43401             0.20334             1.87159             0.42627           646.65027             4.01045             2.14683       5       5
   10000       2       2       2       5       4     465       6       6      23     210      13      30            25.30769             3.23077             2.40214             0.20461             1.87127             0.42852           657.05186             4.03857             2.09096       3       5
   10000       2       2       2       5       4     465       6       6      24     189      12      23            25.25000             3.16667             2.41160             0.20722             1.82576             0.43921           674.56782             4.00692             2.11939       6       1
   10000       2       2       2       5       4     465       6       6      25     179      11      23            25.00000             3.18182             2.35735             0.20604             1.79515             0.41984           683.32397             4.04911             1.99043       5       6
   10000       2       2       2       5       4     465       6       6      26     167      10      17            25.70000             3.20000             2.41495             0.20601             1.79774             0.42492           682.71126             3.90009             2.00060       4       5
   10000       2       2       2       5       4     465       6       6      27     150       9      21            25.44444             3.33333             2.41636             0.20683             1.81814             0.42121           671.08451             3.89674             1.99548       3       1
   10000       2       2       2       5       4     465       6       6      28     134       8      18            26.00000             3.25000             2.41310             0.20050             1.85160             0.43486           655.11175             3.87099             2.05843       1       5
   10000       2       2       2       5       4     465       6       6      29     126       7      28            24.71429             3.42857             2.29355             0.20410             1.90579             0.38712           707.61453             3.91960             1.72376       2       2
   10000       2       2       2       5       4     465       6       6      30     100       6      29            24.00000             3.33333             2.22695             0.20524             1.86772             0.38291           745.46758             3.80871             1.79592       3       2
