   10000       2       1       2       6       9     508       6       6       0     508      36       0            20.91667             3.02778             2.17896             0.23201             1.65907             0.34872           966.72845             3.87881             2.34215       0       0
   10000       2       1       2       6       9     508       6       6       1     499      35      18            20.80000             3.02857             2.17501             0.23244             1.65921             0.34604           976.53922             3.88064             2.29793       6       1
   10000       2       1       2       6       9     508       6       6       2     486      34      25            20.76471             3.02941             2.17011             0.23390             1.64619             0.34558           989.40899             3.89738             2.26135       6       5
   10000       2       1       2       6       9     508       6       6       3     476      33      20            20.78788             3.00000             2.16127             0.23391             1.63491             0.33012          1038.50047             3.90672             2.22296       2       4
   10000       2       1       2       6       9     508       6       6       4     464      32      24            20.81250             3.03125             2.14942             0.23495             1.63927             0.32968          1075.83696             3.89956             2.17951       2       6
   10000       2       1       2       6       9     508       6       6       5     460      31      10            21.29032             3.06452             2.15602             0.22947             1.66964             0.32779          1014.91935             3.93249             2.12977       2       3
   10000       2       1       2       6       9     508       6       6       6     443      30      24            21.13333             3.13333             2.19100             0.23550             1.67080             0.32124          1035.94910             3.92240             2.11133       1       3
   10000       2       1       2       6       9     508       6       6       7     428      29      24            20.82759             3.13793             2.19214             0.24048             1.67418             0.33219          1053.99651             3.89688             2.04609       5       1
   10000       2       1       2       6       9     508       6       6       8     414      28      26            21.00000             3.17857             2.17184             0.23881             1.68349             0.32787          1057.77228             3.91141             2.03623       5       4
   10000       2       1       2       6       9     508       6       6       9     397      27      24            20.51852             3.07407             2.14871             0.24066             1.65654             0.31727          1082.76895             3.90397             1.96706       1       1
   10000       2       1       2       6       9     508       6       6      10     393      26       5            21.26923             3.19231             2.17031             0.22928             1.69843             0.33652           906.05932             3.90839             1.95227       2       5
   10000       2       1       2       6       9     508       6       6      11     378      25      21            21.56000             3.20000             2.17889             0.22529             1.69900             0.34700           877.69678             3.82949             1.97425       4       2
   10000       2       1       2       6       9     508       6       6      12     360      24      25            21.33333             3.16667             2.15630             0.22690             1.71958             0.33738           894.37676             3.79601             1.95811       5       2
   10000       2       1       2       6       9     508       6       6      13     354      23      15            21.69565             3.13043             2.17761             0.22474             1.70723             0.34393           886.68416             3.78716             1.93835       1       6
   10000       2       1       2       6       9     508       6       6      14     337      22      24            21.72727             3.09091             2.18649             0.22351             1.67959             0.36023           868.05846             3.84009             1.96686       5       5
   10000       2       1       2       6       9     508       6       6      15     320      21      27            21.23810             3.14286             2.15342             0.22520             1.69348             0.34802           876.43962             3.87368             1.95898       1       4
   10000       2       1       2       6       9     508       6       6      16     313      20      17            21.70000             3.05000             2.13622             0.21704             1.65986             0.33617           850.72183             3.89842             1.92992       5       3
   10000       2       1       2       6       9     508       6       6      17     298      19      26            21.26316             3.00000             2.14591             0.22292             1.64982             0.34681           863.66845             3.92287             1.86159       5       6
   10000       2       1       2       6       9     508       6       6      18     277      18      34            20.50000             3.00000             2.08384             0.22447             1.66860             0.33473           883.04592             3.99293             1.84069       6       3
   10000       2       1       2       6       9     508       6       6      19     261      17      23            20.47059             2.94118             2.11317             0.22830             1.65612             0.33818           871.70554             4.03809             1.77045       3       5
   10000       2       1       2       6       9     508       6       6      20     245      16      23            20.75000             2.93750             2.07035             0.22422             1.65107             0.33628           867.86216             4.06047             1.77742       3       4
   10000       2       1       2       6       9     508       6       6      21     221      15      23            20.46667             2.86667             2.09493             0.22959             1.65845             0.35209           883.59719             4.04483             1.82799       1       5
   10000       2       1       2       6       9     508       6       6      22     202      14      23            19.85714             2.78571             2.09601             0.24092             1.62182             0.37926           917.35942             4.10960             1.80953       2       1
   10000       2       1       2       6       9     508       6       6      23     186      13      17            20.07692             2.76923             2.10998             0.24125             1.63142             0.40362           926.64123             4.12270             1.86379       6       6
   10000       2       1       2       6       9     508       6       6      24     169      12      19            19.75000             2.83333             2.09069             0.24426             1.67734             0.41532           948.17090             4.19539             1.87379       3       6
   10000       2       1       2       6       9     508       6       6      25     147      11      29            18.09091             2.90909             2.02754             0.27023             1.68580             0.39017          1083.67630             4.29730             1.71856       4       3
   10000       2       1       2       6       9     508       6       6      26     128      10      16            18.00000             2.90000             2.02069             0.27176             1.72935             0.39109          1062.91127             4.45923             1.80076       6       4
   10000       2       1       2       6       9     508       6       6      27     114       9      19            18.33333             3.00000             2.02066             0.26890             1.75957             0.40361          1005.24661             4.52731             1.87211       1       2
   10000       2       1       2       6       9     508       6       6      28      92       8      22            17.87500             3.00000             2.00911             0.27723             1.73814             0.39857          1027.00271             4.62353             1.98113       6       2
   10000       2       1       2       6       9     508       6       6      29      85       7       9            18.85714             3.28571             1.97337             0.27411             1.89341             0.35773          1210.52340             4.04920             2.09037       4       1
   10000       2       1       2       6       9     508       6       6      30      68       6      21            18.00000             2.83333             2.00370             0.26333             1.77053             0.35914          1056.92774             4.11103             2.07899       2       2
