   10000       2       1       2      12       5     487       6       6       0     487      36       0            20.66667             3.16667             2.25710             0.23799             1.67006             0.35268           950.26692             3.56068             2.38376       0       0
   10000       2       1       2      12       5     487       6       6       1     466      35      25            20.74286             3.20000             2.25264             0.23643             1.68218             0.34594           947.07858             3.57036             2.42511       4       2
   10000       2       1       2      12       5     487       6       6       2     452      34      21            20.94118             3.14706             2.25104             0.23378             1.68268             0.34716           939.02847             3.55139             2.43113       2       5
   10000       2       1       2      12       5     487       6       6       3     434      33      25            20.96970             3.15152             2.27026             0.23766             1.68979             0.35813           937.64431             3.55829             2.43847       6       5
   10000       2       1       2      12       5     487       6       6       4     421      32      25            20.90625             3.09375             2.24405             0.23612             1.67155             0.35267           939.02364             3.56792             2.41921       5       2
   10000       2       1       2      12       5     487       6       6       5     398      31      34            20.58065             3.03226             2.22934             0.23741             1.65364             0.34858           945.77452             3.57268             2.41849       2       1
   10000       2       1       2      12       5     487       6       6       6     392      30      19            20.50000             3.06667             2.22822             0.23864             1.65452             0.34444           945.99310             3.59981             2.35406       6       2
   10000       2       1       2      12       5     487       6       6       7     383      29      21            20.58621             3.03448             2.22709             0.23809             1.64273             0.33977           942.12580             3.62204             2.29448       4       5
   10000       2       1       2      12       5     487       6       6       8     371      28      21            20.60714             3.00000             2.22430             0.23743             1.63798             0.33780           947.42298             3.60142             2.27584       2       6
   10000       2       1       2      12       5     487       6       6       9     360      27      22            20.96296             2.96296             2.22840             0.23444             1.64230             0.33953           941.86886             3.58040             2.27687       1       4
   10000       2       1       2      12       5     487       6       6      10     351      26      22            21.00000             3.03846             2.22213             0.23323             1.64978             0.33921           948.19919             3.57889             2.21790       5       6
   10000       2       1       2      12       5     487       6       6      11     340      25      15            21.40000             3.04000             2.25887             0.23286             1.63377             0.33981           924.85172             3.55733             2.22431       4       1
   10000       2       1       2      12       5     487       6       6      12     327      24      18            21.41667             3.04167             2.25149             0.23259             1.63121             0.34124           924.47569             3.50631             2.22019       1       1
   10000       2       1       2      12       5     487       6       6      13     322      23      24            21.39130             3.08696             2.25335             0.23632             1.65055             0.34036           942.83964             3.52381             2.09286       5       4
   10000       2       1       2      12       5     487       6       6      14     308      22      25            21.22727             3.09091             2.24787             0.24181             1.63113             0.34204           969.47495             3.52668             2.03665       4       3
   10000       2       1       2      12       5     487       6       6      15     292      21      33            20.71429             3.04762             2.19778             0.24293             1.62579             0.32708           997.58055             3.53235             1.94891       3       4
   10000       2       1       2      12       5     487       6       6      16     271      20      27            19.95000             3.00000             2.19942             0.25315             1.62956             0.33963          1035.11691             3.52520             1.93673       1       5
   10000       2       1       2      12       5     487       6       6      17     256      19      33            19.10526             2.94737             2.16922             0.26001             1.63358             0.34716          1074.06483             3.50945             1.80620       3       2
   10000       2       1       2      12       5     487       6       6      18     245      18      19            18.94444             3.00000             2.14075             0.25873             1.63455             0.34719          1090.89400             3.49402             1.75821       4       6
   10000       2       1       2      12       5     487       6       6      19     234      17      20            18.70588             3.05882             2.13048             0.26182             1.65323             0.35813          1111.81428             3.51219             1.72967       5       1
   10000       2       1       2      12       5     487       6       6      20     222      16      16            18.56250             3.12500             2.12962             0.26295             1.67955             0.36663          1084.69549             3.58018             1.68398       2       4
   10000       2       1       2      12       5     487       6       6      21     211      15      17            18.06667             3.20000             2.07872             0.26849             1.67714             0.34750          1154.59928             3.49425             1.54526       1       2
   10000       2       1       2      12       5     487       6       6      22     204      14      12            18.42857             3.21429             2.07648             0.26108             1.68072             0.35300          1131.79937             3.53098             1.47432       2       2
   10000       2       1       2      12       5     487       6       6      23     193      13      23            17.61538             3.30769             2.06101             0.27341             1.73596             0.33184          1196.62775             3.54489             1.32992       2       3
   10000       2       1       2      12       5     487       6       6      24     182      12      21            17.25000             3.33333             2.06811             0.28064             1.74083             0.34788          1221.60434             3.54865             1.27028       3       5
   10000       2       1       2      12       5     487       6       6      25     166      11      17            17.27273             3.36364             2.04757             0.28009             1.74568             0.33973          1216.56867             3.55805             1.28159       4       4
   10000       2       1       2      12       5     487       6       6      26     147      10      35            15.20000             3.40000             2.00161             0.30163             1.75549             0.33961          1318.67809             3.64014             1.07774       6       3
   10000       2       1       2      12       5     487       6       6      27     133       9      16            15.11111             3.44444             1.96707             0.30089             1.78759             0.34771          1360.71892             3.55602             1.06098       1       6
   10000       2       1       2      12       5     487       6       6      28     112       8      22            14.12500             3.37500             1.95196             0.31583             1.76470             0.33841          1431.87088             3.58899             1.02098       5       5
   10000       2       1       2      12       5     487       6       6      29     100       7      12            14.28571             3.42857             1.88453             0.30028             1.80495             0.33778          1356.73161             3.73211             1.00000       6       4
   10000       2       1       2      12       5     487       6       6      30      87       6      13            14.50000             3.50000             1.89092             0.29905             1.78632             0.32463          1348.60484             3.74897             1.00000       3       3
