   10000       2       1       2       7       7     487       6       6       0     487      36       0            20.66667             3.16667             2.25710             0.23799             1.67006             0.35268           950.26701             3.56068             2.38376       0       0
   10000       2       1       2       7       7     487       6       6       1     466      35      25            20.74286             3.20000             2.25565             0.23676             1.68292             0.34594           947.09481             3.57036             2.42511       4       2
   10000       2       1       2       7       7     487       6       6       2     446      34      27            20.58824             3.14706             2.25231             0.23807             1.69492             0.35098           952.52472             3.56722             2.44013       1       5
   10000       2       1       2       7       7     487       6       6       3     429      33      22            20.87879             3.06061             2.26181             0.23626             1.69611             0.35634           933.55077             3.58766             2.47693       2       4
   10000       2       1       2       7       7     487       6       6       4     422      32      20            21.06250             3.03125             2.26612             0.23498             1.70179             0.35458           924.84171             3.59550             2.45168       6       2
   10000       2       1       2       7       7     487       6       6       5     406      31      21            20.87097             3.03226             2.24535             0.23491             1.71506             0.36146           932.39522             3.59945             2.44832       6       1
   10000       2       1       2       7       7     487       6       6       6     387      30      27            20.93333             3.03333             2.24758             0.23539             1.71318             0.36905           921.70139             3.62849             2.50265       6       3
   10000       2       1       2       7       7     487       6       6       7     376      29      25            20.72414             2.93103             2.26827             0.24090             1.69999             0.36975           940.28017             3.61351             2.44758       2       6
   10000       2       1       2       7       7     487       6       6       8     369      28      20            21.03571             2.96429             2.25723             0.23679             1.69521             0.37203           935.86391             3.59647             2.38662       2       2
   10000       2       1       2       7       7     487       6       6       9     361      27      20            21.00000             2.88889             2.26165             0.23795             1.69417             0.37043           945.14556             3.61234             2.32652       5       3
   10000       2       1       2       7       7     487       6       6      10     351      26      15            21.07692             2.96154             2.26200             0.23646             1.70153             0.36180           941.51635             3.65737             2.28984       6       4
   10000       2       1       2       7       7     487       6       6      11     339      25      20            21.00000             3.04000             2.24085             0.23512             1.72483             0.34617           953.08824             3.64957             2.22493       4       6
   10000       2       1       2       7       7     487       6       6      12     326      24      29            20.83333             3.00000             2.21892             0.23633             1.71932             0.34921           964.87940             3.65733             2.17657       3       5
   10000       2       1       2       7       7     487       6       6      13     316      23      18            21.00000             3.00000             2.23493             0.23516             1.71018             0.35259           951.40498             3.65826             2.15435       4       3
   10000       2       1       2       7       7     487       6       6      14     306      22      13            21.18182             3.04545             2.26510             0.23354             1.71056             0.35243           910.34924             3.68463             2.12414       5       4
   10000       2       1       2       7       7     487       6       6      15     290      21      19            21.23810             2.95238             2.25996             0.23406             1.68970             0.36510           909.97943             3.69990             2.13411       3       6
   10000       2       1       2       7       7     487       6       6      16     280      20      26            20.75000             3.00000             2.26606             0.24281             1.71606             0.38453           936.10299             3.71263             2.03515       1       3
   10000       2       1       2       7       7     487       6       6      17     259      19      33            19.78947             3.00000             2.22481             0.24814             1.70551             0.37302           961.71526             3.74714             1.96803       2       1
   10000       2       1       2       7       7     487       6       6      18     251      18      16            19.94444             3.00000             2.24749             0.25120             1.69579             0.36407           954.20403             3.75127             1.89263       4       1
   10000       2       1       2       7       7     487       6       6      19     240      17      19            19.76471             3.00000             2.23960             0.25177             1.67934             0.36740           962.72742             3.77883             1.87687       5       1
   10000       2       1       2       7       7     487       6       6      20     231      16      15            19.93750             3.12500             2.27093             0.25368             1.70135             0.35620           942.49719             3.77032             1.82457       2       3
   10000       2       1       2       7       7     487       6       6      21     219      15      16            20.13333             3.13333             2.22745             0.24469             1.70367             0.37802           922.68187             3.77909             1.82545       2       5
   10000       2       1       2       7       7     487       6       6      22     198      14      22            20.00000             3.14286             2.23017             0.24722             1.69694             0.37781           924.42100             3.81482             1.87855       5       2
   10000       2       1       2       7       7     487       6       6      23     182      13      17            20.23077             3.15385             2.25956             0.24871             1.69792             0.38764           919.70539             3.81181             1.93619       1       4
   10000       2       1       2       7       7     487       6       6      24     165      12      30            18.66667             3.16667             2.21593             0.26264             1.71080             0.37393           980.59192             3.82870             1.79590       3       2
   10000       2       1       2       7       7     487       6       6      25     149      11      15            18.90909             3.09091             2.23764             0.26243             1.69988             0.38346           985.61195             3.83519             1.87237       3       1
   10000       2       1       2       7       7     487       6       6      26     133      10      24            18.20000             3.00000             2.22708             0.28273             1.69698             0.38795          1065.93355             3.87283             1.75618       6       5
   10000       2       1       2       7       7     487       6       6      27     120       9      20            18.11111             3.00000             2.23977             0.29022             1.73023             0.37405          1060.51277             3.94676             1.65974       4       4
   10000       2       1       2       7       7     487       6       6      28     115       8       7            19.37500             3.37500             2.32321             0.26696             1.77520             0.36127           908.29259             3.80939             1.58591       6       6
   10000       2       1       2       7       7     487       6       6      29      99       7      16            19.85714             3.42857             2.32814             0.26194             1.81928             0.37479           903.29811             3.72540             1.66961       1       6
   10000       2       1       2       7       7     487       6       6      30      87       6      19            19.83333             3.33333             2.39852             0.26639             1.83091             0.39352           864.55606             3.85177             1.59375       4       5
