   10000       2       1       2       7       5     504       6       6       0     504      36       0            21.11111             2.88889             2.22961             0.22955             1.55904             0.32370           873.83773             3.92412             2.46365       0       0
   10000       2       1       2       7       5     504       6       6       1     497      35      14            21.22857             2.88571             2.23589             0.22861             1.58143             0.32827           876.36373             3.91800             2.35277       3       2
   10000       2       1       2       7       5     504       6       6       2     487      34      19            21.35294             2.91176             2.22599             0.22705             1.57757             0.32282           878.10791             3.90842             2.30882       1       5
   10000       2       1       2       7       5     504       6       6       3     475      33      28            21.12121             2.90909             2.23370             0.23066             1.57526             0.31855           884.35788             3.93555             2.26267       2       6
   10000       2       1       2       7       5     504       6       6       4     456      32      26            20.90625             2.87500             2.20735             0.23037             1.57250             0.31482           893.55084             3.96298             2.24509       6       1
   10000       2       1       2       7       5     504       6       6       5     441      31      22            20.87097             2.90323             2.21045             0.23300             1.57817             0.31433           913.88869             3.98753             2.20292       6       3
   10000       2       1       2       7       5     504       6       6       6     429      30      24            20.96667             2.83333             2.20338             0.23086             1.57113             0.31325           909.31630             3.95878             2.15467       1       3
   10000       2       1       2       7       5     504       6       6       7     416      29      20            21.17241             2.82759             2.21779             0.22579             1.55281             0.31168           870.26100             3.93926             2.16101       4       2
   10000       2       1       2       7       5     504       6       6       8     410      28      21            21.32143             2.82143             2.24381             0.22969             1.56796             0.31778           867.88841             3.88207             2.10988       2       4
   10000       2       1       2       7       5     504       6       6       9     403      27      17            21.70370             2.85185             2.21428             0.22419             1.58198             0.31077           856.49367             3.91101             2.05677       4       4
   10000       2       1       2       7       5     504       6       6      10     387      26      17            21.84615             2.92308             2.25412             0.22594             1.61750             0.31966           829.82256             3.93797             2.06847       6       6
   10000       2       1       2       7       5     504       6       6      11     367      25      24            21.56000             2.88000             2.22451             0.22559             1.62062             0.31498           836.51669             3.94720             2.07594       6       2
   10000       2       1       2       7       5     504       6       6      12     352      24      23            21.58333             2.79167             2.23059             0.22667             1.61704             0.32029           837.90949             3.93200             2.07079       6       5
   10000       2       1       2       7       5     504       6       6      13     333      23      25            21.26087             2.73913             2.17075             0.22373             1.58413             0.28324           846.28316             3.98088             2.03791       5       1
   10000       2       1       2       7       5     504       6       6      14     320      22      18            21.31818             2.77273             2.18774             0.22685             1.59102             0.29261           843.65758             3.99800             2.05283       5       2
   10000       2       1       2       7       5     504       6       6      15     306      21      23            20.90476             2.90476             2.18302             0.23367             1.61999             0.30076           880.58547             3.94509             1.96996       2       3
   10000       2       1       2       7       5     504       6       6      16     301      20       7            21.65000             2.90000             2.23739             0.22866             1.62422             0.31421           844.34758             3.91117             1.91879       5       3
   10000       2       1       2       7       5     504       6       6      17     289      19      16            21.78947             2.84211             2.24578             0.22684             1.61583             0.30591           831.89234             3.88851             1.92128       4       3
   10000       2       1       2       7       5     504       6       6      18     274      18      24            21.33333             2.88889             2.21328             0.22904             1.59516             0.28656           852.25525             3.89827             1.86582       3       1
   10000       2       1       2       7       5     504       6       6      19     264      17      11            21.76471             2.88235             2.22420             0.21854             1.59375             0.27892           837.78905             3.80309             1.88351       2       5
   10000       2       1       2       7       5     504       6       6      20     247      16      17            22.12500             2.87500             2.23174             0.21532             1.58522             0.29402           825.96669             3.84874             1.94695       4       1
   10000       2       1       2       7       5     504       6       6      21     225      15      24            21.93333             2.93333             2.24229             0.21860             1.59527             0.29397           835.24039             3.78598             1.98605       1       4
   10000       2       1       2       7       5     504       6       6      22     202      14      22            21.57143             3.07143             2.20235             0.21889             1.62181             0.28325           844.99008             3.83696             2.03291       6       4
   10000       2       1       2       7       5     504       6       6      23     189      13      25            21.84615             3.07692             2.21154             0.21871             1.62711             0.29158           848.36253             3.87447             1.96324       3       5
   10000       2       1       2       7       5     504       6       6      24     175      12      20            21.83333             3.08333             2.19621             0.21649             1.63767             0.29288           830.82169             3.87327             1.94552       5       4
   10000       2       1       2       7       5     504       6       6      25     158      11      21            21.54545             3.09091             2.20478             0.21949             1.67404             0.29830           823.29910             3.93675             1.94965       3       6
   10000       2       1       2       7       5     504       6       6      26     143      10      24            21.20000             3.30000             2.14381             0.21882             1.67760             0.27050           839.26548             3.95834             1.86663       4       5
   10000       2       1       2       7       5     504       6       6      27     133       9      20            21.00000             3.00000             2.22055             0.23137             1.58206             0.28364           863.73825             3.96030             1.70662       2       2
   10000       2       1       2       7       5     504       6       6      28     120       8      20            21.00000             3.12500             2.18408             0.22597             1.56696             0.25989           844.65753             4.06878             1.62425       2       1
   10000       2       1       2       7       5     504       6       6      29     100       7      24            19.85714             3.28571             2.11393             0.22997             1.53419             0.24252           866.34031             4.29643             1.56981       4       6
   10000       2       1       2       7       5     504       6       6      30      86       6      14            20.83333             3.33333             2.17479             0.22168             1.56046             0.27012           766.24256             4.29862             1.66478       1       6
