   10000       2       2       2       9       6     546       6       6       0     546      36       0            21.88889             3.11111             2.26232             0.22006             1.62450             0.32094           843.01106             3.63284             2.18994       0       0
   10000       2       2       2       9       6     546       6       6       1     532      35      21            22.60000             3.14286             2.30913             0.21721             1.64379             0.33308           814.03963             3.64221             2.25481       5       2
   10000       2       2       2       9       6     546       6       6       2     514      34      28            23.02941             3.11765             2.33235             0.21504             1.67788             0.35175           795.06598             3.63467             2.29584       3       2
   10000       2       2       2       9       6     546       6       6       3     488      33      19            23.45455             3.09091             2.34382             0.21200             1.68909             0.36395           781.01454             3.66177             2.41315       4       5
   10000       2       2       2       9       6     546       6       6       4     464      32      22            23.75000             3.09375             2.34432             0.21030             1.71269             0.36645           776.13213             3.67145             2.47628       1       4
   10000       2       2       2       9       6     546       6       6       5     439      31      28            23.80645             3.09677             2.34369             0.21084             1.73253             0.37660           766.37709             3.68821             2.50731       5       4
   10000       2       2       2       9       6     546       6       6       6     423      30      24            23.96667             3.10000             2.30038             0.20475             1.74120             0.36766           750.81455             3.71897             2.48323       3       4
   10000       2       2       2       9       6     546       6       6       7     413      29      20            24.17241             3.20690             2.33640             0.20567             1.77947             0.36669           745.93411             3.70836             2.45059       3       5
   10000       2       2       2       9       6     546       6       6       8     405      28      26            24.39286             3.14286             2.31778             0.20300             1.76187             0.36319           742.42434             3.72754             2.42594       1       6
   10000       2       2       2       9       6     546       6       6       9     394      27      19            24.48148             3.14815             2.36173             0.20571             1.76007             0.36756           736.33081             3.72980             2.38173       6       4
   10000       2       2       2       9       6     546       6       6      10     377      26      29            24.34615             3.19231             2.34951             0.20605             1.75910             0.37498           741.85948             3.75774             2.37409       3       6
   10000       2       2       2       9       6     546       6       6      11     366      25      22            24.48000             3.20000             2.33083             0.20368             1.79736             0.35904           754.66088             3.71753             2.34765       6       5
   10000       2       2       2       9       6     546       6       6      12     354      24      28            24.33333             3.12500             2.33928             0.20572             1.79648             0.35789           761.51944             3.74587             2.28106       4       1
   10000       2       2       2       9       6     546       6       6      13     347      23      33            24.65217             3.21739             2.35934             0.20407             1.81226             0.36432           757.53657             3.75444             2.24511       4       3
   10000       2       2       2       9       6     546       6       6      14     332      22      23            24.81818             3.27273             2.35570             0.20252             1.83251             0.37339           756.43001             3.75579             2.25653       3       1
   10000       2       2       2       9       6     546       6       6      15     321      21      17            25.38095             3.28571             2.36375             0.19780             1.83515             0.37394           730.43989             3.76054             2.28229       1       5
   10000       2       2       2       9       6     546       6       6      16     303      20      21            25.15000             3.30000             2.38450             0.20123             1.86106             0.37403           738.65395             3.75846             2.26734       2       1
   10000       2       2       2       9       6     546       6       6      17     291      19      20            25.26316             3.36842             2.36594             0.19866             1.87308             0.37999           740.27566             3.75944             2.24737       5       1
   10000       2       2       2       9       6     546       6       6      18     272      18      30            24.72222             3.44444             2.35169             0.20260             1.89607             0.39131           754.53838             3.78306             2.19522       2       6
   10000       2       2       2       9       6     546       6       6      19     262      17      31            24.35294             3.47059             2.36826             0.20784             1.87532             0.39950           765.95394             3.84574             2.10970       2       4
   10000       2       2       2       9       6     546       6       6      20     247      16      22            24.25000             3.43750             2.33506             0.20629             1.90176             0.41324           761.03771             3.88102             2.08146       6       1
   10000       2       2       2       9       6     546       6       6      21     237      15      23            24.53333             3.46667             2.33088             0.20472             1.92120             0.40726           770.24570             3.90867             2.01387       1       2
   10000       2       2       2       9       6     546       6       6      22     226      14      19            24.71429             3.57143             2.34091             0.20278             1.95384             0.40811           752.46510             3.95921             1.99151       6       2
   10000       2       2       2       9       6     546       6       6      23     209      13      26            24.61538             3.53846             2.32096             0.20245             1.92568             0.40258           763.85888             3.94875             1.97630       4       2
   10000       2       2       2       9       6     546       6       6      24     193      12      35            23.16667             3.50000             2.25000             0.20776             1.94961             0.39246           809.39892             4.06834             1.87134       2       3
   10000       2       2       2       9       6     546       6       6      25     183      11      31            22.45455             3.54545             2.25509             0.21519             2.00986             0.41374           841.29491             4.04251             1.72131       5       6
   10000       2       2       2       9       6     546       6       6      26     168      10      18            22.90000             3.50000             2.24283             0.20887             2.02261             0.43158           821.34248             4.02449             1.74260       2       5
   10000       2       2       2       9       6     546       6       6      27     157       9      22            23.00000             3.55556             2.24961             0.20899             2.00396             0.42663           833.04338             3.95188             1.63378       4       6
   10000       2       2       2       9       6     546       6       6      28     141       8      28            22.00000             3.50000             2.23096             0.21621             1.98002             0.41603           859.54630             4.07780             1.50902       6       3
   10000       2       2       2       9       6     546       6       6      29     125       7      21            22.14286             3.57143             2.22314             0.21445             1.99859             0.41832           859.10932             4.05343             1.49977       5       3
   10000       2       2       2       9       6     546       6       6      30     106       6      25            21.66667             3.50000             2.20700             0.21796             1.99141             0.40470           850.86302             4.03681             1.43604       1       3
