   10000       2       2       1       1       5     546       6       6       0     546      36       0            21.88889             3.11111             2.26232             0.22006             1.62450             0.32094           843.01095             3.63284             2.18994       0       0
   10000       2       2       1       1       5     546       6       6       1     522      35      25            22.14286             3.11429             2.29311             0.22049             1.63868             0.33129           828.60824             3.64690             2.27291       5       3
   10000       2       2       1       1       5     546       6       6       2     507      34      21            22.73529             3.05882             2.32141             0.21645             1.65830             0.33711           806.16814             3.65190             2.32432       3       5
   10000       2       2       1       1       5     546       6       6       3     490      33      22            22.90909             3.12121             2.32305             0.21495             1.68212             0.34606           799.12237             3.66489             2.36877       1       4
   10000       2       2       1       1       5     546       6       6       4     477      32      26            22.93750             3.18750             2.30454             0.21363             1.69526             0.34033           800.25616             3.68624             2.36497       1       6
   10000       2       2       1       1       5     546       6       6       5     469      31      19            23.48387             3.25806             2.30574             0.20865             1.71627             0.35153           779.04132             3.70655             2.36661       5       2
   10000       2       2       1       1       5     546       6       6       6     455      30      23            23.66667             3.23333             2.33315             0.20937             1.71939             0.35301           775.83733             3.72271             2.36657       5       1
   10000       2       2       1       1       5     546       6       6       7     439      29      24            23.75862             3.24138             2.32442             0.20868             1.73417             0.35113           775.37826             3.76853             2.36038       4       2
   10000       2       2       1       1       5     546       6       6       8     419      28      28            24.17857             3.14286             2.34066             0.20593             1.72778             0.35381           759.79078             3.75321             2.42201       3       2
   10000       2       2       1       1       5     546       6       6       9     395      27      30            23.96296             3.11111             2.30488             0.20384             1.72150             0.35184           760.00952             3.76451             2.42686       2       6
   10000       2       2       1       1       5     546       6       6      10     373      26      20            24.07692             3.03846             2.37853             0.20929             1.72603             0.35981           755.55910             3.80212             2.48479       2       2
   10000       2       2       1       1       5     546       6       6      11     360      25      26            24.28000             3.04000             2.43703             0.21319             1.73578             0.38239           757.97374             3.77415             2.46121       6       5
   10000       2       2       1       1       5     546       6       6      12     348      24      20            24.25000             3.12500             2.41201             0.21203             1.75715             0.37010           756.85717             3.80706             2.41569       1       5
   10000       2       2       1       1       5     546       6       6      13     337      23      30            24.13043             3.17391             2.45154             0.21693             1.73052             0.37529           757.88636             3.84982             2.36693       2       4
   10000       2       2       1       1       5     546       6       6      14     327      22      20            24.13636             3.13636             2.44031             0.21566             1.75614             0.38315           742.28058             3.87080             2.30224       3       4
   10000       2       2       1       1       5     546       6       6      15     309      21      33            23.61905             3.19048             2.42288             0.21803             1.74387             0.37632           752.23628             3.91408             2.26522       3       3
   10000       2       2       1       1       5     546       6       6      16     297      20      27            23.60000             3.15000             2.40513             0.21687             1.74664             0.37962           745.67919             3.89879             2.19166       1       3
   10000       2       2       1       1       5     546       6       6      17     281      19      19            23.94737             3.10526             2.43732             0.21597             1.74187             0.37405           733.21199             3.91370             2.19030       6       4
   10000       2       2       1       1       5     546       6       6      18     267      18      23            23.66667             3.16667             2.40711             0.21566             1.72636             0.38089           746.04662             3.93385             2.13856       4       6
   10000       2       2       1       1       5     546       6       6      19     256      17      20            23.70588             3.29412             2.37211             0.21213             1.74655             0.38354           731.29613             3.95819             2.10212       6       1
   10000       2       2       1       1       5     546       6       6      20     239      16      21            23.93750             3.18750             2.33414             0.20658             1.74647             0.39208           721.08856             3.96127             2.13506       2       5
   10000       2       2       1       1       5     546       6       6      21     222      15      22            24.13333             3.26667             2.36513             0.20749             1.75729             0.40677           711.84723             3.99544             2.12883       4       5
   10000       2       2       1       1       5     546       6       6      22     208      14      21            24.21429             3.21429             2.33626             0.20395             1.77353             0.41455           704.21425             4.03660             2.09173       5       5
   10000       2       2       1       1       5     546       6       6      23     197      13      22            24.00000             3.30769             2.34543             0.20594             1.81004             0.42003           698.74261             4.10766             2.06657       6       2
   10000       2       2       1       1       5     546       6       6      24     189      12      24            24.33333             3.33333             2.35484             0.20338             1.82091             0.40493           699.50549             4.11200             1.95125       2       1
   10000       2       2       1       1       5     546       6       6      25     178      11      21            24.63636             3.18182             2.37663             0.20280             1.79942             0.40420           688.81842             4.11659             1.87992       2       3
   10000       2       2       1       1       5     546       6       6      26     163      10      28            24.00000             3.30000             2.31619             0.20421             1.76665             0.37184           723.95194             4.11778             1.82852       5       4
   10000       2       2       1       1       5     546       6       6      27     145       9      27            22.55556             3.33333             2.25217             0.21306             1.77187             0.37303           759.68083             4.21175             1.73099       3       1
   10000       2       2       1       1       5     546       6       6      28     137       8      16            23.00000             3.25000             2.24682             0.20778             1.81541             0.37256           721.01715             4.27137             1.58981       4       4
   10000       2       2       1       1       5     546       6       6      29     121       7      27            22.42857             3.28571             2.20725             0.20965             1.80552             0.36535           755.33363             4.24377             1.47515       4       3
   10000       2       2       1       1       5     546       6       6      30     113       6      24            22.33333             3.50000             2.18540             0.20931             1.91305             0.34258           794.75086             4.19348             1.31052       5       6
   10000       2       2       1       1       5     546       6       6      31      89       5      26            21.60000             3.40000             2.17632             0.21548             1.87166             0.36309           791.90936             4.23804             1.33365       6       3
   10000       2       2       1       1       5     546       6       6      32      77       4      17            22.75000             3.50000             2.27923             0.21420             1.87083             0.37574           718.05060             4.38327             1.28409       3       6
   10000       2       2       1       1       5     546       6       6      33      59       3      29            19.66667             3.66667             2.09167             0.22976             1.88526             0.38678           798.61150             4.39496             1.00000       1       1
   10000       2       2       1       1       5     546       6       6      34      42       2      15            21.00000             4.00000             2.20139             0.22638             1.94885             0.42327           755.02920             4.33686             1.00000       4       1
   10000       2       2       1       1       5     546       6       6      35      18       1      24            18.00000             4.00000             2.22222             0.26144             1.94118             0.41176           700.21889             4.21363             1.00000       6       6
   10000       2       2       1       1       5     546       6       6      36       0       0      18             0.00000             0.00000             0.00000             0.00000             0.00000             0.00000             0.00000             0.00000             0.00000       1       2
