   10000       2       2       2      10      11     496       6       6       0     496      36       0            21.13889             3.02778             2.22575             0.23036             1.59494             0.35659           936.79100             3.61014             2.41911       0       0
   10000       2       2       2      10      11     496       6       6       1     477      35      30            21.62857             3.05714             2.26551             0.22771             1.61227             0.36857           901.42183             3.61601             2.46841       4       2
   10000       2       2       2      10      11     496       6       6       2     460      34      28            21.50000             3.05882             2.23881             0.22628             1.62899             0.36436           904.30450             3.62972             2.48130       4       4
   10000       2       2       2      10      11     496       6       6       3     444      33      28            21.66667             3.12121             2.22374             0.22281             1.64637             0.36750           893.25552             3.61628             2.50199       4       6
   10000       2       2       2      10      11     496       6       6       4     426      32      30            21.65625             3.09375             2.23593             0.22365             1.65014             0.36019           891.35750             3.63766             2.50954       5       5
   10000       2       2       2      10      11     496       6       6       5     402      31      28            21.22581             3.09677             2.21679             0.22656             1.65101             0.35605           898.76015             3.64031             2.54359       6       2
   10000       2       2       2      10      11     496       6       6       6     388      30      29            21.33333             3.10000             2.24613             0.22812             1.67020             0.36641           885.86861             3.63955             2.54464       3       6
   10000       2       2       2      10      11     496       6       6       7     379      29      29            21.55172             3.10345             2.24452             0.22527             1.66544             0.37510           882.44475             3.64524             2.49739       3       5
   10000       2       2       2      10      11     496       6       6       8     366      28      27            21.21429             3.07143             2.26216             0.23079             1.67105             0.38630           891.54691             3.68380             2.43417       5       1
   10000       2       2       2      10      11     496       6       6       9     346      27      26            20.88889             2.96296             2.24328             0.23146             1.66306             0.38521           917.61643             3.64523             2.41322       2       5
   10000       2       2       2      10      11     496       6       6      10     337      26      25            21.15385             3.15385             2.24231             0.22913             1.72123             0.39437           878.80113             3.66805             2.39638       3       1
   10000       2       2       2      10      11     496       6       6      11     327      25      24            21.24000             3.20000             2.25956             0.22933             1.74499             0.40297           868.18968             3.70400             2.37457       6       5
   10000       2       2       2      10      11     496       6       6      12     312      24      27            20.79167             3.20833             2.21911             0.23046             1.75981             0.39360           882.49407             3.72279             2.34386       5       6
   10000       2       2       2      10      11     496       6       6      13     302      23      24            20.95652             3.30435             2.26188             0.23286             1.81080             0.40973           871.32782             3.68304             2.33367       3       4
   10000       2       2       2      10      11     496       6       6      14     290      22      24            21.00000             3.22727             2.30026             0.23665             1.78143             0.41805           855.27424             3.73175             2.31771       1       4
   10000       2       2       2      10      11     496       6       6      15     281      21      26            20.76190             3.28571             2.27124             0.23751             1.80487             0.40287           860.20058             3.79426             2.21772       2       3
   10000       2       2       2      10      11     496       6       6      16     271      20      23            21.50000             3.35000             2.25253             0.22837             1.82918             0.40812           836.14393             3.86935             2.24496       5       3
   10000       2       2       2      10      11     496       6       6      17     261      19      28            20.94737             3.47368             2.25241             0.23588             1.86336             0.39044           868.68566             3.88045             2.12657       6       4
   10000       2       2       2      10      11     496       6       6      18     246      18      25            20.61111             3.44444             2.25486             0.24002             1.86053             0.39733           868.00705             3.88340             2.07926       5       4
   10000       2       2       2      10      11     496       6       6      19     240      17      22            20.64706             3.47059             2.24392             0.24132             1.88919             0.39001           888.16031             3.85800             2.01645       3       3
   10000       2       2       2      10      11     496       6       6      20     223      16      22            20.56250             3.31250             2.21909             0.23952             1.85845             0.37615           893.20792             3.88392             2.03270       6       6
   10000       2       2       2      10      11     496       6       6      21     215      15      20            20.53333             3.40000             2.24127             0.24432             1.84601             0.39077           919.74896             3.87699             1.90694       4       3
   10000       2       2       2      10      11     496       6       6      22     204      14      20            20.78571             3.50000             2.23016             0.23806             1.86592             0.40141           883.58023             3.93999             1.86579       1       2
   10000       2       2       2      10      11     496       6       6      23     193      13      20            20.30769             3.38462             2.22510             0.24209             1.84109             0.38785           896.15845             4.00805             1.76382       2       1
   10000       2       2       2      10      11     496       6       6      24     177      12      19            20.50000             3.16667             2.19914             0.23632             1.77362             0.36830           893.67415             4.00653             1.77515       6       1
   10000       2       2       2      10      11     496       6       6      25     166      11      19            20.63636             3.36364             2.17726             0.23288             1.80859             0.35764           902.10893             4.01139             1.72165       4       5
   10000       2       2       2      10      11     496       6       6      26     154      10      18            20.90000             3.10000             2.17514             0.22979             1.75122             0.35078           885.94094             4.02535             1.69268       4       1
   10000       2       2       2      10      11     496       6       6      27     147       9      17            20.77778             3.22222             2.27758             0.24156             1.76463             0.37823           866.37024             4.10823             1.53030       3       2
   10000       2       2       2      10      11     496       6       6      28     136       8      15            21.50000             3.00000             2.27150             0.23004             1.68164             0.33417           847.84396             4.06200             1.51679       5       2
   10000       2       2       2      10      11     496       6       6      29     130       7      14            21.57143             3.28571             2.38029             0.24141             1.81304             0.35342           857.49215             4.12438             1.32175       1       6
   10000       2       2       2      10      11     496       6       6      30     119       6      11            23.33333             3.16667             2.48309             0.22674             1.81521             0.37899           838.30893             3.90332             1.37538       6       3
