   10000       2       1       2       9       7     503       6       6       0     503      36       0            22.55556             3.00000             2.29326             0.21934             1.68768             0.35119           834.45777             3.74064             2.54979       0       0
   10000       2       1       2       9       7     503       6       6       1     495      35      25            22.48571             2.97143             2.28519             0.21898             1.67810             0.33928           836.51967             3.73060             2.47791       1       5
   10000       2       1       2       9       7     503       6       6       2     481      34      22            22.52941             2.97059             2.28038             0.21822             1.68399             0.33924           833.28548             3.75709             2.46710       6       4
   10000       2       1       2       9       7     503       6       6       3     470      33      16            22.54545             3.00000             2.27403             0.21783             1.69036             0.33509           830.92492             3.77576             2.47269       1       6
   10000       2       1       2       9       7     503       6       6       4     460      32      16            22.68750             3.00000             2.29685             0.21869             1.68616             0.34497           827.09630             3.78692             2.44552       2       6
   10000       2       1       2       9       7     503       6       6       5     447      31      26            22.51613             3.00000             2.29034             0.22174             1.69104             0.34645           843.73635             3.76574             2.38182       2       1
   10000       2       1       2       9       7     503       6       6       6     438      30      20            22.56667             2.96667             2.31151             0.22359             1.69449             0.35395           844.56783             3.77260             2.32595       5       1
   10000       2       1       2       9       7     503       6       6       7     425      29      20            22.55172             2.93103             2.29457             0.22467             1.67873             0.36166           846.38569             3.78861             2.29662       1       4
   10000       2       1       2       9       7     503       6       6       8     413      28      22            22.53571             2.92857             2.29138             0.22472             1.68143             0.35934           834.80976             3.82613             2.26190       5       2
   10000       2       1       2       9       7     503       6       6       9     399      27      18            22.59259             3.00000             2.30141             0.22710             1.70084             0.35913           842.96361             3.82639             2.27126       2       5
   10000       2       1       2       9       7     503       6       6      10     386      26      24            22.42308             2.96154             2.27077             0.22679             1.68904             0.34775           850.17225             3.86876             2.21477       4       2
   10000       2       1       2       9       7     503       6       6      11     373      25      20            22.56000             2.92000             2.26901             0.22522             1.67353             0.35299           849.16210             3.88616             2.23066       4       1
   10000       2       1       2       9       7     503       6       6      12     356      24      27            22.25000             2.91667             2.25070             0.22683             1.67396             0.35655           862.32342             3.90982             2.21730       6       5
   10000       2       1       2       9       7     503       6       6      13     342      23      20            22.26087             2.82609             2.27510             0.22318             1.64467             0.34829           823.78755             3.88425             2.19651       1       3
   10000       2       1       2       9       7     503       6       6      14     326      22      19            22.13636             2.81818             2.27695             0.22452             1.64723             0.35109           829.73749             3.90145             2.20025       6       1
   10000       2       1       2       9       7     503       6       6      15     312      21      28            21.85714             2.80952             2.27213             0.22731             1.63139             0.34563           846.51945             3.92993             2.14303       5       6
   10000       2       1       2       9       7     503       6       6      16     287      20      32            21.40000             2.80000             2.27184             0.23164             1.61052             0.33885           854.23161             3.97951             2.11431       5       3
   10000       2       1       2       9       7     503       6       6      17     277      19      25            21.63158             2.78947             2.27048             0.22917             1.58741             0.35640           834.17051             3.99413             2.09062       4       5
   10000       2       1       2       9       7     503       6       6      18     262      18      29            21.33333             2.77778             2.24367             0.22945             1.58390             0.35756           837.50002             4.03071             2.06551       5       4
   10000       2       1       2       9       7     503       6       6      19     250      17      20            20.88235             2.76471             2.20016             0.24032             1.58077             0.35626           931.27890             4.08653             1.95272       1       2
   10000       2       1       2       9       7     503       6       6      20     247      16       9            21.68750             2.87500             2.27280             0.24069             1.61477             0.37492           925.05905             3.81222             1.82725       2       4
   10000       2       1       2       9       7     503       6       6      21     228      15      26            21.06667             2.80000             2.24569             0.24887             1.57559             0.36597           988.43970             3.88911             1.81231       6       3
   10000       2       1       2       9       7     503       6       6      22     210      14      18            21.28571             2.78571             2.23618             0.24673             1.57048             0.37110           987.34473             3.93409             1.87033       6       2
   10000       2       1       2       9       7     503       6       6      23     203      13      16            22.07692             2.92308             2.22843             0.23912             1.60829             0.35352           960.17840             3.92828             1.83199       4       3
   10000       2       1       2       9       7     503       6       6      24     183      12      24            21.75000             2.91667             2.21331             0.24224             1.65212             0.33374           983.01509             3.93690             1.85821       4       6
   10000       2       1       2       9       7     503       6       6      25     164      11      27            21.36364             2.90909             2.23052             0.25050             1.62071             0.33869          1008.44423             3.98396             1.86396       3       6
   10000       2       1       2       9       7     503       6       6      26     150      10      20            20.90000             3.00000             2.18758             0.25812             1.65386             0.33368          1062.91691             3.95079             1.75307       2       3
   10000       2       1       2       9       7     503       6       6      27     134       9      32            18.33333             2.88889             2.03943             0.27461             1.68576             0.32617          1177.71064             3.93905             1.47750       3       4
   10000       2       1       2       9       7     503       6       6      28     118       8      16            18.62500             2.87500             1.97885             0.26661             1.68190             0.33361          1199.59472             4.01394             1.53719       3       5
   10000       2       1       2       9       7     503       6       6      29     109       7      26            16.71429             2.71429             1.90801             0.30482             1.62187             0.36455          1426.83112             4.04117             1.10815       3       2
   10000       2       1       2       9       7     503       6       6      30      93       6      17            16.66667             2.66667             1.88287             0.31273             1.63176             0.36281          1493.35128             4.13106             1.10534       3       1
