   10000       2       2       2      10       5     503       6       6       0     503      36       0            22.55556             3.00000             2.29326             0.21934             1.68768             0.35119           834.45777             3.74064             2.54979       0       0
   10000       2       2       2      10       5     503       6       6       1     491      35      23            22.82857             3.11429             2.32546             0.21817             1.71303             0.35671           806.05458             3.72148             2.55935       1       2
   10000       2       2       2      10       5     503       6       6       2     483      34      24            23.29412             3.11765             2.31842             0.21140             1.74112             0.35088           779.54010             3.67875             2.56759       3       3
   10000       2       2       2      10       5     503       6       6       3     468      33      25            23.30303             3.09091             2.33919             0.21508             1.73567             0.36252           773.15101             3.76711             2.58152       2       3
   10000       2       2       2      10       5     503       6       6       4     454      32      21            24.31250             3.15625             2.37096             0.21127             1.75662             0.38341           745.37426             3.77382             2.67980       4       5
   10000       2       2       2      10       5     503       6       6       5     433      31      31            24.48387             3.22581             2.36196             0.20995             1.78459             0.38241           741.26609             3.79423             2.74463       6       5
   10000       2       2       2      10       5     503       6       6       6     420      30      31            24.26667             3.26667             2.34401             0.21029             1.80983             0.38134           748.29286             3.81147             2.71342       4       6
   10000       2       2       2      10       5     503       6       6       7     411      29      22            24.34483             3.24138             2.34806             0.21120             1.80997             0.39058           752.09252             3.80650             2.63772       3       1
   10000       2       2       2      10       5     503       6       6       8     399      28      28            24.92857             3.25000             2.37052             0.20991             1.82171             0.40357           739.44419             3.84763             2.67443       5       4
   10000       2       2       2      10       5     503       6       6       9     385      27      21            25.44444             3.25926             2.32716             0.20453             1.83701             0.40227           726.15188             3.88636             2.66441       4       3
   10000       2       2       2      10       5     503       6       6      10     377      26      32            25.76923             3.15385             2.33761             0.20357             1.83729             0.39080           710.70785             3.89273             2.64414       4       2
   10000       2       2       2      10       5     503       6       6      11     369      25      22            26.12000             3.20000             2.35306             0.20271             1.84223             0.39155           698.75920             3.91503             2.61682       6       4
   10000       2       2       2      10       5     503       6       6      12     347      24      32            25.66667             3.12500             2.33583             0.20496             1.81446             0.38893           708.91295             3.94500             2.62889       5       5
   10000       2       2       2      10       5     503       6       6      13     343      23      17            26.17391             3.17391             2.37301             0.20441             1.82580             0.38971           685.68155             3.97318             2.60071       1       6
   10000       2       2       2      10       5     503       6       6      14     336      22      26            26.68182             3.18182             2.36455             0.19637             1.82227             0.39958           684.19898             3.94656             2.60485       3       2
   10000       2       2       2      10       5     503       6       6      15     315      21      29            26.52381             3.19048             2.38113             0.19851             1.82910             0.40520           680.93330             4.13756             2.68357       2       5
   10000       2       2       2      10       5     503       6       6      16     298      20      29            26.20000             3.20000             2.38173             0.20201             1.81191             0.40119           688.36724             4.17739             2.66486       6       6
   10000       2       2       2      10       5     503       6       6      17     282      19      23            26.36842             3.21053             2.36096             0.19937             1.81579             0.39838           688.21148             4.20886             2.68316       5       6
   10000       2       2       2      10       5     503       6       6      18     272      18      26            26.44444             3.27778             2.39227             0.20215             1.84090             0.41320           686.66846             4.27197             2.65907       5       1
   10000       2       2       2      10       5     503       6       6      19     256      17      27            26.29412             3.23529             2.36805             0.20304             1.82752             0.40329           697.63527             4.31470             2.64993       4       1
   10000       2       2       2      10       5     503       6       6      20     235      16      37            24.75000             3.12500             2.38046             0.21418             1.79668             0.41233           729.33439             4.43617             2.61648       3       4
   10000       2       2       2      10       5     503       6       6      21     221      15      29            24.06667             3.13333             2.37384             0.22265             1.78410             0.42340           741.63791             4.49124             2.42032       1       4
   10000       2       2       2      10       5     503       6       6      22     197      14      46            22.71429             3.14286             2.34182             0.23041             1.76014             0.43736           757.50037             4.57085             2.35969       5       3
   10000       2       2       2      10       5     503       6       6      23     182      13      26            21.92308             3.07692             2.30373             0.24319             1.77315             0.44374           801.39231             4.65934             2.26445       2       1
   10000       2       2       2      10       5     503       6       6      24     168      12      35            21.75000             3.16667             2.30534             0.24726             1.77046             0.44418           802.38664             4.77677             2.25654       6       3
   10000       2       2       2      10       5     503       6       6      25     156      11      26            20.72727             3.09091             2.29500             0.25948             1.77096             0.44852           834.44821             4.83454             2.07728       3       6
   10000       2       2       2      10       5     503       6       6      26     143      10      22            20.20000             3.10000             2.25106             0.26344             1.77869             0.44515           855.73261             4.97490             2.02818       6       1
   10000       2       2       2      10       5     503       6       6      27     122       9      38            18.44444             3.22222             2.17548             0.27366             1.80154             0.43014           879.95292             5.21209             2.03493       5       2
   10000       2       2       2      10       5     503       6       6      28     111       8      19            18.37500             3.12500             2.15136             0.27498             1.77673             0.44919           895.68193             5.29601             1.88112       3       5
   10000       2       2       2      10       5     503       6       6      29      82       7      33            16.28571             3.00000             2.08640             0.29099             1.70019             0.45532           949.89021             5.58396             1.93918       6       2
   10000       2       2       2      10       5     503       6       6      30      66       6      24            15.00000             3.00000             2.05219             0.30627             1.68646             0.46599           991.07842             5.73794             1.74372       4       4
