   10000       2       2       2      10       8     514       6       6       0     514      36       0            21.69444             3.13889             2.30008             0.22645             1.65036             0.33603           860.60524             3.60649             2.37765       0       0
   10000       2       2       2      10       8     514       6       6       1     503      35      17            22.02857             3.05714             2.33853             0.22709             1.64267             0.34847           852.34365             3.59990             2.40099       5       4
   10000       2       2       2      10       8     514       6       6       2     488      34      33            22.11765             3.05882             2.35219             0.22731             1.64489             0.35392           844.25961             3.60862             2.39513       2       1
   10000       2       2       2      10       8     514       6       6       3     474      33      26            22.51515             3.27273             2.33060             0.22193             1.68633             0.34869           830.70794             3.61376             2.40109       3       3
   10000       2       2       2      10       8     514       6       6       4     459      32      24            22.81250             3.25000             2.34918             0.22061             1.69149             0.35909           813.37415             3.61439             2.38833       5       6
   10000       2       2       2      10       8     514       6       6       5     449      31      18            23.16129             3.19355             2.36085             0.21836             1.69556             0.37103           797.23308             3.62545             2.39491       3       1
   10000       2       2       2      10       8     514       6       6       6     439      30      15            23.60000             3.20000             2.38315             0.21561             1.73445             0.37212           784.34231             3.62090             2.41912       5       3
   10000       2       2       2      10       8     514       6       6       7     423      29      26            23.48276             3.17241             2.39780             0.21928             1.72502             0.36834           786.53875             3.63535             2.40030       6       4
   10000       2       2       2      10       8     514       6       6       8     403      28      26            23.89286             3.10714             2.38434             0.21408             1.71592             0.36006           765.21141             3.62044             2.45722       3       4
   10000       2       2       2      10       8     514       6       6       9     386      27      30            24.18519             3.07407             2.40353             0.21402             1.71964             0.37705           759.34941             3.63934             2.45959       2       3
   10000       2       2       2      10       8     514       6       6      10     371      26      31            24.34615             3.19231             2.36826             0.20880             1.75002             0.37587           756.75018             3.66015             2.44966       6       2
   10000       2       2       2      10       8     514       6       6      11     360      25      24            24.44000             3.16000             2.41244             0.21251             1.75520             0.37685           751.12752             3.67879             2.42443       1       4
   10000       2       2       2      10       8     514       6       6      12     346      24      23            24.58333             3.20833             2.40407             0.21291             1.75183             0.36712           762.49051             3.71320             2.39203       4       6
   10000       2       2       2      10       8     514       6       6      13     329      23      28            24.73913             3.21739             2.40168             0.21142             1.72700             0.37266           756.70583             3.72904             2.43825       5       2
   10000       2       2       2      10       8     514       6       6      14     326      22       9            25.40909             3.13636             2.43137             0.20301             1.71070             0.38651           708.82652             3.70976             2.38598       6       3
   10000       2       2       2      10       8     514       6       6      15     316      21      18            25.28571             3.28571             2.42300             0.20179             1.74002             0.38070           715.21029             3.71657             2.33921       6       1
   10000       2       2       2      10       8     514       6       6      16     301      20      28            25.30000             3.35000             2.42132             0.20287             1.75132             0.39580           719.96757             3.71772             2.29282       3       5
   10000       2       2       2      10       8     514       6       6      17     293      19      16            25.63158             3.31579             2.41727             0.19813             1.76114             0.39189           691.99151             3.73942             2.24905       3       6
   10000       2       2       2      10       8     514       6       6      18     278      18      24            25.55556             3.33333             2.39148             0.19858             1.78976             0.38080           699.73152             3.74922             2.24540       2       5
   10000       2       2       2      10       8     514       6       6      19     266      17      21            25.88235             3.29412             2.42021             0.19864             1.79442             0.39428           687.65138             3.79304             2.23760       4       1
   10000       2       2       2      10       8     514       6       6      20     258      16      23            25.93750             3.31250             2.42602             0.20156             1.80444             0.41088           692.78573             3.81007             2.12343       1       6
   10000       2       2       2      10       8     514       6       6      21     246      15      30            25.66667             3.26667             2.44002             0.20561             1.80296             0.40748           701.07630             3.86640             2.04829       1       2
   10000       2       2       2      10       8     514       6       6      22     232      14      24            25.71429             3.21429             2.45630             0.20711             1.80060             0.41330           679.45464             3.89423             2.03020       5       1
   10000       2       2       2      10       8     514       6       6      23     221      13      27            26.07692             3.15385             2.48002             0.20782             1.78674             0.43089           673.85004             3.94150             1.94495       4       3
   10000       2       2       2      10       8     514       6       6      24     211      12      23            26.33333             3.25000             2.49168             0.20793             1.82039             0.43587           654.86880             3.92852             1.88968       6       6
   10000       2       2       2      10       8     514       6       6      25     192      11      34            26.09091             3.27273             2.49777             0.21001             1.85011             0.44334           659.25330             3.95106             1.86201       4       2
   10000       2       2       2      10       8     514       6       6      26     178      10      23            26.20000             3.40000             2.54177             0.21370             1.85978             0.42654           674.55381             3.96487             1.81743       6       5
   10000       2       2       2      10       8     514       6       6      27     161       9      32            24.88889             3.44444             2.52011             0.22364             1.83624             0.42383           709.00718             4.08942             1.71581       3       2
   10000       2       2       2      10       8     514       6       6      28     144       8      23            24.37500             3.25000             2.53106             0.22943             1.84039             0.45005           710.42017             4.09764             1.66665       5       5
   10000       2       2       2      10       8     514       6       6      29     126       7      30            22.57143             3.28571             2.43518             0.24025             1.81083             0.40182           785.54255             4.14207             1.52373       4       5
   10000       2       2       2      10       8     514       6       6      30     109       6      18            23.33333             3.33333             2.48919             0.23890             1.83812             0.42957           744.04421             3.99523             1.59583       4       4
