   10000       2       1       2       7      11     546       6       6       0     546      36       0            21.88889             3.11111             2.26232             0.22006             1.62450             0.32094           843.01106             3.63284             2.18994       0       0
   10000       2       1       2       7      11     546       6       6       1     529      35      27            21.71429             3.08571             2.26513             0.22226             1.62457             0.32203           846.98811             3.64129             2.16853       2       6
   10000       2       1       2       7      11     546       6       6       2     513      34      27            21.79412             3.05882             2.24855             0.21938             1.61990             0.32521           840.53045             3.65908             2.15624       3       2
   10000       2       1       2       7      11     546       6       6       3     497      33      27            22.00000             3.06061             2.22909             0.21565             1.61946             0.31588           835.95688             3.64265             2.16460       4       3
   10000       2       1       2       7      11     546       6       6       4     480      32      27            21.84375             3.09375             2.24447             0.21877             1.63997             0.32071           851.85139             3.59026             2.12464       6       5
   10000       2       1       2       7      11     546       6       6       5     459      31      26            21.93548             3.12903             2.24001             0.21732             1.64352             0.32809           842.27290             3.62469             2.14877       6       3
   10000       2       1       2       7      11     546       6       6       6     445      30      29            22.03333             3.10000             2.22794             0.21589             1.64555             0.33138           842.48402             3.62340             2.12290       5       2
   10000       2       1       2       7      11     546       6       6       7     427      29      32            21.62069             3.06897             2.24529             0.22218             1.62909             0.33465           860.21105             3.63823             2.07246       5       4
   10000       2       1       2       7      11     546       6       6       8     412      28      32            21.32143             3.03571             2.24719             0.22478             1.61543             0.34106           872.49367             3.63606             2.03027       4       1
   10000       2       1       2       7      11     546       6       6       9     400      27      27            20.85185             3.11111             2.22353             0.22832             1.63557             0.33640           887.11011             3.65636             1.98020       6       1
   10000       2       1       2       7      11     546       6       6      10     383      26      25            20.88462             3.11538             2.19938             0.22591             1.62523             0.31916           879.19580             3.66862             1.96121       2       4
   10000       2       1       2       7      11     546       6       6      11     363      25      25            20.92000             3.20000             2.25142             0.23082             1.63611             0.32672           879.44209             3.67405             2.00254       1       6
   10000       2       1       2       7      11     546       6       6      12     344      24      27            20.54167             3.16667             2.20523             0.23089             1.63637             0.32642           894.26011             3.70482             1.98283       2       5
   10000       2       1       2       7      11     546       6       6      13     331      23      25            20.26087             3.13043             2.20011             0.23333             1.64851             0.32402           908.79218             3.72467             1.94442       1       4
   10000       2       1       2       7      11     546       6       6      14     320      22      24            20.00000             3.18182             2.21022             0.23810             1.65464             0.31520           928.94836             3.78234             1.84669       2       3
   10000       2       1       2       7      11     546       6       6      15     307      21      25            19.57143             3.23810             2.18440             0.24089             1.65093             0.31034           950.43165             3.82763             1.75552       2       1
   10000       2       1       2       7      11     546       6       6      16     293      20      23            19.50000             3.25000             2.14476             0.24034             1.64613             0.30933           968.35436             3.86373             1.66836       4       5
   10000       2       1       2       7      11     546       6       6      17     282      19      21            19.42105             3.26316             2.10152             0.23887             1.64420             0.30761           979.70595             3.90649             1.59193       3       6
   10000       2       1       2       7      11     546       6       6      18     261      18      21            19.27778             3.22222             2.09118             0.24011             1.63388             0.30404           984.69246             3.93891             1.62018       5       3
   10000       2       1       2       7      11     546       6       6      19     246      17      20            18.88235             3.17647             2.10165             0.24639             1.64191             0.29733           995.40942             3.94622             1.56180       6       6
   10000       2       1       2       7      11     546       6       6      20     231      16      19            18.62500             3.18750             2.12387             0.25008             1.65993             0.28840          1000.48220             3.92463             1.54903       3       5
   10000       2       1       2       7      11     546       6       6      21     218      15      19            18.26667             3.20000             2.10310             0.25188             1.66134             0.27851          1000.36321             3.93588             1.49611       1       3
   10000       2       1       2       7      11     546       6       6      22     201      14      18            18.28571             3.21429             2.06029             0.24727             1.67392             0.28159          1004.56333             3.96030             1.52185       5       1
   10000       2       1       2       7      11     546       6       6      23     185      13      17            18.38462             3.23077             2.05135             0.24537             1.66524             0.27922          1004.29037             3.98536             1.55433       3       1
   10000       2       1       2       7      11     546       6       6      24     168      12      17            18.50000             3.25000             2.04583             0.24375             1.67166             0.28165           994.04538             4.03140             1.60053       1       5
   10000       2       1       2       7      11     546       6       6      25     154      11      16            18.27273             3.27273             2.05899             0.25008             1.67067             0.25498          1014.91611             4.01150             1.54936       4       6
   10000       2       1       2       7      11     546       6       6      26     143      10      16            18.40000             3.20000             2.06577             0.25013             1.65985             0.27513          1013.98078             3.95142             1.49610       2       2
   10000       2       1       2       7      11     546       6       6      27     128       9      15            18.77778             3.00000             2.08642             0.24855             1.61656             0.27448          1007.02312             3.86656             1.55122       6       4
   10000       2       1       2       7      11     546       6       6      28     113       8      15            19.25000             3.00000             2.13056             0.24867             1.64006             0.28201           958.15220             3.94390             1.62012       6       2
   10000       2       1       2       7      11     546       6       6      29     103       7      14            20.28571             3.28571             2.15005             0.23888             1.68473             0.28647           889.06019             4.04808             1.59262       4       4
   10000       2       1       2       7      11     546       6       6      30      90       6      14            21.33333             3.33333             2.18030             0.22869             1.68346             0.28294           834.76178             4.01980             1.67302       4       2
