   10000       2       2       2      10       8     478       6       6       0     478      36       0            20.97222             2.94444             2.17468             0.22490             1.64555             0.34265           881.77585             3.80360             2.53724       0       0
   10000       2       2       2      10       8     478       6       6       1     468      35      14            21.31429             2.94286             2.20634             0.22465             1.65353             0.34360           880.20672             3.76608             2.53965       3       6
   10000       2       2       2      10       8     478       6       6       2     451      34      17            21.73529             2.97059             2.25385             0.22546             1.64088             0.35351           863.09945             3.75050             2.61459       3       1
   10000       2       2       2      10       8     478       6       6       3     438      33      15            21.84848             3.00000             2.24127             0.22245             1.64789             0.35356           852.62402             3.74968             2.61193       3       5
   10000       2       2       2      10       8     478       6       6       4     428      32      22            22.15625             3.00000             2.28817             0.22602             1.67152             0.36840           838.29091             3.77437             2.59425       3       4
   10000       2       2       2      10       8     478       6       6       5     421      31      20            22.29032             2.96774             2.25543             0.22162             1.64688             0.36483           829.91470             3.79038             2.54676       1       6
   10000       2       2       2      10       8     478       6       6       6     408      30      24            22.66667             2.93333             2.25411             0.21781             1.67394             0.36191           816.17844             3.80821             2.59165       3       2
   10000       2       2       2      10       8     478       6       6       7     386      29      27            22.96552             3.00000             2.26568             0.21651             1.68808             0.36861           795.18704             3.82764             2.69978       6       4
   10000       2       2       2      10       8     478       6       6       8     380      28      17            23.35714             3.07143             2.26949             0.21279             1.69899             0.36862           783.20570             3.83213             2.67950       3       3
   10000       2       2       2      10       8     478       6       6       9     366      27      27            23.14815             2.92593             2.29623             0.21664             1.68122             0.38905           789.97987             3.84750             2.61896       4       3
   10000       2       2       2      10       8     478       6       6      10     356      26      10            23.84615             3.03846             2.33162             0.20968             1.72311             0.39433           767.22419             3.80049             2.63838       1       4
   10000       2       2       2      10       8     478       6       6      11     348      25      18            24.20000             3.04000             2.33172             0.20641             1.72109             0.37789           766.38599             3.79009             2.60946       6       3
   10000       2       2       2      10       8     478       6       6      12     335      24      31            24.37500             3.16667             2.34692             0.20662             1.71136             0.37954           757.91089             3.77796             2.55921       5       1
   10000       2       2       2      10       8     478       6       6      13     325      23      27            24.21739             3.13043             2.35025             0.20732             1.69974             0.37478           757.04581             3.81027             2.48135       4       2
   10000       2       2       2      10       8     478       6       6      14     309      22      26            23.90909             3.13636             2.33513             0.20879             1.70373             0.36782           771.66906             3.82552             2.47517       6       1
   10000       2       2       2      10       8     478       6       6      15     300      21      18            24.00000             3.14286             2.34614             0.20833             1.69699             0.35680           776.59623             3.83927             2.40370       2       1
   10000       2       2       2      10       8     478       6       6      16     286      20      32            23.70000             3.20000             2.32949             0.20933             1.72468             0.34281           781.50891             3.86231             2.31322       2       3
   10000       2       2       2      10       8     478       6       6      17     275      19      28            23.05263             3.05263             2.31254             0.21454             1.69492             0.34429           793.26508             3.92802             2.24721       1       2
   10000       2       2       2      10       8     478       6       6      18     262      18      17            23.77778             3.22222             2.40209             0.21557             1.73527             0.34789           752.45977             3.98294             2.26716       6       5
   10000       2       2       2      10       8     478       6       6      19     249      17      24            23.58824             3.05882             2.41584             0.21799             1.72155             0.37275           750.82495             4.06486             2.21520       4       6
   10000       2       2       2      10       8     478       6       6      20     237      16      22            23.50000             3.00000             2.39228             0.21787             1.73623             0.39908           764.22587             4.08117             2.13497       5       5
   10000       2       2       2      10       8     478       6       6      21     231      15      24            24.00000             2.93333             2.40957             0.21683             1.74423             0.40136           763.68459             4.08680             2.06763       5       3
   10000       2       2       2      10       8     478       6       6      22     225      14      28            23.64286             2.92857             2.39897             0.21957             1.73488             0.40058           769.15321             4.22488             1.88305       2       5
   10000       2       2       2      10       8     478       6       6      23     214      13      19            24.00000             2.84615             2.40273             0.21651             1.72730             0.41858           765.19281             4.15892             1.86410       4       1
   10000       2       2       2      10       8     478       6       6      24     198      12      39            23.08333             3.00000             2.36334             0.21975             1.76563             0.42398           790.11688             4.21098             1.79883       5       2
   10000       2       2       2      10       8     478       6       6      25     179      11      25            22.72727             2.90909             2.32812             0.22066             1.74302             0.42836           814.42432             4.14967             1.76062       6       2
   10000       2       2       2      10       8     478       6       6      26     163      10      28            22.30000             2.90000             2.34049             0.22497             1.74520             0.40449           836.66231             4.15886             1.69713       4       5
   10000       2       2       2      10       8     478       6       6      27     154       9      23            22.33333             2.88889             2.32562             0.22429             1.76319             0.38277           837.66435             4.20381             1.62858       5       6
   10000       2       2       2      10       8     478       6       6      28     141       8      27            21.37500             3.00000             2.30692             0.23138             1.81351             0.37389           874.57282             4.25430             1.50033       5       4
   10000       2       2       2      10       8     478       6       6      29     119       7      25            20.85714             3.00000             2.29363             0.23586             1.78092             0.36778           907.79843             4.29442             1.53807       6       6
   10000       2       2       2      10       8     478       6       6      30      92       6      28            19.66667             2.83333             2.24137             0.24298             1.71972             0.36735           940.70750             4.40237             1.61177       4       4
