   10000       2       1       2       4       9     467       6       6       0     467      36       0            20.41667             3.19444             2.11294             0.23015             1.72272             0.31714           954.81477             3.61434             2.49732       0       0
   10000       2       1       2       4       9     467       6       6       1     458      35      14            20.80000             3.17143             2.14024             0.22768             1.69455             0.32444           934.90665             3.61060             2.49884       4       3
   10000       2       1       2       4       9     467       6       6       2     444      34      30            20.67647             3.11765             2.12629             0.22700             1.68326             0.32311           943.15443             3.61255             2.47840       5       1
   10000       2       1       2       4       9     467       6       6       3     435      33      24            20.57576             3.21212             2.12524             0.22865             1.69349             0.33223           943.13441             3.62257             2.40784       2       1
   10000       2       1       2       4       9     467       6       6       4     423      32      26            20.37500             3.18750             2.11696             0.23049             1.68561             0.33154           956.53088             3.63042             2.35289       5       2
   10000       2       1       2       4       9     467       6       6       5     411      31      22            20.06452             3.09677             2.10945             0.23438             1.65913             0.34336           994.69106             3.60019             2.28077       1       3
   10000       2       1       2       4       9     467       6       6       6     405      30      15            20.30000             3.13333             2.10589             0.23251             1.67709             0.33987           992.99771             3.58545             2.24503       6       5
   10000       2       1       2       4       9     467       6       6       7     395      29      19            20.37931             2.93103             2.10589             0.23176             1.63730             0.34925           996.57053             3.59474             2.20680       4       6
   10000       2       1       2       4       9     467       6       6       8     381      28      21            20.53571             2.92857             2.12555             0.22799             1.63174             0.34857           956.08381             3.60268             2.17179       2       5
   10000       2       1       2       4       9     467       6       6       9     367      27      22            20.51852             2.81481             2.11078             0.22669             1.60585             0.35267           960.93629             3.59898             2.17173       4       2
   10000       2       1       2       4       9     467       6       6      10     365      26       9            21.15385             2.92308             2.15872             0.22517             1.62586             0.35706           940.51411             3.54870             2.08138       2       3
   10000       2       1       2       4       9     467       6       6      11     354      25      16            21.40000             2.96000             2.19225             0.22569             1.63803             0.36640           926.65433             3.54305             2.09420       6       1
   10000       2       1       2       4       9     467       6       6      12     342      24      16            21.66667             3.12500             2.18823             0.22183             1.66027             0.36937           904.31703             3.54568             2.09283       5       3
   10000       2       1       2       4       9     467       6       6      13     332      23      22            21.60870             3.13043             2.15113             0.22011             1.67669             0.36029           914.93629             3.54704             2.04764       1       2
   10000       2       1       2       4       9     467       6       6      14     316      22      22            21.40909             3.09091             2.17730             0.22455             1.66071             0.38321           935.90716             3.50778             2.02595       6       4
   10000       2       1       2       4       9     467       6       6      15     307      21      16            21.57143             3.09524             2.20506             0.22543             1.64930             0.38936           936.58793             3.49556             2.01672       4       1
   10000       2       1       2       4       9     467       6       6      16     295      20      23            21.40000             3.10000             2.18508             0.22595             1.68352             0.37033           952.20737             3.48467             1.92256       4       4
   10000       2       1       2       4       9     467       6       6      17     283      19      22            21.10526             3.21053             2.13798             0.22473             1.71693             0.34251           965.42171             3.47833             1.90033       6       3
   10000       2       1       2       4       9     467       6       6      18     280      18      12            21.61111             3.22222             2.15448             0.21810             1.72880             0.33189           915.33982             3.49148             1.81244       1       6
   10000       2       1       2       4       9     467       6       6      19     269      17      17            21.70588             3.29412             2.14921             0.21833             1.74537             0.33263           925.09092             3.50527             1.74990       5       6
   10000       2       1       2       4       9     467       6       6      20     249      16      27            21.37500             3.31250             2.11349             0.21833             1.74514             0.32979           936.97658             3.53414             1.73449       1       5
   10000       2       1       2       4       9     467       6       6      21     235      15      20            21.40000             3.40000             2.11210             0.21879             1.75146             0.33283           945.89288             3.54083             1.71626       2       6
   10000       2       1       2       4       9     467       6       6      22     213      14      23            20.57143             3.50000             2.10865             0.23024             1.74657             0.33784           986.77378             3.59937             1.68039       1       4
   10000       2       1       2       4       9     467       6       6      23     190      13      23            20.38462             3.46154             2.09067             0.23117             1.73457             0.33073          1014.24448             3.60853             1.73272       6       2
   10000       2       1       2       4       9     467       6       6      24     180      12      15            21.00000             3.58333             2.07019             0.22211             1.74525             0.33248          1003.27312             3.48650             1.74401       2       4
   10000       2       1       2       4       9     467       6       6      25     170      11      10            22.00000             3.63636             2.10560             0.20891             1.78270             0.32049           920.21729             3.37554             1.81165       6       6
   10000       2       1       2       4       9     467       6       6      26     160      10      12            23.00000             3.60000             2.12938             0.19622             1.77915             0.29800           856.88811             3.40683             1.86241       1       1
   10000       2       1       2       4       9     467       6       6      27     144       9      23            22.55556             3.44444             2.15674             0.20047             1.76870             0.29068           871.75676             3.43101             1.77125       4       5
   10000       2       1       2       4       9     467       6       6      28     128       8      24            21.75000             3.37500             2.14746             0.20870             1.75488             0.30377           913.00493             3.49734             1.73035       5       4
   10000       2       1       2       4       9     467       6       6      29     109       7      20            22.00000             3.42857             2.08816             0.19973             1.79505             0.29454           891.07175             3.44810             1.82145       5       5
   10000       2       1       2       4       9     467       6       6      30      95       6      16            22.83333             3.33333             2.18452             0.20013             1.74361             0.28891           801.03870             3.51747             1.85430       2       2
