   10000       2       2       2      10       1     504       6       6       0     504      36       0            21.11111             2.88889             2.22961             0.22955             1.55904             0.32370           873.83773             3.92412             2.46365       0       0
   10000       2       2       2      10       1     504       6       6       1     492      35      21            21.60000             2.94286             2.26344             0.22860             1.57917             0.33669           854.77990             3.93603             2.48812       3       6
   10000       2       2       2      10       1     504       6       6       2     471      34      24            21.61765             3.00000             2.26856             0.22921             1.60256             0.33724           839.09648             3.96199             2.48100       5       1
   10000       2       2       2      10       1     504       6       6       3     451      33      26            21.87879             3.06061             2.25941             0.22484             1.62957             0.33575           816.48000             3.93496             2.49700       1       4
   10000       2       2       2      10       1     504       6       6       4     440      32      24            22.56250             3.09375             2.27446             0.21962             1.65114             0.34717           798.40266             3.95414             2.54687       5       6
   10000       2       2       2      10       1     504       6       6       5     421      31      34            22.22581             3.12903             2.24200             0.21909             1.65176             0.34811           804.17947             3.94999             2.55736       4       6
   10000       2       2       2      10       1     504       6       6       6     403      30      28            22.23333             3.10000             2.24150             0.21834             1.67275             0.35686           798.95895             3.95673             2.57260       3       5
   10000       2       2       2      10       1     504       6       6       7     391      29      10            23.20690             3.06897             2.30586             0.21329             1.68933             0.35949           762.67394             3.93790             2.67859       5       3
   10000       2       2       2      10       1     504       6       6       8     376      28      20            23.50000             3.03571             2.29601             0.20842             1.66447             0.36241           747.51970             3.95049             2.69038       4       3
   10000       2       2       2      10       1     504       6       6       9     360      27      32            23.33333             3.11111             2.31304             0.21099             1.68918             0.37300           749.14861             3.94764             2.66123       6       2
   10000       2       2       2      10       1     504       6       6      10     349      26      27            23.42308             3.19231             2.30760             0.20916             1.69281             0.37181           741.75938             3.99079             2.58859       2       1
   10000       2       2       2      10       1     504       6       6      11     338      25      21            23.52000             3.16000             2.31730             0.20889             1.70377             0.38406           733.23097             4.00892             2.58452       6       6
   10000       2       2       2      10       1     504       6       6      12     327      24      21            23.70833             3.12500             2.31353             0.20644             1.70580             0.37077           737.35055             4.01908             2.56699       2       5
   10000       2       2       2      10       1     504       6       6      13     308      23      25            23.56522             3.17391             2.33535             0.20952             1.72909             0.36381           730.55883             4.02204             2.51260       5       4
   10000       2       2       2      10       1     504       6       6      14     296      22      26            23.22727             3.13636             2.30688             0.20983             1.75025             0.35366           736.63176             4.04293             2.46124       6       4
   10000       2       2       2      10       1     504       6       6      15     285      21      19            23.14286             3.09524             2.31959             0.21219             1.74780             0.35502           743.00865             4.08258             2.41134       4       4
   10000       2       2       2      10       1     504       6       6      16     275      20      24            23.25000             3.15000             2.29670             0.20859             1.76161             0.34650           743.50796             4.12561             2.34243       4       1
   10000       2       2       2      10       1     504       6       6      17     261      19      28            23.05263             3.21053             2.26622             0.20790             1.76371             0.33445           748.97005             4.11801             2.31467       6       5
   10000       2       2       2      10       1     504       6       6      18     244      18      29            23.66667             3.27778             2.30109             0.20548             1.78524             0.35536           722.81354             4.21963             2.33760       2       3
   10000       2       2       2      10       1     504       6       6      19     235      17      24            23.70588             3.29412             2.30022             0.20522             1.79190             0.36690           720.81752             4.25772             2.29379       3       1
   10000       2       2       2      10       1     504       6       6      20     224      16      23            23.12500             3.31250             2.27987             0.20899             1.83540             0.38253           737.53652             4.29276             2.22456       1       6
   10000       2       2       2      10       1     504       6       6      21     209      15      26            22.60000             3.40000             2.24974             0.21225             1.85085             0.37477           760.59862             4.34704             2.16485       3       2
   10000       2       2       2      10       1     504       6       6      22     197      14      23            22.57143             3.42857             2.24076             0.21180             1.83576             0.38274           761.95276             4.35761             2.15076       6       3
   10000       2       2       2      10       1     504       6       6      23     187      13      23            22.76923             3.46154             2.25667             0.21141             1.84903             0.39235           746.97949             4.38835             2.16028       4       5
   10000       2       2       2      10       1     504       6       6      24     176      12      23            21.58333             3.50000             2.21984             0.21986             1.87907             0.39311           793.88103             4.41313             1.92717       3       4
   10000       2       2       2      10       1     504       6       6      25     164      11      24            21.09091             3.45455             2.18589             0.22230             1.87866             0.37903           796.97996             4.48292             1.87899       4       2
   10000       2       2       2      10       1     504       6       6      26     146      10      18            21.40000             3.40000             2.18893             0.21929             1.85476             0.37576           797.86293             4.52668             1.96689       5       5
   10000       2       2       2      10       1     504       6       6      27     133       9      20            21.44444             3.33333             2.18566             0.21878             1.81987             0.36709           795.04673             4.63266             1.95595       5       2
   10000       2       2       2      10       1     504       6       6      28     111       8      22            21.37500             3.25000             2.15205             0.21691             1.76759             0.35940           787.01293             4.83760             2.07545       6       1
   10000       2       2       2      10       1     504       6       6      29     103       7      27            19.00000             3.42857             2.14364             0.24480             1.87420             0.35558           919.56297             4.90315             1.67228       1       2
   10000       2       2       2      10       1     504       6       6      30      85       6      24            18.16667             3.50000             2.07730             0.24876             1.89671             0.33513           948.05301             4.82466             1.59283       3       3
