   10000       2       1       2       1       4     467       6       6       0     467      36       0            20.41667             3.19444             2.11294             0.23015             1.72272             0.31714           954.81477             3.61434             2.49732       0       0
   10000       2       1       2       1       4     467       6       6       1     455      35      22            20.91429             3.11429             2.08881             0.22326             1.70349             0.31298           941.23511             3.60157             2.55637       4       4
   10000       2       1       2       1       4     467       6       6       2     443      34      20            20.97059             3.20588             2.13442             0.22733             1.72730             0.31832           936.62158             3.62468             2.53439       6       3
   10000       2       1       2       1       4     467       6       6       3     433      33      22            20.75758             3.18182             2.13360             0.23026             1.71862             0.32150           946.99774             3.64229             2.45949       4       6
   10000       2       1       2       1       4     467       6       6       4     420      32      21            20.71875             3.12500             2.12525             0.22716             1.68686             0.33098           926.69663             3.68301             2.41212       2       5
   10000       2       1       2       1       4     467       6       6       5     407      31      23            20.67742             3.06452             2.11332             0.22752             1.66449             0.33915           936.90811             3.68391             2.38623       3       1
   10000       2       1       2       1       4     467       6       6       6     391      30      19            20.86667             3.00000             2.14497             0.22777             1.65880             0.34510           921.49418             3.66797             2.43817       4       5
   10000       2       1       2       1       4     467       6       6       7     376      29      28            20.65517             2.96552             2.14483             0.23037             1.66043             0.34130           932.11145             3.67212             2.41868       5       1
   10000       2       1       2       1       4     467       6       6       8     365      28      18            20.67857             3.00000             2.15384             0.23140             1.66720             0.34428           928.60197             3.68373             2.37647       5       3
   10000       2       1       2       1       4     467       6       6       9     358      27      19            20.66667             2.92593             2.13160             0.22964             1.65492             0.35413           943.57978             3.66342             2.30345       6       5
   10000       2       1       2       1       4     467       6       6      10     339      26      21            20.57692             2.96154             2.12666             0.23033             1.66701             0.35547           956.11634             3.61151             2.32947       6       4
   10000       2       1       2       1       4     467       6       6      11     321      25      26            20.24000             2.92000             2.09876             0.22981             1.66428             0.34715           964.43847             3.64473             2.30651       3       5
   10000       2       1       2       1       4     467       6       6      12     309      24      22            20.04167             2.87500             2.10470             0.23771             1.64513             0.36464          1003.90918             3.65546             2.28834       2       6
   10000       2       1       2       1       4     467       6       6      13     294      23      20            19.86957             2.95652             2.09277             0.23584             1.64056             0.36045          1001.36542             3.61034             2.21450       3       2
   10000       2       1       2       1       4     467       6       6      14     280      22      25            19.45455             3.09091             2.07040             0.23919             1.67913             0.36056          1039.22028             3.62312             2.15003       3       3
   10000       2       1       2       1       4     467       6       6      15     275      21       9            19.90476             3.19048             2.09154             0.22977             1.71665             0.35149           965.66688             3.63995             2.13116       1       6
   10000       2       1       2       1       4     467       6       6      16     261      20      26            19.60000             3.05000             2.06125             0.23065             1.70202             0.35631           988.65126             3.64495             2.11428       6       2
   10000       2       1       2       1       4     467       6       6      17     249      19      13            19.63158             3.15789             2.06024             0.23025             1.73883             0.35489           983.92032             3.60152             2.11032       6       6
   10000       2       1       2       1       4     467       6       6      18     235      18      28            18.88889             3.27778             2.02292             0.23518             1.76675             0.34173          1020.04826             3.60922             2.04984       5       5
   10000       2       1       2       1       4     467       6       6      19     228      17      12            19.35294             3.05882             2.06559             0.23386             1.72156             0.34241           991.11731             3.63339             2.02234       4       3
   10000       2       1       2       1       4     467       6       6      20     218      16      25            18.68750             3.06250             2.01462             0.23819             1.69836             0.32720          1034.67354             3.63329             1.92789       4       2
   10000       2       1       2       1       4     467       6       6      21     204      15      28            18.06667             3.00000             2.02076             0.24488             1.67331             0.31841          1047.90898             3.62287             1.80999       1       4
   10000       2       1       2       1       4     467       6       6      22     191      14      13            18.28571             3.00000             2.01082             0.23895             1.67512             0.31879          1018.48669             3.65359             1.86083       5       6
   10000       2       1       2       1       4     467       6       6      23     173      13      18            18.30769             3.00000             2.00867             0.23901             1.67728             0.31617          1015.22529             3.67857             1.92705       3       6
   10000       2       1       2       1       4     467       6       6      24     161      12      21            17.66667             3.08333             1.98131             0.24614             1.68438             0.31896          1075.72903             3.61739             1.81473       2       4
   10000       2       1       2       1       4     467       6       6      25     150      11      12            18.18182             3.18182             2.00234             0.23959             1.71354             0.29837          1046.41935             3.60635             1.87658       4       1
   10000       2       1       2       1       4     467       6       6      26     136      10      15            18.50000             3.30000             1.99591             0.23403             1.74918             0.27821          1021.35549             3.60283             1.95154       6       1
   10000       2       1       2       1       4     467       6       6      27     122       9      13            19.00000             3.22222             2.04493             0.23190             1.70700             0.29711           972.67988             3.56075             2.05727       3       4
   10000       2       1       2       1       4     467       6       6      28     103       8      19            19.00000             3.25000             1.97955             0.22535             1.69563             0.30104           988.15338             3.55670             2.18942       5       2
   10000       2       1       2       1       4     467       6       6      29      85       7      18            19.14286             3.14286             1.96869             0.22300             1.65214             0.31884           982.59908             3.62915             2.35934       5       4
   10000       2       1       2       1       4     467       6       6      30      63       6      22            18.66667             3.00000             1.92560             0.22481             1.59417             0.31642           993.57620             3.74563             2.58590       1       5
