   10000       2       1       2       3       5     465       6       6       0     465      36       0            20.86111             3.02778             2.26933             0.23432             1.65535             0.34821           866.06190             3.76657             2.53990       0       0
   10000       2       1       2       3       5     465       6       6       1     455      35      22            20.80000             3.08571             2.27470             0.23608             1.67057             0.34350           869.62489             3.75226             2.48794       2       4
   10000       2       1       2       3       5     465       6       6       2     447      34      16            20.85294             3.00000             2.30984             0.23956             1.64937             0.34373           877.41302             3.76747             2.47313       6       6
   10000       2       1       2       3       5     465       6       6       3     440      33      15            21.06061             3.06061             2.30804             0.23608             1.64345             0.33182           864.17921             3.78425             2.44300       6       3
   10000       2       1       2       3       5     465       6       6       4     428      32      20            21.06250             3.00000             2.30155             0.23582             1.64025             0.33671           862.41320             3.79321             2.39032       5       3
   10000       2       1       2       3       5     465       6       6       5     417      31      17            21.48387             3.03226             2.30192             0.23097             1.66238             0.34816           835.35397             3.79079             2.41296       3       4
   10000       2       1       2       3       5     465       6       6       6     402      30      26            21.23333             3.03333             2.30968             0.23329             1.66744             0.34514           844.99915             3.78411             2.35312       3       6
   10000       2       1       2       3       5     465       6       6       7     395      29      18            21.27586             3.03448             2.33271             0.23463             1.67728             0.34882           840.42960             3.78500             2.30568       6       2
   10000       2       1       2       3       5     465       6       6       8     383      28      21            21.25000             3.03571             2.31965             0.23499             1.68976             0.34568           849.94146             3.77397             2.26228       3       2
   10000       2       1       2       3       5     465       6       6       9     373      27      17            21.37037             3.11111             2.31935             0.23308             1.68553             0.35556           845.49439             3.76492             2.22903       5       4
   10000       2       1       2       3       5     465       6       6      10     356      26      26            20.96154             3.15385             2.30866             0.23713             1.69517             0.36295           873.26053             3.72919             2.20658       4       6
   10000       2       1       2       3       5     465       6       6      11     340      25      27            20.68000             3.12000             2.29178             0.23894             1.69190             0.36596           886.06104             3.71437             2.16985       5       5
   10000       2       1       2       3       5     465       6       6      12     325      24      16            20.87500             3.16667             2.28449             0.23583             1.70775             0.35829           867.94464             3.73348             2.21337       5       6
   10000       2       1       2       3       5     465       6       6      13     308      23      23            20.73913             3.21739             2.27913             0.24065             1.70505             0.36189           892.05727             3.75094             2.19177       2       6
   10000       2       1       2       3       5     465       6       6      14     297      22      18            20.68182             3.27273             2.27536             0.24140             1.72921             0.36625           886.80993             3.77549             2.19210       6       5
   10000       2       1       2       3       5     465       6       6      15     283      21      21            20.80952             3.33333             2.28049             0.24026             1.71895             0.36539           878.12990             3.76538             2.18708       3       3
   10000       2       1       2       3       5     465       6       6      16     271      20      21            20.65000             3.35000             2.28688             0.24261             1.73185             0.36605           890.38913             3.74107             2.16780       6       1
   10000       2       1       2       3       5     465       6       6      17     259      19      22            20.63158             3.26316             2.24387             0.23988             1.72829             0.36607           891.35070             3.75695             2.08864       2       1
   10000       2       1       2       3       5     465       6       6      18     243      18      23            20.22222             3.16667             2.24847             0.24830             1.70931             0.37295           931.02523             3.75246             2.05454       4       3
   10000       2       1       2       3       5     465       6       6      19     225      17      20            19.88235             3.17647             2.26436             0.25071             1.70859             0.35305           904.95183             3.79871             2.04302       2       5
   10000       2       1       2       3       5     465       6       6      20     209      16      21            19.50000             3.12500             2.24378             0.25556             1.69662             0.35882           927.41344             3.77596             2.02959       3       5
   10000       2       1       2       3       5     465       6       6      21     193      15      17            19.66667             3.06667             2.25878             0.25567             1.65973             0.34940           929.52228             3.77777             2.09117       6       4
   10000       2       1       2       3       5     465       6       6      22     177      14      24            19.28571             2.85714             2.25366             0.26184             1.63311             0.34798           959.19139             3.78419             2.03155       5       2
   10000       2       1       2       3       5     465       6       6      23     163      13      23            19.15385             2.84615             2.21243             0.26375             1.61308             0.34469           976.90140             3.84779             1.99013       2       3
   10000       2       1       2       3       5     465       6       6      24     150      12      19            18.66667             2.91667             2.19289             0.26773             1.61488             0.34286           995.83252             3.84700             1.91802       3       1
   10000       2       1       2       3       5     465       6       6      25     138      11      16            18.54545             2.90909             2.20295             0.28127             1.60721             0.35887          1017.30192             3.92192             1.89239       4       4
   10000       2       1       2       3       5     465       6       6      26     133      10       9            19.50000             3.00000             2.30396             0.28009             1.61376             0.38423           939.49982             3.93904             1.84777       4       2
   10000       2       1       2       3       5     465       6       6      27     111       9      25            18.22222             3.00000             2.18477             0.29083             1.60328             0.33571          1033.70427             3.85254             1.84147       5       1
   10000       2       1       2       3       5     465       6       6      28     103       8       8            19.50000             3.12500             2.21869             0.25983             1.66084             0.30625           984.64488             3.61003             1.94666       4       5
   10000       2       1       2       3       5     465       6       6      29      91       7      12            20.57143             2.85714             2.28564             0.25150             1.57342             0.33701           931.62065             3.58866             2.08190       4       1
   10000       2       1       2       3       5     465       6       6      30      80       6      13            20.50000             2.83333             2.42628             0.26121             1.51943             0.33096           931.34470             3.50278             2.02608       2       2
