   10000       2       1       2       4       6     504       6       6       0     504      36       0            21.11111             2.88889             2.22961             0.22955             1.55904             0.32370           873.83773             3.92412             2.46365       0       0
   10000       2       1       2       4       6     504       6       6       1     492      35      23            21.28571             2.85714             2.22863             0.22674             1.55198             0.31790           864.79282             3.91818             2.47060       5       5
   10000       2       1       2       4       6     504       6       6       2     478      34      23            21.41176             2.94118             2.23826             0.22677             1.57331             0.31575           854.78597             3.95904             2.45482       4       1
   10000       2       1       2       4       6     504       6       6       3     470      33      21            21.33333             2.93939             2.24396             0.22901             1.56466             0.31349           857.65682             3.93963             2.33578       2       2
   10000       2       1       2       4       6     504       6       6       4     455      32      26            21.18750             2.96875             2.25204             0.23031             1.56105             0.30892           856.01429             3.97465             2.30115       2       1
   10000       2       1       2       4       6     504       6       6       5     440      31      25            21.32258             2.93548             2.22526             0.22639             1.55323             0.31286           848.16078             3.95081             2.26638       4       3
   10000       2       1       2       4       6     504       6       6       6     424      30      22            21.03333             2.93333             2.23373             0.23261             1.55582             0.31658           866.79526             3.95231             2.25591       1       1
   10000       2       1       2       4       6     504       6       6       7     410      29      22            21.00000             2.96552             2.21187             0.23163             1.56125             0.31563           873.69235             3.92332             2.24223       5       6
   10000       2       1       2       4       6     504       6       6       8     393      28      23            21.07143             3.07143             2.25257             0.23494             1.56916             0.31298           869.87437             3.92673             2.22841       4       5
   10000       2       1       2       4       6     504       6       6       9     378      27      24            20.96296             3.14815             2.24971             0.23715             1.56890             0.31298           873.26092             3.95208             2.18847       2       6
   10000       2       1       2       4       6     504       6       6      10     361      26      24            21.15385             3.19231             2.23402             0.23248             1.60217             0.31962           860.01810             3.89348             2.21183       2       3
   10000       2       1       2       4       6     504       6       6      11     354      25      15            21.40000             3.24000             2.25504             0.22934             1.61967             0.31962           838.10376             3.91835             2.17291       4       4
   10000       2       1       2       4       6     504       6       6      12     334      24      27            21.25000             3.20833             2.25672             0.23214             1.61916             0.31066           847.07068             3.95348             2.17621       6       1
   10000       2       1       2       4       6     504       6       6      13     327      23      13            21.73913             3.26087             2.25909             0.22740             1.62225             0.30869           840.97977             3.92737             2.18041       1       2
   10000       2       1       2       4       6     504       6       6      14     312      22      20            21.77273             3.22727             2.23512             0.22464             1.62102             0.31065           837.94073             3.88352             2.17121       5       4
   10000       2       1       2       4       6     504       6       6      15     301      21      18            22.23810             3.19048             2.22534             0.21881             1.60797             0.30543           834.67107             3.82997             2.12837       2       5
   10000       2       1       2       4       6     504       6       6      16     277      20      25            22.00000             3.15000             2.23413             0.22281             1.61127             0.29603           844.99419             3.87849             2.18030       4       6
   10000       2       1       2       4       6     504       6       6      17     263      19      23            21.78947             3.21053             2.22445             0.22362             1.63374             0.29064           845.55143             3.92362             2.12205       6       4
   10000       2       1       2       4       6     504       6       6      18     252      18      23            21.38889             3.22222             2.20038             0.22540             1.61706             0.28613           872.13634             3.90215             2.04836       1       5
   10000       2       1       2       4       6     504       6       6      19     237      17      30            20.52941             3.23529             2.18119             0.23378             1.61377             0.27495           911.90969             3.88306             1.96284       1       4
   10000       2       1       2       4       6     504       6       6      20     216      16      25            20.50000             3.12500             2.22231             0.23540             1.62417             0.29327           904.94681             3.88516             1.98625       6       2
   10000       2       1       2       4       6     504       6       6      21     212      15      15            20.66667             3.13333             2.23007             0.23341             1.60398             0.28339           939.31964             3.81584             1.87932       5       3
   10000       2       1       2       4       6     504       6       6      22     198      14      14            21.14286             3.14286             2.26778             0.23139             1.60316             0.28715           906.91694             3.79369             1.94213       6       3
   10000       2       1       2       4       6     504       6       6      23     180      13      22            20.69231             3.23077             2.26630             0.23611             1.61804             0.29201           902.75795             3.89246             1.93253       5       1
   10000       2       1       2       4       6     504       6       6      24     170      12      23            20.16667             3.25000             2.24900             0.24123             1.58167             0.28428           914.72199             3.94324             1.81353       4       2
   10000       2       1       2       4       6     504       6       6      25     155      11      24            19.27273             3.18182             2.20519             0.25114             1.54099             0.28208           973.33809             3.95645             1.75642       6       5
   10000       2       1       2       4       6     504       6       6      26     136      10      20            19.20000             3.20000             2.20571             0.25309             1.52141             0.28398           989.07380             3.93226             1.80909       1       3
   10000       2       1       2       4       6     504       6       6      27     122       9      14            19.77778             3.22222             2.23650             0.24825             1.52806             0.29844           936.87635             3.89772             1.89899       1       6
   10000       2       1       2       4       6     504       6       6      28     108       8      14            20.50000             3.37500             2.23035             0.23532             1.57483             0.31651           877.42565             3.92142             2.01136       6       6
   10000       2       1       2       4       6     504       6       6      29     100       7      14            21.14286             3.42857             2.26513             0.22895             1.61201             0.30132           846.87212             3.76571             1.90766       2       4
   10000       2       1       2       4       6     504       6       6      30      81       6      19            21.50000             3.33333             2.26628             0.22467             1.54338             0.28672           835.50102             3.75418             2.05893       5       2
