   10000       2       2       2       9       5     503       6       6       0     503      36       0            22.55556             3.00000             2.29326             0.21934             1.68768             0.35119           834.45777             3.74064             2.54979       0       0
   10000       2       2       2       9       5     503       6       6       1     482      35      28            22.37143             3.08571             2.29677             0.22117             1.70342             0.35419           839.42763             3.76428             2.55532       4       6
   10000       2       2       2       9       5     503       6       6       2     473      34      22            22.64706             3.11765             2.30408             0.21831             1.73749             0.35099           828.43199             3.77449             2.52354       3       1
   10000       2       2       2       9       5     503       6       6       3     458      33      25            22.72727             3.18182             2.33672             0.21994             1.75344             0.35738           814.59891             3.70928             2.53921       2       1
   10000       2       2       2       9       5     503       6       6       4     450      32      21            22.75000             3.12500             2.33580             0.21986             1.74871             0.34997           817.24628             3.72498             2.48768       6       1
   10000       2       2       2       9       5     503       6       6       5     438      31      14            23.83871             3.22581             2.33017             0.20860             1.79124             0.36626           772.11900             3.69502             2.58574       4       3
   10000       2       2       2       9       5     503       6       6       6     430      30      17            24.00000             3.30000             2.32945             0.20689             1.80433             0.36185           761.02211             3.71480             2.55981       1       6
   10000       2       2       2       9       5     503       6       6       7     423      29      29            24.41379             3.27586             2.33967             0.20538             1.80307             0.35846           746.23858             3.73607             2.53826       4       2
   10000       2       2       2       9       5     503       6       6       8     403      28      30            24.75000             3.28571             2.33616             0.20485             1.80605             0.35504           741.30733             3.76125             2.59667       6       3
   10000       2       2       2       9       5     503       6       6       9     385      27      25            24.33333             3.18519             2.33908             0.20919             1.80106             0.38055           765.09934             3.78911             2.53540       3       2
   10000       2       2       2       9       5     503       6       6      10     367      26      30            24.50000             3.11538             2.31821             0.20594             1.80129             0.38183           758.33772             3.83397             2.53094       5       4
   10000       2       2       2       9       5     503       6       6      11     358      25      20            24.80000             3.24000             2.32188             0.20202             1.82183             0.39421           736.06318             3.79997             2.51207       1       5
   10000       2       2       2       9       5     503       6       6      12     340      24      27            24.66667             3.29167             2.30540             0.20232             1.82480             0.38223           737.45597             3.80518             2.51659       3       6
   10000       2       2       2       9       5     503       6       6      13     333      23      34            24.60870             3.30435             2.34847             0.20642             1.83864             0.38985           731.47512             3.84109             2.46782       5       2
   10000       2       2       2       9       5     503       6       6      14     314      22      41            23.81818             3.31818             2.32932             0.21043             1.82896             0.38853           746.24504             3.87774             2.41645       5       3
   10000       2       2       2       9       5     503       6       6      15     306      21      20            23.71429             3.38095             2.31811             0.21291             1.83961             0.37583           757.05063             3.87146             2.36156       1       2
   10000       2       2       2       9       5     503       6       6      16     295      20      21            23.60000             3.40000             2.34790             0.21539             1.83825             0.38743           746.63561             3.86957             2.26230       1       3
   10000       2       2       2       9       5     503       6       6      17     282      19      18            23.84211             3.36842             2.36443             0.21430             1.83593             0.39182           734.79262             3.90117             2.28542       6       2
   10000       2       2       2       9       5     503       6       6      18     269      18      20            23.88889             3.55556             2.35750             0.21545             1.88524             0.39998           713.25765             3.88844             2.24835       1       4
   10000       2       2       2       9       5     503       6       6      19     257      17      12            23.70588             3.17647             2.38055             0.21785             1.82996             0.40434           748.12071             3.95621             2.24533       2       4
   10000       2       2       2       9       5     503       6       6      20     244      16      21            23.37500             3.37500             2.37691             0.22348             1.87710             0.39437           765.47025             3.95471             2.09814       2       3
   10000       2       2       2       9       5     503       6       6      21     231      15      26            24.06667             3.33333             2.36688             0.21806             1.85416             0.42673           747.10973             4.01661             2.15034       3       4
   10000       2       2       2       9       5     503       6       6      22     220      14      23            24.42857             3.42857             2.39645             0.21956             1.87223             0.42450           745.10010             4.05725             2.11085       5       6
   10000       2       2       2       9       5     503       6       6      23     209      13      32            23.76923             3.53846             2.37408             0.22310             1.88786             0.42395           752.72105             4.14488             1.94544       4       5
   10000       2       2       2       9       5     503       6       6      24     195      12      19            23.83333             3.58333             2.42737             0.22790             1.87596             0.43021           762.47330             4.06438             1.87279       2       6
   10000       2       2       2       9       5     503       6       6      25     184      11      31            23.27273             3.63636             2.34019             0.22690             1.91716             0.43694           784.95302             4.05703             1.75122       3       5
   10000       2       2       2       9       5     503       6       6      26     161      10      27            21.80000             3.60000             2.32364             0.23867             1.90584             0.43628           831.91779             4.14157             1.71896       4       1
   10000       2       2       2       9       5     503       6       6      27     140       9      23            21.66667             3.55556             2.26017             0.23668             1.90954             0.42056           843.12282             4.19824             1.76035       5       1
   10000       2       2       2       9       5     503       6       6      28     128       8      18            22.12500             3.62500             2.25609             0.23272             1.88554             0.35826           813.14012             4.32975             1.70515       6       4
   10000       2       2       2       9       5     503       6       6      29     118       7      34            21.28571             3.71429             2.20561             0.23838             1.88062             0.38023           828.28007             4.47076             1.53299       6       5
   10000       2       2       2       9       5     503       6       6      30      98       6      26            20.50000             3.66667             2.18861             0.24732             1.89588             0.38269           839.04079             4.42058             1.43812       2       5
