   10000       2       1       2       2       7     546       6       6       0     546      36       0            21.88889             3.11111             2.26232             0.22006             1.62450             0.32094           843.01106             3.63284             2.18994       0       0
   10000       2       1       2       2       7     546       6       6       1     529      35      27            21.71429             3.08571             2.26513             0.22226             1.62457             0.32203           846.98811             3.64129             2.16853       2       6
   10000       2       1       2       2       7     546       6       6       2     515      34      27            21.55882             3.11765             2.25979             0.22309             1.63203             0.32047           861.35870             3.59166             2.12120       6       5
   10000       2       1       2       2       7     546       6       6       3     508      33      20            21.84848             3.15152             2.24875             0.21855             1.64237             0.31458           848.51085             3.59965             2.10055       2       3
   10000       2       1       2       2       7     546       6       6       4     490      32      25            21.96875             3.03125             2.26198             0.21839             1.63226             0.32676           840.36338             3.60362             2.12678       5       3
   10000       2       1       2       2       7     546       6       6       5     473      31      22            22.03226             3.03226             2.26603             0.21838             1.63177             0.32940           842.16988             3.60258             2.13216       4       1
   10000       2       1       2       2       7     546       6       6       6     459      30      20            22.00000             3.03333             2.27771             0.22093             1.63520             0.32119           840.59672             3.59123             2.13199       6       6
   10000       2       1       2       2       7     546       6       6       7     434      29      25            21.93103             2.96552             2.28390             0.22235             1.63468             0.32238           842.32236             3.63470             2.14368       5       4
   10000       2       1       2       2       7     546       6       6       8     425      28      17            22.00000             2.96429             2.27918             0.22126             1.63750             0.32671           843.25044             3.61092             2.13372       6       4
   10000       2       1       2       2       7     546       6       6       9     413      27      20            22.00000             2.92593             2.28003             0.22172             1.63839             0.32815           849.16823             3.61112             2.10197       5       1
   10000       2       1       2       2       7     546       6       6      10     398      26      22            22.50000             2.92308             2.31092             0.21990             1.65508             0.32539           835.33066             3.59222             2.10865       3       5
   10000       2       1       2       2       7     546       6       6      11     374      25      23            22.32000             2.92000             2.28658             0.21913             1.63971             0.32586           835.85013             3.58882             2.14215       6       3
   10000       2       1       2       2       7     546       6       6      12     359      24      21            22.29167             2.91667             2.26446             0.21878             1.64892             0.32420           846.18717             3.59801             2.09640       4       5
   10000       2       1       2       2       7     546       6       6      13     350      23      25            22.00000             2.95652             2.26004             0.22141             1.65777             0.32240           855.44670             3.61756             2.03098       1       5
   10000       2       1       2       2       7     546       6       6      14     341      22      19            21.77273             3.09091             2.24835             0.22520             1.69193             0.31325           868.78209             3.65354             1.93031       6       2
   10000       2       1       2       2       7     546       6       6      15     323      21      28            21.76190             3.09524             2.28351             0.22770             1.69899             0.31138           856.51976             3.66614             1.94144       2       4
   10000       2       1       2       2       7     546       6       6      16     312      20      14            22.10000             3.15000             2.28704             0.22472             1.70512             0.31938           836.90293             3.65178             1.94430       5       5
   10000       2       1       2       2       7     546       6       6      17     298      19      16            21.94737             3.21053             2.30195             0.22836             1.72629             0.33749           861.29078             3.61298             1.92163       5       6
   10000       2       1       2       2       7     546       6       6      18     277      18      26            21.50000             3.22222             2.29717             0.23291             1.73040             0.34047           884.25753             3.51788             1.88228       1       1
   10000       2       1       2       2       7     546       6       6      19     267      17      20            21.41176             3.23529             2.28780             0.23351             1.75041             0.31307           907.42580             3.51025             1.79514       1       2
   10000       2       1       2       2       7     546       6       6      20     246      16      21            21.43750             3.18750             2.25804             0.23082             1.75356             0.31389           910.00430             3.50461             1.84484       2       5
   10000       2       1       2       2       7     546       6       6      21     230      15      19            21.46667             3.13333             2.23210             0.22902             1.74480             0.32668           924.36868             3.47775             1.86681       5       2
   10000       2       1       2       2       7     546       6       6      22     221      14      17            21.42857             3.21429             2.19723             0.22648             1.77066             0.31063           933.16695             3.48071             1.82595       3       6
   10000       2       1       2       2       7     546       6       6      23     208      13      22            21.23077             3.38462             2.18245             0.22787             1.79405             0.29929           934.30849             3.45704             1.80635       1       3
   10000       2       1       2       2       7     546       6       6      24     186      12      23            21.08333             3.41667             2.18384             0.23004             1.80719             0.28798           944.47846             3.46958             1.86513       1       6
   10000       2       1       2       2       7     546       6       6      25     171      11      15            21.63636             3.36364             2.23086             0.22931             1.78966             0.28169           931.47380             3.43689             1.94378       4       6
   10000       2       1       2       2       7     546       6       6      26     159      10      20            21.40000             3.50000             2.26064             0.23776             1.81137             0.29433           967.62670             3.50056             1.82408       2       1
   10000       2       1       2       2       7     546       6       6      27     147       9      15            21.66667             3.33333             2.31419             0.23964             1.78104             0.31839           956.51744             3.37037             1.75271       2       2
   10000       2       1       2       2       7     546       6       6      28     129       8      20            21.00000             3.37500             2.30397             0.24306             1.78582             0.31834           991.53621             3.35153             1.71654       3       1
   10000       2       1       2       2       7     546       6       6      29     110       7      19            21.28571             3.14286             2.38543             0.25042             1.74728             0.33433           999.99427             3.37204             1.81890       1       4
   10000       2       1       2       2       7     546       6       6      30      96       6      14            22.50000             3.33333             2.37903             0.23012             1.83337             0.36533           883.11734             3.40657             1.95539       6       1
