   10000       2       2       2       8       1     509       6       6       0     509      36       0            22.55556             2.97222             2.25679             0.22020             1.60747             0.37073           901.40119             3.36120             2.56709       0       0
   10000       2       2       2       8       1     509       6       6       1     495      35      19            22.88571             2.91429             2.28761             0.21994             1.61667             0.37505           889.77932             3.38581             2.59641       3       6
   10000       2       2       2       8       1     509       6       6       2     475      34      23            23.11765             2.94118             2.28890             0.21374             1.62229             0.37607           861.27967             3.37748             2.64452       3       4
   10000       2       2       2       8       1     509       6       6       3     459      33      24            23.78788             2.96970             2.31402             0.21056             1.65213             0.39426           839.72121             3.38683             2.70238       6       3
   10000       2       2       2       8       1     509       6       6       4     443      32      17            23.75000             3.00000             2.28424             0.20731             1.67936             0.38882           837.12449             3.38155             2.72123       4       1
   10000       2       2       2       8       1     509       6       6       5     432      31      19            24.19355             3.12903             2.31159             0.20620             1.69737             0.38003           806.66889             3.39513             2.70803       1       4
   10000       2       2       2       8       1     509       6       6       6     427      30      16            24.80000             3.10000             2.34281             0.20230             1.68611             0.38502           762.58429             3.41695             2.71476       4       4
   10000       2       2       2       8       1     509       6       6       7     411      29      21            24.86207             3.13793             2.34308             0.20152             1.70464             0.38120           755.45730             3.42671             2.72257       6       1
   10000       2       2       2       8       1     509       6       6       8     395      28      19            25.17857             3.17857             2.35193             0.19979             1.73172             0.38493           741.48575             3.44764             2.75092       1       3
   10000       2       2       2       8       1     509       6       6       9     385      27      16            25.48148             3.25926             2.35235             0.19626             1.74713             0.38261           731.85153             3.41559             2.70024       3       1
   10000       2       2       2       8       1     509       6       6      10     375      26      21            26.11538             3.23077             2.38737             0.19536             1.77205             0.38193           714.82920             3.42528             2.73563       5       5
   10000       2       2       2       8       1     509       6       6      11     358      25      25            25.88000             3.24000             2.40354             0.19913             1.77936             0.38561           715.93410             3.43058             2.70272       4       2
   10000       2       2       2       8       1     509       6       6      12     341      24      31            25.50000             3.25000             2.40072             0.20132             1.77714             0.39506           721.45483             3.44029             2.61345       5       4
   10000       2       2       2       8       1     509       6       6      13     335      23      26            25.47826             3.26087             2.37107             0.19888             1.79272             0.39142           726.14475             3.44485             2.55037       6       5
   10000       2       2       2       8       1     509       6       6      14     330      22      20            25.72727             3.18182             2.38629             0.19827             1.77814             0.39143           729.67019             3.44256             2.45319       4       3
   10000       2       2       2       8       1     509       6       6      15     320      21      20            25.85714             3.19048             2.42137             0.19987             1.78316             0.40665           722.00809             3.48107             2.39776       1       6
   10000       2       2       2       8       1     509       6       6      16     303      20      29            25.65000             3.15000             2.37983             0.19834             1.75894             0.40118           726.79625             3.46930             2.37428       6       4
   10000       2       2       2       8       1     509       6       6      17     291      19      28            25.57895             3.21053             2.37661             0.19957             1.77564             0.38600           719.44586             3.51162             2.34243       1       5
   10000       2       2       2       8       1     509       6       6      18     282      18      26            25.94444             3.22222             2.38266             0.19794             1.79792             0.39098           704.01575             3.54852             2.29117       4       6
   10000       2       2       2       8       1     509       6       6      19     270      17      23            26.17647             3.35294             2.42027             0.20013             1.84579             0.39762           698.03836             3.53061             2.27426       6       2
   10000       2       2       2       8       1     509       6       6      20     261      16      23            26.68750             3.31250             2.41436             0.19562             1.84223             0.39630           700.11923             3.53973             2.27635       5       2
   10000       2       2       2       8       1     509       6       6      21     248      15      27            27.20000             3.26667             2.43628             0.19359             1.82273             0.42451           690.91745             3.58433             2.24973       2       2
   10000       2       2       2       8       1     509       6       6      22     222      14      33            26.64286             3.35714             2.40012             0.19509             1.82864             0.43060           689.59245             3.60003             2.29313       5       1
   10000       2       2       2       8       1     509       6       6      23     204      13      32            25.69231             3.38462             2.40976             0.20328             1.81936             0.43722           712.39256             3.63880             2.21168       3       5
   10000       2       2       2       8       1     509       6       6      24     185      12      31            23.91667             3.41667             2.34664             0.21587             1.84041             0.42751           765.13801             3.74737             2.02749       3       3
   10000       2       2       2       8       1     509       6       6      25     172      11      38            23.00000             3.54545             2.24824             0.21524             1.88625             0.41922           782.69525             3.80552             1.90694       2       5
   10000       2       2       2       8       1     509       6       6      26     162      10      23            22.40000             3.60000             2.22843             0.22043             1.91151             0.41645           817.44188             3.84136             1.81197       5       6
   10000       2       2       2       8       1     509       6       6      27     133       9      38            20.77778             3.55556             2.14200             0.22536             1.88666             0.39461           842.61986             3.93006             1.82238       2       6
   10000       2       2       2       8       1     509       6       6      28     127       8      21            20.75000             3.62500             2.17352             0.23046             1.87938             0.39556           850.08324             4.00570             1.69319       2       3
   10000       2       2       2       8       1     509       6       6      29     119       7      22            20.28571             3.57143             2.16636             0.23702             1.86802             0.41320           851.38730             4.00411             1.40997       2       1
   10000       2       2       2       8       1     509       6       6      30     109       6      17            19.66667             3.66667             2.12852             0.24496             1.88917             0.38138           885.16712             3.91450             1.18512       1       2
