   10000       2       2       2       5       3     496       6       6       0     496      36       0            21.13889             3.02778             2.22575             0.23036             1.59494             0.35659           936.79100             3.61014             2.41911       0       0
   10000       2       2       2       5       3     496       6       6       1     486      35      17            21.57143             3.00000             2.25614             0.22771             1.58227             0.37271           925.90558             3.59067             2.44759       4       3
   10000       2       2       2       5       3     496       6       6       2     472      34      23            22.14706             3.11765             2.26638             0.22292             1.63724             0.37291           877.33937             3.61361             2.48892       3       1
   10000       2       2       2       5       3     496       6       6       3     459      33      25            22.72727             3.12121             2.28040             0.21786             1.66934             0.38389           847.15580             3.59948             2.53540       3       6
   10000       2       2       2       5       3     496       6       6       4     445      32      22            22.96875             3.06250             2.27830             0.21544             1.67457             0.39395           828.59403             3.64368             2.53840       3       2
   10000       2       2       2       5       3     496       6       6       5     434      31      22            22.83871             3.06452             2.30827             0.21910             1.68698             0.40588           830.05121             3.66480             2.49474       4       1
   10000       2       2       2       5       3     496       6       6       6     416      30      27            22.93333             3.06667             2.33151             0.22224             1.68583             0.39375           818.26544             3.66092             2.53089       6       2
   10000       2       2       2       5       3     496       6       6       7     408      29      24            23.31034             3.03448             2.39072             0.22482             1.70102             0.40493           807.52198             3.64345             2.49726       3       4
   10000       2       2       2       5       3     496       6       6       8     393      28      26            23.21429             3.00000             2.37832             0.22435             1.69125             0.39605           826.00628             3.58932             2.45452       2       5
   10000       2       2       2       5       3     496       6       6       9     381      27      27            23.14815             3.00000             2.38265             0.22620             1.69745             0.40599           834.65102             3.57941             2.43979       4       5
   10000       2       2       2       5       3     496       6       6      10     366      26      24            23.07692             3.11538             2.33730             0.22401             1.74272             0.40017           833.50517             3.61187             2.42377       5       6
   10000       2       2       2       5       3     496       6       6      11     353      25      37            22.40000             3.12000             2.29207             0.22628             1.75049             0.39093           850.60328             3.63583             2.32507       4       2
   10000       2       2       2       5       3     496       6       6      12     339      24      30            22.08333             3.20833             2.31003             0.22984             1.77167             0.39928           852.29732             3.64994             2.28466       5       1
   10000       2       2       2       5       3     496       6       6      13     325      23      20            22.26087             3.17391             2.26255             0.22531             1.78670             0.39924           854.26526             3.73789             2.31515       5       3
   10000       2       2       2       5       3     496       6       6      14     316      22      22            22.77273             3.09091             2.27898             0.22215             1.80869             0.39852           823.62654             3.78635             2.32148       2       3
   10000       2       2       2       5       3     496       6       6      15     310      21      11            23.09524             3.14286             2.31138             0.22026             1.84598             0.39945           830.00979             3.67405             2.23098       6       3
   10000       2       2       2       5       3     496       6       6      16     301      20      33            23.15000             3.20000             2.32480             0.22158             1.86790             0.40696           822.44941             3.68079             2.18299       5       4
   10000       2       2       2       5       3     496       6       6      17     290      19      21            23.31579             3.21053             2.35843             0.22386             1.86052             0.42925           829.96235             3.67075             2.12860       2       4
   10000       2       2       2       5       3     496       6       6      18     281      18      24            23.44444             3.22222             2.39584             0.22670             1.88277             0.41809           818.17835             3.70126             2.07848       1       4
   10000       2       2       2       5       3     496       6       6      19     265      17      34            23.70588             3.35294             2.39273             0.22351             1.93209             0.44311           801.15245             3.76440             2.16593       2       2
   10000       2       2       2       5       3     496       6       6      20     248      16      33            23.12500             3.18750             2.36381             0.22541             1.89832             0.42904           820.05947             3.74373             2.07706       4       4
   10000       2       2       2       5       3     496       6       6      21     235      15      23            23.00000             3.33333             2.33274             0.22661             1.98220             0.44738           810.88407             3.70478             2.05063       1       5
   10000       2       2       2       5       3     496       6       6      22     225      14      17            23.50000             3.21429             2.38032             0.22610             1.94806             0.43970           787.53380             3.72443             1.95216       2       1
   10000       2       2       2       5       3     496       6       6      23     217      13      12            24.30769             3.23077             2.39642             0.21506             1.94022             0.43390           770.00704             3.66481             1.90516       3       3
   10000       2       2       2       5       3     496       6       6      24     206      12      26            23.83333             3.41667             2.37019             0.21590             1.97374             0.42644           773.60895             3.69414             1.74840       5       5
   10000       2       2       2       5       3     496       6       6      25     188      11      26            23.63636             3.36364             2.35135             0.21675             1.93499             0.43975           776.78945             3.73528             1.72583       4       6
   10000       2       2       2       5       3     496       6       6      26     172      10      23            23.70000             3.40000             2.34735             0.21669             1.92394             0.42464           788.71385             3.67490             1.73322       5       2
   10000       2       2       2       5       3     496       6       6      27     152       9      20            24.11111             3.33333             2.36720             0.21526             1.89794             0.43088           787.90466             3.61974             1.81469       6       1
   10000       2       2       2       5       3     496       6       6      28     148       8      12            25.50000             3.37500             2.47494             0.20838             1.88082             0.44200           780.60553             3.65248             1.74311       1       6
   10000       2       2       2       5       3     496       6       6      29     134       7      20            26.28571             3.42857             2.51503             0.20515             1.85280             0.43748           762.05233             3.61309             1.68910       3       5
   10000       2       2       2       5       3     496       6       6      30     112       6      23            26.83333             3.50000             2.49942             0.19982             1.87373             0.42706           740.05923             3.50794             1.76185       2       6
