   10000       2       1       2       3       7     508       6       6       0     508      36       0            20.91667             3.02778             2.17896             0.23201             1.65907             0.34872           966.72845             3.87881             2.34215       0       0
   10000       2       1       2       3       7     508       6       6       1     502      35       8            21.45714             3.08571             2.19225             0.22492             1.69071             0.34455           862.78145             3.88990             2.32606       2       5
   10000       2       1       2       3       7     508       6       6       2     486      34      28            21.17647             3.11765             2.17802             0.22717             1.69944             0.34124           876.68252             3.93308             2.26880       6       3
   10000       2       1       2       3       7     508       6       6       3     478      33      11            21.42424             3.15152             2.21825             0.22773             1.72102             0.34401           869.65452             3.84640             2.23077       3       1
   10000       2       1       2       3       7     508       6       6       4     460      32      28            21.65625             3.09375             2.21705             0.22357             1.69617             0.34585           843.39113             3.86309             2.26733       5       5
   10000       2       1       2       3       7     508       6       6       5     444      31      24            21.80645             3.09677             2.19676             0.22116             1.69331             0.34295           840.33188             3.85995             2.24428       3       4
   10000       2       1       2       3       7     508       6       6       6     427      30      27            21.53333             3.10000             2.20855             0.22540             1.69710             0.35203           846.21259             3.85940             2.20204       6       2
   10000       2       1       2       3       7     508       6       6       7     413      29      18            21.75862             3.03448             2.21514             0.22376             1.68357             0.34698           833.43954             3.86784             2.19855       5       3
   10000       2       1       2       3       7     508       6       6       8     400      28      25            21.57143             3.00000             2.21099             0.22570             1.67581             0.33962           854.67598             3.83857             2.13207       4       5
   10000       2       1       2       3       7     508       6       6       9     391      27      18            21.74074             3.03704             2.20402             0.22491             1.67506             0.34153           864.85859             3.84024             2.09942       2       4
   10000       2       1       2       3       7     508       6       6      10     383      26      15            22.26923             3.03846             2.21106             0.22010             1.67953             0.34432           847.68267             3.83434             2.07565       3       3
   10000       2       1       2       3       7     508       6       6      11     367      25      24            22.20000             3.00000             2.24468             0.22327             1.66243             0.34873           845.80745             3.82937             2.06416       2       1
   10000       2       1       2       3       7     508       6       6      12     356      24      18            22.25000             3.08333             2.22576             0.21766             1.69266             0.35284           838.37439             3.76157             2.06069       5       2
   10000       2       1       2       3       7     508       6       6      13     344      23      21            22.43478             3.13043             2.24041             0.21735             1.71133             0.35199           834.73106             3.75338             2.04282       6       6
   10000       2       1       2       3       7     508       6       6      14     334      22      23            22.40909             3.09091             2.21957             0.21681             1.70180             0.35569           836.55406             3.73814             1.99111       4       4
   10000       2       1       2       3       7     508       6       6      15     322      21      24            22.28571             3.09524             2.20147             0.21656             1.69118             0.35198           842.06768             3.76293             1.96960       6       5
   10000       2       1       2       3       7     508       6       6      16     310      20      30            21.80000             3.15000             2.18396             0.22077             1.70548             0.34386           853.49082             3.70865             1.86647       4       2
   10000       2       1       2       3       7     508       6       6      17     294      19      23            21.52632             3.15789             2.19864             0.22490             1.68892             0.34933           862.92288             3.70543             1.81935       2       6
   10000       2       1       2       3       7     508       6       6      18     281      18      24            21.22222             3.11111             2.13949             0.22307             1.67189             0.33586           865.09809             3.72041             1.77248       4       6
   10000       2       1       2       3       7     508       6       6      19     277      17      11            22.17647             3.05882             2.17546             0.21490             1.67534             0.32097           812.08229             3.74397             1.70834       2       3
   10000       2       1       2       3       7     508       6       6      20     255      16      21            22.37500             3.06250             2.18640             0.21485             1.67389             0.33982           800.66863             3.74794             1.77986       5       6
   10000       2       1       2       3       7     508       6       6      21     239      15      24            21.86667             3.13333             2.13897             0.22402             1.70483             0.34554           852.17846             3.72386             1.68683       5       1
   10000       2       1       2       3       7     508       6       6      22     222      14      27            20.92857             3.14286             2.16033             0.23871             1.65318             0.34419           890.75156             3.78569             1.58565       2       2
   10000       2       1       2       3       7     508       6       6      23     202      13      23            20.69231             3.07692             2.13932             0.23803             1.64338             0.34410           911.68843             3.79712             1.58689       4       3
   10000       2       1       2       3       7     508       6       6      24     187      12      23            20.16667             3.08333             2.13395             0.24511             1.62907             0.34486           923.49697             3.84950             1.54272       3       5
   10000       2       1       2       3       7     508       6       6      25     168      11      20            20.18182             3.09091             2.12454             0.24608             1.62621             0.35707           925.88558             3.85416             1.57212       3       2
   10000       2       1       2       3       7     508       6       6      26     156      10      12            21.00000             3.10000             2.14497             0.23657             1.64101             0.35641           894.82844             3.83619             1.62933       6       1
   10000       2       1       2       3       7     508       6       6      27     138       9      18            21.33333             3.11111             2.14605             0.23468             1.66258             0.35026           888.69757             3.85460             1.69926       3       6
   10000       2       1       2       3       7     508       6       6      28     120       8      24            20.25000             3.00000             2.13057             0.25169             1.64370             0.34772           951.21467             3.91821             1.65327       5       4
   10000       2       1       2       3       7     508       6       6      29     113       7       7            22.14286             3.14286             2.21944             0.21864             1.71185             0.34978           864.50193             3.58220             1.74659       4       1
   10000       2       1       2       3       7     508       6       6      30      96       6      17            23.00000             3.16667             2.27562             0.21587             1.73674             0.36641           783.40199             3.70631             1.87103       6       4
