   10000       2       1       2       3       2     465       6       6       0     465      36       0            20.86111             3.02778             2.26933             0.23432             1.65535             0.34821           866.06190             3.76657             2.53990       0       0
   10000       2       1       2       3       2     465       6       6       1     453      35      23            20.85714             3.05714             2.26999             0.23540             1.66487             0.34500           863.93340             3.77410             2.48629       5       3
   10000       2       1       2       3       2     465       6       6       2     442      34      22            20.64706             3.02941             2.27528             0.23814             1.64158             0.33679           877.97670             3.75358             2.44516       6       1
   10000       2       1       2       3       2     465       6       6       3     428      33      25            20.66667             3.12121             2.26388             0.23786             1.65817             0.33866           879.98821             3.75589             2.41137       4       4
   10000       2       1       2       3       2     465       6       6       4     418      32      13            20.90625             3.09375             2.29209             0.23569             1.66434             0.34229           865.32718             3.76976             2.42906       5       4
   10000       2       1       2       3       2     465       6       6       5     403      31      22            20.70968             3.06452             2.29149             0.23856             1.64918             0.35088           879.95664             3.76635             2.42994       4       3
   10000       2       1       2       3       2     465       6       6       6     391      30      26            20.53333             3.03333             2.29406             0.24075             1.64408             0.34936           890.27798             3.76467             2.36371       5       2
   10000       2       1       2       3       2     465       6       6       7     381      29      21            20.31034             3.03448             2.27287             0.24286             1.63365             0.34143           922.38849             3.78034             2.30533       4       1
   10000       2       1       2       3       2     465       6       6       8     375      28      17            20.42857             3.03571             2.28240             0.24269             1.62746             0.33936           922.35068             3.78736             2.22167       2       2
   10000       2       1       2       3       2     465       6       6       9     366      27      12            20.85185             3.00000             2.32242             0.24081             1.61517             0.33713           898.98660             3.70568             2.21514       4       5
   10000       2       1       2       3       2     465       6       6      10     356      26      21            20.88462             3.00000             2.36724             0.24577             1.61172             0.33912           892.18067             3.73468             2.15488       5       6
   10000       2       1       2       3       2     465       6       6      11     343      25      21            20.52000             2.92000             2.35165             0.24869             1.61025             0.34775           911.26266             3.75377             2.11186       6       3
   10000       2       1       2       3       2     465       6       6      12     328      24      24            20.41667             2.91667             2.31124             0.24614             1.63105             0.34060           913.92660             3.76840             2.08004       2       3
   10000       2       1       2       3       2     465       6       6      13     313      23      23            20.56522             2.91304             2.30192             0.24788             1.63847             0.35036           946.65098             3.74676             2.05917       3       2
   10000       2       1       2       3       2     465       6       6      14     309      22       6            21.22727             2.90909             2.36917             0.23962             1.62849             0.35720           847.24723             3.74027             2.08214       4       2
   10000       2       1       2       3       2     465       6       6      15     296      21      14            21.57143             2.85714             2.38900             0.23674             1.60370             0.36168           824.77197             3.74903             2.12594       6       2
   10000       2       1       2       3       2     465       6       6      16     277      20      21            21.85000             2.85000             2.37802             0.23431             1.60703             0.35980           826.83639             3.73418             2.19618       3       3
   10000       2       1       2       3       2     465       6       6      17     265      19      19            21.63158             2.94737             2.34706             0.23380             1.62219             0.34085           842.80544             3.72838             2.16094       6       4
   10000       2       1       2       3       2     465       6       6      18     254      18      26            21.27778             2.94444             2.32242             0.23475             1.63881             0.32875           858.86838             3.69499             2.07615       3       6
   10000       2       1       2       3       2     465       6       6      19     243      17      15            21.58824             2.82353             2.33679             0.23125             1.61370             0.31546           858.92228             3.70351             2.09362       6       6
   10000       2       1       2       3       2     465       6       6      20     233      16      26            21.18750             2.81250             2.30910             0.23269             1.61299             0.31682           878.02299             3.68112             1.94666       2       4
   10000       2       1       2       3       2     465       6       6      21     225      15      23            20.80000             2.86667             2.27310             0.23628             1.62527             0.31036           904.52989             3.70067             1.82140       2       1
   10000       2       1       2       3       2     465       6       6      22     212      14      20            20.50000             2.92857             2.26967             0.24040             1.60206             0.30432           911.36624             3.74890             1.79856       6       5
   10000       2       1       2       3       2     465       6       6      23     192      13      22            20.38462             2.92308             2.28369             0.24362             1.58977             0.30575           937.99949             3.70440             1.84489       4       6
   10000       2       1       2       3       2     465       6       6      24     173      12      19            20.50000             2.91667             2.25031             0.23907             1.59725             0.30808           936.68910             3.65524             1.91530       5       5
   10000       2       1       2       3       2     465       6       6      25     157      11      16            20.90909             2.81818             2.28443             0.23807             1.58487             0.31790           915.30063             3.60794             1.99851       3       1
   10000       2       1       2       3       2     465       6       6      26     144      10      24            20.80000             2.90000             2.30270             0.23677             1.57627             0.28953           888.58145             3.67401             1.83458       2       5
   10000       2       1       2       3       2     465       6       6      27     134       9      18            20.55556             2.88889             2.27165             0.23736             1.59711             0.29140           887.69471             3.72433             1.77669       3       4
   10000       2       1       2       3       2     465       6       6      28     116       8      18            20.87500             2.87500             2.26243             0.23239             1.57616             0.29105           881.46549             3.62870             1.87378       3       5
   10000       2       1       2       3       2     465       6       6      29      99       7      22            20.14286             3.00000             2.26573             0.24785             1.56880             0.28083           937.27200             3.68291             1.86862       2       6
   10000       2       1       2       3       2     465       6       6      30      78       6      21            20.00000             2.83333             2.22203             0.24696             1.50526             0.28597           975.63946             3.51338             2.01339       5       1
