   10000       2       2       2       2       8     487       6       6       0     487      36       0            20.66667             3.16667             2.25710             0.23799             1.67006             0.35268           950.26701             3.56068             2.38376       0       0
   10000       2       2       2       2       8     487       6       6       1     470      35      21            20.71429             3.14286             2.28973             0.24115             1.67442             0.36204           944.56395             3.61190             2.41910       1       3
   10000       2       2       2       2       8     487       6       6       2     458      34      17            20.76471             3.14706             2.29703             0.23901             1.68447             0.36395           911.86973             3.60911             2.36912       6       4
   10000       2       2       2       2       8     487       6       6       3     442      33      19            20.51515             3.15152             2.26740             0.23948             1.68774             0.36485           936.50312             3.61570             2.35899       1       6
   10000       2       2       2       2       8     487       6       6       4     430      32      19            21.06250             3.18750             2.28350             0.23525             1.70869             0.36618           915.18222             3.60937             2.39169       2       3
   10000       2       2       2       2       8     487       6       6       5     420      31      20            21.74194             3.19355             2.29030             0.22884             1.72037             0.38251           883.95208             3.63139             2.50937       5       3
   10000       2       2       2       2       8     487       6       6       6     408      30      25            21.96667             3.20000             2.27979             0.22746             1.75545             0.37706           883.31641             3.63791             2.50229       6       2
   10000       2       2       2       2       8     487       6       6       7     396      29      18            22.44828             3.17241             2.33377             0.22991             1.75741             0.39269           855.15069             3.63176             2.56668       5       6
   10000       2       2       2       2       8     487       6       6       8     384      28      28            22.53571             3.17857             2.32996             0.22945             1.78132             0.39358           845.43227             3.64298             2.51297       3       6
   10000       2       2       2       2       8     487       6       6       9     377      27      26            22.48148             3.25926             2.33745             0.23139             1.82303             0.38582           838.96778             3.65758             2.43667       5       1
   10000       2       2       2       2       8     487       6       6      10     366      26      15            22.92308             3.19231             2.34892             0.22872             1.80519             0.39434           830.51300             3.65651             2.46260       4       1
   10000       2       2       2       2       8     487       6       6      11     349      25      22            23.12000             3.04000             2.37006             0.23004             1.77109             0.41100           827.01655             3.67188             2.49541       2       5
   10000       2       2       2       2       8     487       6       6      12     337      24      17            23.75000             3.00000             2.38777             0.22627             1.75784             0.41796           814.55708             3.63587             2.55843       3       1
   10000       2       2       2       2       8     487       6       6      13     321      23      32            23.56522             3.08696             2.41771             0.23027             1.75623             0.42887           817.07739             3.63995             2.54751       2       1
   10000       2       2       2       2       8     487       6       6      14     306      22      19            23.31818             3.00000             2.39388             0.23146             1.74846             0.42478           857.80024             3.64964             2.50437       2       2
   10000       2       2       2       2       8     487       6       6      15     294      21      27            23.14286             2.95238             2.38539             0.23311             1.72312             0.42346           868.91982             3.67957             2.47034       6       1
   10000       2       2       2       2       8     487       6       6      16     288      20      21            23.80000             2.95000             2.41417             0.23122             1.70751             0.41938           850.38314             3.70844             2.44381       5       4
   10000       2       2       2       2       8     487       6       6      17     273      19      23            23.63158             3.10526             2.41515             0.23089             1.76440             0.42925           847.22172             3.71060             2.41458       1       5
   10000       2       2       2       2       8     487       6       6      18     259      18      22            23.05556             3.11111             2.38663             0.23652             1.75114             0.42870           849.80064             3.75887             2.34246       2       4
   10000       2       2       2       2       8     487       6       6      19     254      17      10            23.70588             3.11765             2.40767             0.22657             1.74640             0.42065           834.90843             3.75824             2.28557       6       6
   10000       2       2       2       2       8     487       6       6      20     246      16      10            24.56250             3.12500             2.44128             0.21637             1.75937             0.42611           779.69534             3.71045             2.34607       2       6
   10000       2       2       2       2       8     487       6       6      21     235      15      18            25.00000             3.13333             2.46048             0.21369             1.76642             0.42315           745.43013             3.76563             2.34732       6       3
   10000       2       2       2       2       8     487       6       6      22     223      14      27            24.85714             3.07143             2.46407             0.21678             1.76378             0.44149           753.00069             3.82531             2.31096       6       5
   10000       2       2       2       2       8     487       6       6      23     207      13      33            24.76923             3.07692             2.50061             0.21829             1.75313             0.43304           747.28160             3.82724             2.28147       5       5
   10000       2       2       2       2       8     487       6       6      24     201      12      19            24.91667             3.08333             2.51190             0.22117             1.78251             0.41664           774.56046             3.78725             2.12535       1       2
   10000       2       2       2       2       8     487       6       6      25     193      11      15            25.90909             3.09091             2.55625             0.21426             1.79598             0.44267           745.64720             3.70485             2.07928       1       4
   10000       2       2       2       2       8     487       6       6      26     176      10      30            26.50000             3.40000             2.52414             0.20619             1.89675             0.43145           732.28816             3.76079             2.07873       4       5
   10000       2       2       2       2       8     487       6       6      27     156       9      28            26.55556             3.44444             2.50654             0.20574             1.87548             0.42582           728.15524             3.82799             2.08207       5       2
   10000       2       2       2       2       8     487       6       6      28     144       8      22            27.37500             3.37500             2.60682             0.20853             1.83246             0.42413           707.58916             3.79298             2.02160       3       5
   10000       2       2       2       2       8     487       6       6      29     133       7      14            29.14286             3.42857             2.65645             0.19201             1.86676             0.47593           605.09009             3.67783             2.06363       1       1
   10000       2       2       2       2       8     487       6       6      30     116       6      22            30.33333             3.33333             2.69010             0.18506             1.82868             0.48655           589.87915             3.63535             2.14424       4       6
