   10000       2       1       2      12       3     509       6       6       0     509      36       0            22.55556             2.97222             2.25679             0.22020             1.60747             0.37073           901.40110             3.36120             2.56709       0       0
   10000       2       1       2      12       3     509       6       6       1     499      35      23            22.54286             3.02857             2.24687             0.22171             1.61246             0.36626           920.33799             3.37433             2.48968       2       2
   10000       2       1       2      12       3     509       6       6       2     487      34      24            22.44118             3.02941             2.24538             0.22302             1.61868             0.36705           926.79310             3.36885             2.45851       6       6
   10000       2       1       2      12       3     509       6       6       3     479      33      17            22.60606             3.06061             2.23953             0.22029             1.62016             0.36287           913.38535             3.38952             2.43974       1       6
   10000       2       1       2      12       3     509       6       6       4     461      32      32            22.31250             3.03125             2.22203             0.22162             1.61082             0.36173           922.07024             3.41107             2.37858       4       5
   10000       2       1       2      12       3     509       6       6       5     449      31      20            22.67742             2.96774             2.24075             0.21987             1.59606             0.35563           901.51481             3.41435             2.37080       2       3
   10000       2       1       2      12       3     509       6       6       6     432      30      27            22.80000             2.90000             2.26675             0.22164             1.57473             0.35738           904.00095             3.41391             2.36226       5       3
   10000       2       1       2      12       3     509       6       6       7     420      29      23            22.75862             2.89655             2.25396             0.22158             1.57275             0.35674           906.72140             3.42278             2.31981       3       5
   10000       2       1       2      12       3     509       6       6       8     407      28      20            22.60714             2.89286             2.24397             0.22286             1.58163             0.36022           922.40893             3.42068             2.29442       5       6
   10000       2       1       2      12       3     509       6       6       9     402      27      17            22.74074             2.85185             2.25508             0.22355             1.57621             0.35753           924.89005             3.38290             2.22321       1       2
   10000       2       1       2      12       3     509       6       6      10     387      26      20            22.84615             2.92308             2.24482             0.22254             1.58756             0.34286           922.10147             3.39191             2.24348       4       6
   10000       2       1       2      12       3     509       6       6      11     366      25      28            22.52000             2.96000             2.20968             0.22380             1.58926             0.34416           933.90960             3.43583             2.23225       1       5
   10000       2       1       2      12       3     509       6       6      12     352      24      18            22.66667             3.00000             2.22650             0.22383             1.60217             0.34876           922.99574             3.44854             2.23888       6       1
   10000       2       1       2      12       3     509       6       6      13     342      23      17            22.78261             3.00000             2.24020             0.22141             1.61218             0.34693           906.15930             3.44899             2.18701       4       1
   10000       2       1       2      12       3     509       6       6      14     337      22      15            23.00000             3.09091             2.25829             0.22136             1.62695             0.34294           886.57812             3.47712             2.13068       1       4
   10000       2       1       2      12       3     509       6       6      15     320      21      30            22.95238             3.04762             2.29748             0.21974             1.61075             0.35128           870.67478             3.40787             2.09885       5       2
   10000       2       1       2      12       3     509       6       6      16     291      20      31            22.40000             3.10000             2.26529             0.22101             1.60868             0.34594           876.45624             3.42540             2.11598       5       1
   10000       2       1       2      12       3     509       6       6      17     271      19      30            21.84211             3.10526             2.22992             0.22293             1.59716             0.34303           886.22010             3.42702             2.05494       6       4
   10000       2       1       2      12       3     509       6       6      18     256      18      15            22.27778             3.05556             2.23187             0.21885             1.59843             0.35611           864.26326             3.44207             2.12900       1       3
   10000       2       1       2      12       3     509       6       6      19     242      17      24            22.05882             2.94118             2.23396             0.22121             1.57134             0.33968           868.22282             3.48964             2.08061       2       5
   10000       2       1       2      12       3     509       6       6      20     219      16      34            21.00000             2.93750             2.20203             0.22821             1.56787             0.32834           893.47413             3.52609             2.06725       2       6
   10000       2       1       2      12       3     509       6       6      21     205      15      15            21.33333             2.86667             2.22252             0.22529             1.56257             0.35236           879.58037             3.53799             2.12795       3       6
   10000       2       1       2      12       3     509       6       6      22     195      14      25            20.78571             2.85714             2.18657             0.22808             1.57070             0.34117           910.41213             3.52587             2.09072       6       3
   10000       2       1       2      12       3     509       6       6      23     180      13      24            20.23077             2.92308             2.16416             0.23310             1.58296             0.35220           916.33881             3.50335             1.94528       3       3
   10000       2       1       2      12       3     509       6       6      24     165      12      26            19.16667             2.75000             2.15056             0.24841             1.54464             0.38191           961.96203             3.47341             1.82250       2       1
   10000       2       1       2      12       3     509       6       6      25     149      11      27            18.72727             2.81818             2.09669             0.24569             1.56210             0.38814           972.01826             3.48817             1.75232       5       4
   10000       2       1       2      12       3     509       6       6      26     134      10      24            17.80000             2.80000             2.05395             0.24926             1.54917             0.36161          1014.71400             3.54375             1.64236       3       4
   10000       2       1       2      12       3     509       6       6      27     122       9      16            17.55556             2.88889             2.07793             0.26415             1.56226             0.39413           986.10336             3.62603             1.60348       4       4
   10000       2       1       2      12       3     509       6       6      28     110       8      19            16.87500             2.87500             2.06922             0.27450             1.57679             0.41087          1009.59448             3.66731             1.53016       5       5
   10000       2       1       2      12       3     509       6       6      29      98       7      21            15.57143             2.71429             2.07645             0.30877             1.54575             0.38708          1118.88039             3.75779             1.21046       4       2
   10000       2       1       2      12       3     509       6       6      30      87       6      17            14.50000             2.83333             1.94802             0.32148             1.57157             0.38381          1222.48171             3.71519             1.00000       3       1
