   10000       2       1       2       9       4     465       6       6       0     465      36       0            20.86111             3.02778             2.26933             0.23432             1.65535             0.34821           866.06190             3.76657             2.53990       0       0
   10000       2       1       2       9       4     465       6       6       1     449      35      26            20.51429             3.02857             2.26170             0.23830             1.65716             0.34678           893.13120             3.75177             2.48936       4       6
   10000       2       1       2       9       4     465       6       6       2     443      34      20            20.64706             3.05882             2.25031             0.23678             1.66031             0.34474           885.94837             3.75542             2.46239       2       1
   10000       2       1       2       9       4     465       6       6       3     436      33      11            21.00000             3.03030             2.28697             0.23481             1.66912             0.35278           864.12281             3.69064             2.47481       4       5
   10000       2       1       2       9       4     465       6       6       4     426      32      21            21.15625             2.96875             2.26528             0.22972             1.66330             0.34930           848.02088             3.70531             2.43849       6       5
   10000       2       1       2       9       4     465       6       6       5     409      31      23            21.09677             2.93548             2.27882             0.23281             1.64141             0.36391           857.60053             3.69571             2.41945       4       3
   10000       2       1       2       9       4     465       6       6       6     393      30      20            20.93333             2.93333             2.26818             0.23403             1.63390             0.36479           867.22498             3.69395             2.40067       3       1
   10000       2       1       2       9       4     465       6       6       7     378      29      23            20.82759             2.96552             2.26192             0.23674             1.65303             0.36476           883.82968             3.67753             2.36829       3       2
   10000       2       1       2       9       4     465       6       6       8     364      28      25            20.85714             2.92857             2.24895             0.23604             1.66400             0.37465           885.29040             3.69255             2.35496       1       4
   10000       2       1       2       9       4     465       6       6       9     353      27      26            20.48148             2.92593             2.23427             0.23999             1.65009             0.37392           907.61887             3.71302             2.29024       1       2
   10000       2       1       2       9       4     465       6       6      10     336      26      21            20.15385             2.96154             2.21399             0.24199             1.64974             0.37494           919.78467             3.71854             2.27353       3       5
   10000       2       1       2       9       4     465       6       6      11     326      25      22            20.04000             3.00000             2.21870             0.24302             1.64328             0.36738           928.36170             3.68730             2.23900       6       1
   10000       2       1       2       9       4     465       6       6      12     317      24      21            20.25000             3.00000             2.23327             0.24311             1.64182             0.34777           919.35174             3.68403             2.16530       5       4
   10000       2       1       2       9       4     465       6       6      13     308      23      22            20.04348             3.00000             2.20391             0.24492             1.64750             0.34438           942.53037             3.69336             2.09661       6       3
   10000       2       1       2       9       4     465       6       6      14     298      22      16            20.04545             2.95455             2.22394             0.24597             1.63672             0.35828           926.88879             3.70597             2.05034       5       3
   10000       2       1       2       9       4     465       6       6      15     287      21      29            19.66667             3.00000             2.19353             0.24808             1.64236             0.34315           944.15699             3.71832             1.93285       2       3
   10000       2       1       2       9       4     465       6       6      16     274      20      15            19.85000             3.05000             2.20273             0.24577             1.66653             0.34508           935.38037             3.74525             1.90673       1       6
   10000       2       1       2       9       4     465       6       6      17     257      19      18            19.63158             3.05263             2.19365             0.24719             1.65217             0.33730           952.62695             3.75655             1.92425       6       4
   10000       2       1       2       9       4     465       6       6      18     241      18      31            18.77778             3.11111             2.15633             0.25327             1.66812             0.32836           994.27794             3.77534             1.78117       5       2
   10000       2       1       2       9       4     465       6       6      19     231      17      24            18.41176             3.23529             2.17373             0.26240             1.67388             0.30830          1014.86020             3.75825             1.64024       2       5
   10000       2       1       2       9       4     465       6       6      20     229      16       9            19.06250             3.31250             2.19099             0.25176             1.69281             0.30820           954.22095             3.76473             1.57135       4       2
   10000       2       1       2       9       4     465       6       6      21     216      15      13            19.46667             3.33333             2.19928             0.24457             1.71027             0.32097           927.94056             3.73648             1.60945       1       5
   10000       2       1       2       9       4     465       6       6      22     195      14      25            18.50000             3.35714             2.09740             0.24765             1.70088             0.29655           985.18262             3.67816             1.57649       5       1
   10000       2       1       2       9       4     465       6       6      23     180      13      13            18.84615             3.07692             2.13086             0.24535             1.64804             0.30333           972.98714             3.68351             1.61776       4       1
   10000       2       1       2       9       4     465       6       6      24     167      12      21            18.25000             3.08333             2.14683             0.25452             1.63594             0.32021           997.48776             3.65871             1.58497       3       6
   10000       2       1       2       9       4     465       6       6      25     164      11      19            17.90909             3.09091             2.17007             0.26375             1.64942             0.30896          1011.77507             3.69633             1.41811       5       6
   10000       2       1       2       9       4     465       6       6      26     144      10      21            17.60000             3.10000             2.18116             0.26943             1.62436             0.30886          1007.90418             3.75855             1.44777       1       3
   10000       2       1       2       9       4     465       6       6      27     124       9      19            17.33333             3.11111             2.14456             0.26987             1.64858             0.30365          1008.62232             3.79507             1.50435       2       6
   10000       2       1       2       9       4     465       6       6      28     112       8      17            16.87500             3.12500             2.17718             0.27934             1.65118             0.31472          1022.55144             3.75484             1.37273       2       4
   10000       2       1       2       9       4     465       6       6      29      98       7      14            17.28571             3.00000             2.22290             0.27843             1.63432             0.31573           979.28688             3.77676             1.42597       6       2
   10000       2       1       2       9       4     465       6       6      30      89       6      20            15.66667             3.00000             2.18657             0.29850             1.66418             0.31940          1042.18862             3.89889             1.11527       3       4
