   10000       2       2       2       1       6     525       6       6       0     525      36       0            21.69444             2.91667             2.24134             0.22026             1.60306             0.30909           825.34604             4.00950             2.38234       0       0
   10000       2       2       2       1       6     525       6       6       1     511      35      18            22.05714             2.88571             2.26248             0.21851             1.59026             0.31772           812.59467             4.01053             2.39232       5       4
   10000       2       2       2       1       6     525       6       6       2     502      34      23            22.58824             2.88235             2.27045             0.21396             1.60751             0.31794           791.72265             4.02604             2.40986       4       4
   10000       2       2       2       1       6     525       6       6       3     492      33      20            23.09091             2.90909             2.29168             0.21191             1.62889             0.31867           776.46293             4.04738             2.42015       5       2
   10000       2       2       2       1       6     525       6       6       4     475      32      25            23.43750             2.93750             2.29691             0.20958             1.63613             0.31739           759.53097             4.05684             2.45972       4       5
   10000       2       2       2       1       6     525       6       6       5     458      31      21            23.58065             3.00000             2.28141             0.20711             1.65651             0.32132           755.57011             4.05523             2.47446       1       6
   10000       2       2       2       1       6     525       6       6       6     442      30      26            23.40000             3.03333             2.27303             0.20786             1.65912             0.31949           765.25147             4.04078             2.43851       6       2
   10000       2       2       2       1       6     525       6       6       7     426      29      29            23.06897             3.03448             2.27757             0.21041             1.66834             0.32995           769.76263             4.05626             2.40410       5       1
   10000       2       2       2       1       6     525       6       6       8     413      28      27            23.21429             3.10714             2.31474             0.21358             1.70077             0.35822           746.47841             4.03947             2.35108       5       6
   10000       2       2       2       1       6     525       6       6       9     401      27      22            23.77778             3.14815             2.30451             0.20842             1.71336             0.35706           735.74653             4.04176             2.34683       2       4
   10000       2       2       2       1       6     525       6       6      10     385      26      28            23.65385             3.15385             2.30630             0.20934             1.72834             0.34250           742.14309             4.04411             2.33071       6       4
   10000       2       2       2       1       6     525       6       6      11     366      25      27            23.52000             3.12000             2.35955             0.21509             1.72432             0.35914           737.56019             4.07164             2.33608       3       4
   10000       2       2       2       1       6     525       6       6      12     356      24      20            23.62500             3.08333             2.35099             0.21298             1.72882             0.35656           726.31712             4.05439             2.31378       4       6
   10000       2       2       2       1       6     525       6       6      13     338      23      26            23.65217             3.04348             2.34269             0.21264             1.71970             0.35508           716.80772             4.13353             2.32330       4       2
   10000       2       2       2       1       6     525       6       6      14     323      22      30            23.36364             3.09091             2.32336             0.21512             1.70517             0.34439           714.04400             4.20948             2.29084       6       5
   10000       2       2       2       1       6     525       6       6      15     319      21      11            23.95238             3.04762             2.34256             0.20709             1.70444             0.33698           703.95239             4.14790             2.29147       6       6
   10000       2       2       2       1       6     525       6       6      16     309      20      22            24.00000             2.95000             2.34665             0.20712             1.69255             0.33118           712.56157             4.16391             2.18951       3       2
   10000       2       2       2       1       6     525       6       6      17     300      19      24            24.15789             2.94737             2.35304             0.20692             1.68926             0.34061           705.89389             4.19567             2.15136       5       3
   10000       2       2       2       1       6     525       6       6      18     286      18      24            23.94444             2.88889             2.37402             0.21104             1.67757             0.36302           713.49628             4.21789             2.10594       3       6
   10000       2       2       2       1       6     525       6       6      19     273      17      28            23.64706             2.88235             2.37881             0.21460             1.68627             0.36035           725.69615             4.22910             2.04764       4       3
   10000       2       2       2       1       6     525       6       6      20     256      16      23            23.56250             3.06250             2.41917             0.22041             1.71786             0.33980           730.40691             4.29899             1.99934       1       5
   10000       2       2       2       1       6     525       6       6      21     239      15      22            23.46667             3.06667             2.36861             0.21700             1.72259             0.33355           730.52497             4.34463             2.00849       6       1
   10000       2       2       2       1       6     525       6       6      22     221      14      19            23.71429             3.00000             2.37385             0.21548             1.68877             0.33696           720.86460             4.36567             2.06936       6       3
   10000       2       2       2       1       6     525       6       6      23     215      13      20            24.23077             3.00000             2.36657             0.20978             1.71252             0.31888           733.25184             4.25400             1.97058       3       5
   10000       2       2       2       1       6     525       6       6      24     202      12      24            24.25000             3.08333             2.37503             0.21600             1.75636             0.30146           762.72181             4.25467             1.94506       4       1
   10000       2       2       2       1       6     525       6       6      25     175      11      26            23.90909             3.18182             2.37032             0.21986             1.76175             0.30919           769.58068             4.21860             2.02420       5       5
   10000       2       2       2       1       6     525       6       6      26     162      10      18            24.40000             3.20000             2.36513             0.21302             1.78968             0.34309           752.30590             4.25301             2.04952       1       4
   10000       2       2       2       1       6     525       6       6      27     149       9      15            25.22222             3.11111             2.34714             0.19735             1.78176             0.36218           702.19825             4.27391             2.09456       3       1
   10000       2       2       2       1       6     525       6       6      28     133       8      22            25.00000             3.12500             2.36919             0.19941             1.77593             0.34951           694.34738             4.26679             2.08660       3       3
   10000       2       2       2       1       6     525       6       6      29     119       7      24            24.57143             3.00000             2.32845             0.19996             1.75165             0.36191           719.35378             4.21473             2.04060       2       5
   10000       2       2       2       1       6     525       6       6      30     100       6      23            25.00000             3.00000             2.32519             0.19678             1.72541             0.36449           742.93158             3.90419             2.17435       2       6
