   10000       2       1       2       9       3     508       6       6       0     508      36       0            20.91667             3.02778             2.17896             0.23201             1.65907             0.34872           966.72845             3.87881             2.34215       0       0
   10000       2       1       2       9       3     508       6       6       1     496      35      21            21.11429             3.05714             2.17386             0.22783             1.67067             0.35179           948.79615             3.81869             2.34745       4       2
   10000       2       1       2       9       3     508       6       6       2     478      34      23            21.20588             3.00000             2.20727             0.23067             1.64947             0.35472           936.80555             3.82844             2.33929       3       5
   10000       2       1       2       9       3     508       6       6       3     465      33      25            21.24242             3.00000             2.19612             0.23064             1.63878             0.35224           941.78425             3.85189             2.31237       6       5
   10000       2       1       2       9       3     508       6       6       4     448      32      22            21.34375             3.00000             2.19812             0.23083             1.64685             0.35111           941.50423             3.85424             2.32179       3       4
   10000       2       1       2       9       3     508       6       6       5     438      31      20            21.35484             3.00000             2.17408             0.22946             1.63339             0.33189           993.80047             3.86637             2.29238       2       4
   10000       2       1       2       9       3     508       6       6       6     434      30       6            21.86667             3.10000             2.20428             0.22328             1.66688             0.34772           871.93039             3.87593             2.27114       2       5
   10000       2       1       2       9       3     508       6       6       7     416      29      27            21.82759             3.13793             2.18246             0.22129             1.66452             0.33060           836.35106             3.88949             2.24160       4       3
   10000       2       1       2       9       3     508       6       6       8     401      28      22            21.82143             3.10714             2.18821             0.22173             1.67493             0.33257           826.80833             3.92489             2.20098       1       2
   10000       2       1       2       9       3     508       6       6       9     385      27      28            21.74074             3.00000             2.20073             0.22522             1.67102             0.33970           835.61016             3.94631             2.14894       5       4
   10000       2       1       2       9       3     508       6       6      10     380      26      17            21.92308             3.11538             2.17423             0.22179             1.68818             0.33360           832.17998             3.95900             2.06094       2       3
   10000       2       1       2       9       3     508       6       6      11     367      25      21            21.96000             3.16000             2.17770             0.22116             1.69583             0.33726           832.29989             3.98319             2.02834       3       6
   10000       2       1       2       9       3     508       6       6      12     351      24      18            22.45833             3.16667             2.21129             0.21944             1.68044             0.33531           797.45833             4.00598             2.06006       4       6
   10000       2       1       2       9       3     508       6       6      13     339      23      26            22.26087             3.17391             2.19795             0.22318             1.69238             0.34280           809.01463             3.99126             1.96000       5       1
   10000       2       1       2       9       3     508       6       6      14     326      22      27            22.00000             3.13636             2.16345             0.22515             1.66797             0.34364           825.80595             4.01019             1.89227       3       2
   10000       2       1       2       9       3     508       6       6      15     313      21      18            21.90476             3.14286             2.17056             0.22741             1.67517             0.33353           819.52646             4.08992             1.86157       6       4
   10000       2       1       2       9       3     508       6       6      16     307      20      10            22.60000             3.20000             2.21092             0.22494             1.71558             0.33300           795.14877             3.94578             1.83861       3       1
   10000       2       1       2       9       3     508       6       6      17     293      19      28            22.26316             3.15789             2.19153             0.22659             1.70394             0.33537           803.70502             3.97373             1.79023       5       6
   10000       2       1       2       9       3     508       6       6      18     274      18      27            21.77778             3.22222             2.20954             0.23463             1.72070             0.33332           826.27902             3.95247             1.73545       1       5
   10000       2       1       2       9       3     508       6       6      19     265      17      16            21.94118             3.17647             2.19468             0.23247             1.70305             0.33394           838.77266             3.92849             1.70489       1       6
   10000       2       1       2       9       3     508       6       6      20     251      16      20            22.12500             3.12500             2.24441             0.23704             1.66589             0.31877           843.26291             3.95739             1.66463       5       3
   10000       2       1       2       9       3     508       6       6      21     244      15       7            23.13333             3.20000             2.28340             0.22001             1.70089             0.31780           795.13420             3.77475             1.70894       4       1
   10000       2       1       2       9       3     508       6       6      22     226      14      23            22.57143             3.28571             2.24717             0.22110             1.74157             0.30293           811.74941             3.72290             1.64504       5       2
   10000       2       1       2       9       3     508       6       6      23     213      13      16            22.53846             3.23077             2.25091             0.21977             1.74750             0.29830           814.11522             3.69593             1.59319       6       1
   10000       2       1       2       9       3     508       6       6      24     198      12      15            23.16667             3.16667             2.27502             0.21548             1.73836             0.29934           782.43427             3.68611             1.64262       2       6
   10000       2       1       2       9       3     508       6       6      25     184      11      29            22.00000             3.27273             2.22169             0.22205             1.69005             0.28433           826.29000             3.68036             1.50939       2       1
   10000       2       1       2       9       3     508       6       6      26     170      10      25            21.20000             3.30000             2.19625             0.22893             1.71388             0.27768           871.60527             3.68625             1.42422       1       3
   10000       2       1       2       9       3     508       6       6      27     152       9      23            20.22222             3.22222             2.12981             0.23406             1.75259             0.27356           900.16344             3.82435             1.35519       6       3
   10000       2       1       2       9       3     508       6       6      28     134       8      18            20.50000             3.25000             2.15262             0.23464             1.72166             0.25628           887.15635             3.82872             1.39959       6       2
   10000       2       1       2       9       3     508       6       6      29     114       7      20            20.57143             3.28571             2.10791             0.23089             1.73453             0.24778           851.53557             3.92283             1.45667       1       4
   10000       2       1       2       9       3     508       6       6      30     103       6      27            17.66667             3.66667             1.99374             0.25353             1.78775             0.18452          1023.39536             3.74522             1.07111       4       5
