   10000       2       1       1       1       5     546       6       6       0     546      36       0            21.88889             3.11111             2.26232             0.22006             1.62450             0.32094           843.01095             3.63284             2.18994       0       0
   10000       2       1       1       1       5     546       6       6       1     538      35      20            21.88571             3.08571             2.28064             0.22189             1.63062             0.32326           844.26311             3.60576             2.10853       2       2
   10000       2       1       1       1       5     546       6       6       2     525      34      20            22.02941             3.11765             2.28541             0.22085             1.64383             0.32021           845.80158             3.59620             2.10086       1       2
   10000       2       1       1       1       5     546       6       6       3     507      33      26            22.06061             3.15152             2.25776             0.21802             1.65591             0.32520           843.17403             3.59254             2.10260       2       5
   10000       2       1       1       1       5     546       6       6       4     491      32      20            22.21875             3.15625             2.29041             0.22052             1.66504             0.32770           837.47003             3.60880             2.10550       6       2
   10000       2       1       1       1       5     546       6       6       5     478      31      27            22.12903             3.19355             2.26490             0.21903             1.67364             0.32817           842.67727             3.62142             2.07576       5       1
   10000       2       1       1       1       5     546       6       6       6     462      30      21            22.06667             3.20000             2.28668             0.22234             1.66109             0.32853           851.23427             3.61254             2.05080       4       1
   10000       2       1       1       1       5     546       6       6       7     449      29      18            22.10345             3.24138             2.27663             0.22083             1.67169             0.32787           846.52564             3.61737             1.99758       5       5
   10000       2       1       1       1       5     546       6       6       8     439      28      15            22.82143             3.17857             2.27170             0.21253             1.67276             0.34078           807.61403             3.63043             2.03092       3       4
   10000       2       1       1       1       5     546       6       6       9     419      27      25            22.48148             3.14815             2.31796             0.22082             1.66959             0.33812           823.04048             3.64068             2.01287       1       6
   10000       2       1       1       1       5     546       6       6      10     403      26      16            22.76923             3.07692             2.30615             0.21608             1.67269             0.34919           796.38966             3.65643             2.05980       6       1
   10000       2       1       1       1       5     546       6       6      11     395      25      20            22.88000             3.16000             2.31674             0.21602             1.67797             0.34904           783.42656             3.65368             2.01381       1       3
   10000       2       1       1       1       5     546       6       6      12     377      24      23            23.00000             3.12500             2.33971             0.21803             1.66824             0.33775           781.70975             3.66831             2.01281       5       4
   10000       2       1       1       1       5     546       6       6      13     358      23      25            23.00000             3.21739             2.32546             0.21593             1.69830             0.33647           771.53178             3.69373             1.99958       5       3
   10000       2       1       1       1       5     546       6       6      14     340      22      23            22.95455             3.22727             2.31591             0.21694             1.70446             0.33230           773.18812             3.74881             2.01118       6       3
   10000       2       1       1       1       5     546       6       6      15     322      21      27            22.66667             3.14286             2.32535             0.22010             1.68952             0.32839           780.63715             3.78978             1.94717       3       2
   10000       2       1       1       1       5     546       6       6      16     305      20      26            22.35000             3.15000             2.30685             0.22289             1.68752             0.31380           792.63909             3.83461             1.90822       3       6
   10000       2       1       1       1       5     546       6       6      17     293      19      17            22.31579             3.15789             2.27944             0.22010             1.69976             0.29797           797.39602             3.82486             1.83998       4       6
   10000       2       1       1       1       5     546       6       6      18     281      18      27            22.11111             3.22222             2.21816             0.21633             1.71054             0.30039           815.70142             3.83403             1.74273       4       3
   10000       2       1       1       1       5     546       6       6      19     258      17      20            21.64706             3.29412             2.19746             0.21930             1.73656             0.30087           832.99767             3.83377             1.74772       3       1
   10000       2       1       1       1       5     546       6       6      20     246      16      24            21.37500             3.37500             2.22539             0.22578             1.77411             0.29684           832.41144             3.81243             1.65787       6       6
   10000       2       1       1       1       5     546       6       6      21     231      15      17            21.33333             3.40000             2.22320             0.22584             1.79939             0.29072           824.18877             3.84909             1.64273       1       5
   10000       2       1       1       1       5     546       6       6      22     223      14      19            21.21429             3.28571             2.23608             0.22885             1.78085             0.30285           828.53985             3.76390             1.58447       6       4
   10000       2       1       1       1       5     546       6       6      23     213      13      17            21.15385             3.30769             2.26113             0.23343             1.75400             0.30107           832.57822             3.76103             1.52870       4       2
   10000       2       1       1       1       5     546       6       6      24     203      12      19            21.00000             3.25000             2.26641             0.23629             1.72939             0.28380           846.31557             3.78939             1.45895       2       1
   10000       2       1       1       1       5     546       6       6      25     186      11      29            20.09091             3.27273             2.21844             0.24038             1.73520             0.27481           860.32408             3.85681             1.33449       2       4
   10000       2       1       1       1       5     546       6       6      26     172      10      21            19.60000             3.40000             2.26061             0.25007             1.76279             0.26239           880.55203             3.86179             1.23824       3       5
   10000       2       1       1       1       5     546       6       6      27     150       9      20            19.33333             3.55556             2.26651             0.25432             1.81659             0.25344           925.26646             3.65276             1.26694       6       5
   10000       2       1       1       1       5     546       6       6      28     135       8      14            19.75000             3.62500             2.25676             0.24471             1.83733             0.25367           944.73376             3.58954             1.28462       5       6
   10000       2       1       1       1       5     546       6       6      29     119       7      19            19.00000             3.57143             2.17382             0.25144             1.82090             0.26015          1041.42007             3.57595             1.18421       4       5
   10000       2       1       1       1       5     546       6       6      30     100       6      19            19.00000             3.50000             2.11636             0.24678             1.79722             0.27573          1036.92638             3.59994             1.21491       2       6
   10000       2       1       1       1       5     546       6       6      31      91       5      11            20.60000             3.40000             2.21236             0.23068             1.75667             0.23087           870.86052             3.67309             1.20307       4       4
   10000       2       1       1       1       5     546       6       6      32      76       4      23            19.00000             4.00000             2.18104             0.24454             1.88192             0.22120           936.98139             3.82876             1.00000       2       3
   10000       2       1       1       1       5     546       6       6      33      51       3      25            17.00000             3.66667             2.02805             0.25272             1.81479             0.21160           985.68300             4.01215             1.00000       3       3
   10000       2       1       1       1       5     546       6       6      34      34       2      17            17.00000             4.00000             2.15972             0.26879             1.87843             0.25490          1022.17334             3.59682             1.00000       1       1
   10000       2       1       1       1       5     546       6       6      35      16       1      18            16.00000             4.00000             1.87500             0.25000             1.93333             0.33333          1131.48917             3.08422             1.00000       5       2
   10000       2       1       1       1       5     546       6       6      36       0       0      16             0.00000             0.00000             0.00000             0.00000             0.00000             0.00000             0.00000             0.00000             0.00000       1       4
