   10000       2       2       2       4       6     478       6       6       0     478      36       0            20.97222             2.94444             2.17468             0.22490             1.64555             0.34265           881.77585             3.80360             2.53724       0       0
   10000       2       2       2       4       6     478       6       6       1     460      35      16            20.97143             2.91429             2.18007             0.22584             1.62532             0.34101           883.95084             3.80213             2.54502       4       1
   10000       2       2       2       4       6     478       6       6       2     442      34      23            21.11765             3.02941             2.17266             0.22285             1.67599             0.33812           860.22690             3.82909             2.61113       1       5
   10000       2       2       2       4       6     478       6       6       3     423      33      27            21.33333             3.06061             2.18278             0.22121             1.69878             0.35191           842.93984             3.84546             2.67362       6       4
   10000       2       2       2       4       6     478       6       6       4     407      32      19            21.53125             3.15625             2.19626             0.22004             1.71852             0.35976           826.78751             3.87824             2.72901       6       5
   10000       2       2       2       4       6     478       6       6       5     392      31      25            21.74194             3.09677             2.22815             0.22149             1.71964             0.38266           818.15897             3.88349             2.75197       6       2
   10000       2       2       2       4       6     478       6       6       6     382      30      19            22.26667             3.06667             2.27065             0.22049             1.73374             0.39872           798.52476             3.89615             2.71528       2       3
   10000       2       2       2       4       6     478       6       6       7     377      29      19            22.51724             3.10345             2.25108             0.21583             1.73811             0.38653           799.79124             3.88047             2.65119       6       3
   10000       2       2       2       4       6     478       6       6       8     366      28      27            23.00000             3.21429             2.31714             0.21862             1.75724             0.39221           791.55559             3.90482             2.68797       4       3
   10000       2       2       2       4       6     478       6       6       9     350      27      24            23.03704             3.11111             2.31785             0.21775             1.72902             0.39781           777.44414             3.93224             2.70109       2       4
   10000       2       2       2       4       6     478       6       6      10     342      26      25            22.80769             3.11538             2.31420             0.22107             1.72999             0.40040           786.84477             3.92446             2.66837       5       6
   10000       2       2       2       4       6     478       6       6      11     336      25      19            23.16000             3.12000             2.29925             0.21591             1.74234             0.40193           777.64268             3.91947             2.61670       5       5
   10000       2       2       2       4       6     478       6       6      12     324      24      20            23.50000             3.12500             2.32238             0.21606             1.74535             0.40425           776.31187             3.92077             2.61137       2       1
   10000       2       2       2       4       6     478       6       6      13     312      23      26            23.52174             3.04348             2.29623             0.21433             1.72931             0.39452           774.35848             3.94504             2.57494       4       2
   10000       2       2       2       4       6     478       6       6      14     300      22      27            23.45455             3.00000             2.28362             0.21565             1.75583             0.40036           785.49007             3.98037             2.54580       5       4
   10000       2       2       2       4       6     478       6       6      15     290      21      20            23.52381             3.04762             2.27287             0.21386             1.76880             0.40937           782.31450             3.98288             2.49890       1       3
   10000       2       2       2       4       6     478       6       6      16     275      20      28            23.40000             3.10000             2.28124             0.21587             1.77630             0.40405           792.69130             3.99126             2.50356       6       1
   10000       2       2       2       4       6     478       6       6      17     261      19      25            23.68421             3.00000             2.26575             0.21138             1.76920             0.40548           774.52805             4.04211             2.50569       4       6
   10000       2       2       2       4       6     478       6       6      18     251      18      28            23.50000             3.05556             2.29701             0.21737             1.78007             0.40125           785.66746             4.03989             2.45418       4       5
   10000       2       2       2       4       6     478       6       6      19     243      17      19            23.82353             3.11765             2.30894             0.21519             1.79946             0.40062           772.78914             4.05927             2.37286       1       6
   10000       2       2       2       4       6     478       6       6      20     235      16      27            24.06250             3.12500             2.33002             0.21732             1.77932             0.40642           778.26043             4.04743             2.35334       5       3
   10000       2       2       2       4       6     478       6       6      21     216      15      25            23.66667             3.20000             2.34627             0.21914             1.77660             0.40818           763.77317             4.01017             2.30161       2       2
   10000       2       2       2       4       6     478       6       6      22     211      14      21            23.78571             3.14286             2.37506             0.22177             1.78038             0.40706           752.09126             4.05004             2.20235       1       2
   10000       2       2       2       4       6     478       6       6      23     195      13      23            23.61538             3.15385             2.36148             0.22168             1.78242             0.39127           741.89973             4.10425             2.16618       4       4
   10000       2       2       2       4       6     478       6       6      24     188      12      14            24.50000             3.08333             2.40498             0.21665             1.73865             0.39084           745.79335             4.06082             2.13697       1       4
   10000       2       2       2       4       6     478       6       6      25     175      11      33            23.45455             2.90909             2.36970             0.22206             1.72689             0.39291           770.34777             4.04477             2.06632       5       1
   10000       2       2       2       4       6     478       6       6      26     151      10      26            23.20000             2.90000             2.33282             0.22189             1.71158             0.38420           785.99373             4.08579             2.13086       6       6
   10000       2       2       2       4       6     478       6       6      27     142       9      20            23.66667             3.11111             2.34998             0.22053             1.74813             0.35364           761.84440             4.18809             2.01715       2       5
   10000       2       2       2       4       6     478       6       6      28     108       8      40            21.62500             3.12500             2.24745             0.22670             1.71484             0.33374           807.65943             4.17138             2.09602       5       2
   10000       2       2       2       4       6     478       6       6      29      93       7      19            22.00000             3.14286             2.20009             0.21815             1.72172             0.34174           771.18634             4.22585             2.18420       1       1
   10000       2       2       2       4       6     478       6       6      30      83       6      19            21.83333             2.83333             2.16046             0.21906             1.66083             0.38400           741.27398             4.22921             2.08639       2       6
