   10000       2       1       1       1      10     465       6       6       0     465      36       0            20.86111             3.02778             2.26933             0.23432             1.65535             0.34821           866.06184             3.76657             2.53990       0       0
   10000       2       1       1       1      10     465       6       6       1     447      35      25            20.51429             3.00000             2.26170             0.23965             1.65084             0.35353           889.38154             3.79082             2.50022       2       6
   10000       2       1       1       1      10     465       6       6       2     435      34      23            20.29412             3.02941             2.23968             0.24019             1.64899             0.33941           904.96751             3.79379             2.42918       3       3
   10000       2       1       1       1      10     465       6       6       3     429      33      20            20.36364             3.06061             2.22748             0.23900             1.65091             0.33943           898.62629             3.79698             2.38826       2       1
   10000       2       1       1       1      10     465       6       6       4     418      32      16            20.75000             3.03125             2.23364             0.23457             1.65630             0.34397           873.99176             3.80875             2.42433       3       4
   10000       2       1       1       1      10     465       6       6       5     406      31      24            20.77419             3.00000             2.24631             0.23582             1.65957             0.35164           867.54791             3.81862             2.36133       5       3
   10000       2       1       1       1      10     465       6       6       6     396      30      16            20.76667             2.96667             2.30334             0.24353             1.65063             0.36111           874.79555             3.82970             2.26188       4       2
   10000       2       1       1       1      10     465       6       6       7     389      29      18            20.89655             2.93103             2.28653             0.23992             1.65733             0.35854           861.35643             3.85677             2.21366       5       6
   10000       2       1       1       1      10     465       6       6       8     372      28      24            20.78571             3.03571             2.30455             0.24298             1.65519             0.36113           856.22586             3.90264             2.19761       1       3
   10000       2       1       1       1      10     465       6       6       9     360      27      20            20.85185             2.92593             2.30516             0.24457             1.62295             0.36279           861.31674             3.89790             2.18028       3       1
   10000       2       1       1       1      10     465       6       6      10     352      26      20            20.92308             2.92308             2.29743             0.24317             1.61679             0.36712           863.28582             3.90768             2.12556       6       2
   10000       2       1       1       1      10     465       6       6      11     341      25      22            20.64000             2.96000             2.29160             0.24709             1.61804             0.36103           879.44938             3.91580             2.07240       1       2
   10000       2       1       1       1      10     465       6       6      12     332      24      15            20.79167             2.87500             2.29939             0.24563             1.59945             0.35697           880.81436             3.93447             2.05600       6       6
   10000       2       1       1       1      10     465       6       6      13     315      23      25            20.78261             2.91304             2.28285             0.24570             1.59637             0.35927           888.19444             3.92752             2.04552       5       5
   10000       2       1       1       1      10     465       6       6      14     303      22      21            20.54545             2.86364             2.27341             0.24741             1.58082             0.35663           902.69353             3.91010             2.00548       6       1
   10000       2       1       1       1      10     465       6       6      15     292      21      15            20.61905             2.85714             2.25845             0.24433             1.56704             0.35376           898.35072             3.92401             1.99137       4       1
   10000       2       1       1       1      10     465       6       6      16     280      20      19            20.90000             2.80000             2.30289             0.24400             1.55462             0.34956           871.38022             3.92513             1.95805       2       5
   10000       2       1       1       1      10     465       6       6      17     268      19      20            20.78947             2.73684             2.31624             0.24829             1.55803             0.35432           881.35461             3.90601             1.91695       2       2
   10000       2       1       1       1      10     465       6       6      18     251      18      22            20.38889             2.77778             2.26496             0.24957             1.56485             0.34298           906.47248             3.93187             1.87648       3       5
   10000       2       1       1       1      10     465       6       6      19     237      17      22            20.17647             2.76471             2.24564             0.25112             1.56889             0.34975           918.81755             3.96539             1.85241       2       3
   10000       2       1       1       1      10     465       6       6      20     225      16      12            20.68750             2.81250             2.25630             0.24322             1.58740             0.36025           888.20415             3.96640             1.90568       1       1
   10000       2       1       1       1      10     465       6       6      21     218      15      14            21.13333             2.86667             2.30901             0.24214             1.62400             0.37566           867.04762             3.83080             1.83201       4       5
   10000       2       1       1       1      10     465       6       6      22     208      14      17            21.28571             2.92857             2.31662             0.23766             1.61723             0.38484           847.89288             3.84601             1.74909       5       4
   10000       2       1       1       1      10     465       6       6      23     201      13      14            21.69231             3.00000             2.32660             0.23348             1.63974             0.37109           817.56923             3.87514             1.68651       6       3
   10000       2       1       1       1      10     465       6       6      24     185      12      29            20.66667             3.00000             2.24319             0.23571             1.66336             0.34164           849.92429             3.95895             1.53921       1       4
   10000       2       1       1       1      10     465       6       6      25     175      11      20            20.54545             3.09091             2.21379             0.23462             1.67114             0.33883           846.98345             3.88707             1.48536       3       6
   10000       2       1       1       1      10     465       6       6      26     159      10      18            20.80000             3.10000             2.20791             0.23143             1.66100             0.34330           845.44331             3.86957             1.51324       3       2
   10000       2       1       1       1      10     465       6       6      27     149       9      16            20.66667             3.22222             2.13498             0.23996             1.69000             0.35776           943.36127             3.86294             1.37882       1       5
   10000       2       1       1       1      10     465       6       6      28     134       8      23            19.62500             3.12500             2.11686             0.25186             1.65043             0.37107           995.46704             3.91375             1.27521       4       3
   10000       2       1       1       1      10     465       6       6      29     126       7       8            21.28571             3.42857             2.17522             0.21693             1.74335             0.34245           790.71670             3.90856             1.31453       1       6
   10000       2       1       1       1      10     465       6       6      30     108       6      24            20.16667             3.50000             2.18359             0.22991             1.75550             0.35223           825.02687             3.94724             1.22170       5       2
   10000       2       1       1       1      10     465       6       6      31      94       5      23            19.00000             3.60000             2.12801             0.23950             1.76660             0.33177           911.16685             4.01022             1.02361       6       4
   10000       2       1       1       1      10     465       6       6      32      77       4      16            19.50000             3.50000             2.11149             0.23062             1.77068             0.33649           803.44650             4.22139             1.02951       6       5
   10000       2       1       1       1      10     465       6       6      33      59       3      19            19.66667             3.66667             2.07848             0.22562             1.80535             0.31902           774.48799             4.28947             1.00000       4       4
   10000       2       1       1       1      10     465       6       6      34      42       2      17            21.00000             4.00000             2.20595             0.22446             1.92677             0.35354           650.66292             4.46760             1.00000       2       4
   10000       2       1       1       1      10     465       6       6      35      23       1      19            23.00000             4.00000             2.04348             0.18577             1.90909             0.31818           538.82198             4.24445             1.00000       5       1
   10000       2       1       1       1      10     465       6       6      36       0       0      23             0.00000             0.00000             0.00000             0.00000             0.00000             0.00000             0.00000             0.00000             0.00000       4       6
