   10000       2       1       2      12       8     467       6       6       0     467      36       0            20.41667             3.19444             2.11294             0.23015             1.72272             0.31714           954.81457             3.61434             2.49732       0       0
   10000       2       1       2      12       8     467       6       6       1     459      35      19            20.37143             3.17143             2.12440             0.23188             1.71063             0.31991           954.52279             3.63289             2.42490       2       2
   10000       2       1       2      12       8     467       6       6       2     440      34      26            20.17647             3.08824             2.10850             0.23689             1.69240             0.30977          1041.49494             3.64235             2.41634       1       5
   10000       2       1       2      12       8     467       6       6       3     429      33      22            20.30303             3.03030             2.08148             0.23379             1.68187             0.30549          1048.48985             3.64402             2.37862       4       2
   10000       2       1       2      12       8     467       6       6       4     415      32      22            20.65625             3.06250             2.10672             0.23606             1.67554             0.30194          1046.61830             3.63654             2.41647       4       4
   10000       2       1       2      12       8     467       6       6       5     401      31      27            20.38710             3.00000             2.06615             0.23629             1.64754             0.30442          1076.20479             3.64058             2.37371       3       1
   10000       2       1       2      12       8     467       6       6       6     380      30      26            20.20000             3.00000             2.05091             0.23768             1.66193             0.30208          1093.74251             3.62132             2.36737       6       4
   10000       2       1       2      12       8     467       6       6       7     372      29      14            20.51724             3.03448             2.06353             0.23547             1.64899             0.31818          1098.27845             3.58445             2.37562       6       5
   10000       2       1       2      12       8     467       6       6       8     361      28      22            20.39286             2.96429             2.04574             0.23477             1.64213             0.31369          1103.64731             3.57810             2.31617       1       2
   10000       2       1       2      12       8     467       6       6       9     344      27      20            20.29630             3.00000             2.04493             0.23216             1.63880             0.30754          1077.33059             3.57939             2.29574       3       6
   10000       2       1       2      12       8     467       6       6      10     335      26      22            20.15385             2.96154             2.04099             0.23594             1.62733             0.31403          1103.20906             3.60078             2.22056       5       6
   10000       2       1       2      12       8     467       6       6      11     333      25       6            20.84000             3.08000             2.05489             0.22353             1.65865             0.31287           976.87674             3.61680             2.19880       1       6
   10000       2       1       2      12       8     467       6       6      12     317      24      22            20.70833             3.00000             2.03417             0.22292             1.64662             0.31097           987.16375             3.64025             2.19108       5       4
   10000       2       1       2      12       8     467       6       6      13     301      23      27            20.43478             2.95652             2.03968             0.22711             1.64638             0.31548           997.12302             3.67768             2.13051       3       5
   10000       2       1       2      12       8     467       6       6      14     291      22      10            20.86364             3.00000             2.05831             0.22147             1.66447             0.30743           956.55266             3.63423             2.17744       6       6
   10000       2       1       2      12       8     467       6       6      15     276      21      14            20.66667             2.90476             2.08431             0.22455             1.65143             0.32751           946.77332             3.59992             2.14822       3       4
   10000       2       1       2      12       8     467       6       6      16     262      20      22            20.45000             3.00000             2.05737             0.22529             1.66572             0.32007           955.05213             3.62958             2.13974       2       1
   10000       2       1       2      12       8     467       6       6      17     252      19      17            20.57895             3.00000             2.03937             0.22141             1.68742             0.31451           939.39026             3.63756             2.10760       6       1
   10000       2       1       2      12       8     467       6       6      18     240      18      12            21.00000             3.05556             2.04291             0.21507             1.70414             0.30295           908.66341             3.66063             2.16096       1       1
   10000       2       1       2      12       8     467       6       6      19     227      17      16            21.35294             3.00000             2.03927             0.20677             1.72252             0.30697           875.22174             3.65252             2.18231       3       2
   10000       2       1       2      12       8     467       6       6      20     211      16      24            20.68750             3.12500             1.99475             0.21190             1.74397             0.29846           926.51533             3.64102             2.11290       3       3
   10000       2       1       2      12       8     467       6       6      21     198      15      25            20.20000             3.06667             1.97668             0.21460             1.71417             0.29769           953.68362             3.63832             2.04028       6       2
   10000       2       1       2      12       8     467       6       6      22     187      14      20            20.07143             3.07143             1.95588             0.21579             1.71827             0.29138           999.62876             3.59242             1.92189       2       4
   10000       2       1       2      12       8     467       6       6      23     180      13      12            20.61538             2.84615             2.00436             0.21414             1.63728             0.30002           974.81093             3.60161             1.87054       4       3
   10000       2       1       2      12       8     467       6       6      24     162      12      27            19.75000             2.83333             1.99682             0.22833             1.63151             0.31330          1047.89230             3.59827             1.77231       5       1
   10000       2       1       2      12       8     467       6       6      25     146      11      25            19.00000             2.90909             1.99074             0.23391             1.62406             0.31267          1057.37878             3.58206             1.68372       1       4
   10000       2       1       2      12       8     467       6       6      26     132      10      21            18.30000             3.00000             1.97992             0.23876             1.66439             0.30769          1065.81226             3.56158             1.61209       5       5
   10000       2       1       2      12       8     467       6       6      27     123       9       9            19.33333             3.00000             2.03458             0.22472             1.66876             0.28632           972.88551             3.53958             1.68011       4       1
   10000       2       1       2      12       8     467       6       6      28     121       8      10            20.50000             3.12500             2.16016             0.22350             1.73517             0.29433           925.07877             3.32901             1.59151       2       3
   10000       2       1       2      12       8     467       6       6      29     104       7      17            21.00000             3.14286             2.17463             0.21866             1.72413             0.30960           938.90874             3.20858             1.67601       1       3
   10000       2       1       2      12       8     467       6       6      30      95       6      17            21.00000             2.83333             2.21853             0.22123             1.74829             0.34661           919.46852             3.22534             1.58034       4       6
