   10000       2       1       2      11      10     504       6       6       0     504      36       0            21.11111             2.88889             2.22961             0.22955             1.55904             0.32370           873.83775             3.92412             2.46365       0       0
   10000       2       1       2      11      10     504       6       6       1     485      35      21            21.22857             2.82857             2.25951             0.23072             1.55328             0.33757           857.86060             3.91143             2.46861       3       3
   10000       2       1       2      11      10     504       6       6       2     471      34      23            21.23529             2.82353             2.24567             0.22925             1.54125             0.33603           857.62362             3.88712             2.44840       1       3
   10000       2       1       2      11      10     504       6       6       3     455      33      24            21.21212             2.81818             2.24401             0.22820             1.53193             0.31706           856.10633             3.88107             2.39763       5       2
   10000       2       1       2      11      10     504       6       6       4     449      32      15            21.15625             2.81250             2.22970             0.23062             1.53542             0.31257           890.20203             3.82230             2.34175       1       2
   10000       2       1       2      11      10     504       6       6       5     436      31      24            21.03226             2.83871             2.23569             0.23346             1.54577             0.31075           893.96820             3.84642             2.29906       2       6
   10000       2       1       2      11      10     504       6       6       6     423      30      24            21.03333             2.83333             2.23293             0.23387             1.54364             0.31632           898.87753             3.82122             2.28377       5       6
   10000       2       1       2      11      10     504       6       6       7     416      29      15            21.27586             2.79310             2.20072             0.22422             1.53032             0.29951           902.19788             3.76497             2.24719       2       5
   10000       2       1       2      11      10     504       6       6       8     398      28      24            21.28571             2.92857             2.20841             0.22559             1.55315             0.31381           904.22949             3.73396             2.22918       2       3
   10000       2       1       2      11      10     504       6       6       9     387      27      24            21.11111             2.92593             2.18481             0.22440             1.54368             0.30095           912.36730             3.70251             2.17955       1       5
   10000       2       1       2      11      10     504       6       6      10     372      26      19            21.50000             2.84615             2.22995             0.22703             1.54309             0.31363           883.11127             3.68075             2.18954       5       4
   10000       2       1       2      11      10     504       6       6      11     364      25      14            21.52000             2.88000             2.23576             0.22972             1.57958             0.32977           891.83886             3.68105             2.08812       3       2
   10000       2       1       2      11      10     504       6       6      12     353      24      17            21.75000             2.83333             2.22603             0.22210             1.57209             0.32809           867.53428             3.68790             2.02142       4       4
   10000       2       1       2      11      10     504       6       6      13     340      23      27            21.47826             2.86957             2.22867             0.22632             1.58677             0.33408           884.74960             3.68418             1.94420       6       5
   10000       2       1       2      11      10     504       6       6      14     329      22      16            21.40909             2.86364             2.20953             0.23209             1.57581             0.33037           921.37184             3.70711             1.90229       4       3
   10000       2       1       2      11      10     504       6       6      15     312      21      20            21.42857             2.85714             2.20496             0.23222             1.56268             0.32369           915.15433             3.70371             1.91739       4       2
   10000       2       1       2      11      10     504       6       6      16     299      20      26            21.55000             2.90000             2.22905             0.23382             1.56809             0.32396           911.77768             3.70110             1.90065       4       5
   10000       2       1       2      11      10     504       6       6      17     279      19      23            20.73684             2.94737             2.15908             0.26526             1.57131             0.30816          1377.00550             3.91442             1.73588       6       3
   10000       2       1       2      11      10     504       6       6      18     265      18      24            20.50000             3.00000             2.10521             0.26537             1.60374             0.28764          1407.62442             3.95152             1.68229       3       6
   10000       2       1       2      11      10     504       6       6      19     244      17      24            20.17647             2.94118             2.09851             0.27341             1.62497             0.28825          1445.62625             4.04421             1.64900       5       1
   10000       2       1       2      11      10     504       6       6      20     242      16       2            21.25000             3.06250             2.18091             0.22641             1.66466             0.30460           886.44690             3.80593             1.68596       5       3
   10000       2       1       2      11      10     504       6       6      21     229      15      21            21.00000             3.06667             2.14592             0.22712             1.63090             0.29647           902.62846             3.87187             1.64360       4       1
   10000       2       1       2      11      10     504       6       6      22     216      14      12            21.57143             3.14286             2.14317             0.21505             1.66203             0.30765           849.41682             3.86609             1.69172       6       6
   10000       2       1       2      11      10     504       6       6      23     212      13      22            21.38462             3.23077             2.17101             0.21970             1.70424             0.29563           867.48609             3.81488             1.54154       2       4
   10000       2       1       2      11      10     504       6       6      24     197      12      20            21.33333             3.25000             2.21315             0.22309             1.72144             0.29914           865.04963             3.81994             1.49204       3       1
   10000       2       1       2      11      10     504       6       6      25     187      11      17            21.54545             3.18182             2.23373             0.22157             1.72003             0.29369           863.42835             3.81489             1.41444       2       2
   10000       2       1       2      11      10     504       6       6      26     170      10      25            20.20000             3.10000             2.19657             0.23342             1.70881             0.29413           937.64792             3.86782             1.30982       3       5
   10000       2       1       2      11      10     504       6       6      27     158       9      15            20.77778             3.00000             2.23053             0.22982             1.67091             0.28978           914.72267             3.72775             1.30456       3       4
   10000       2       1       2      11      10     504       6       6      28     145       8      14            21.62500             3.00000             2.26328             0.22104             1.69708             0.30677           846.90025             3.66332             1.32707       1       6
   10000       2       1       2      11      10     504       6       6      29     129       7      22            20.85714             3.14286             2.26192             0.23226             1.70142             0.31182           898.61918             3.65493             1.22039       1       1
   10000       2       1       2      11      10     504       6       6      30     110       6      20            21.00000             3.33333             2.27224             0.23237             1.74815             0.30238           881.45850             3.67424             1.24041       6       4
