   10000       2       1       2       2       8     504       6       6       0     504      36       0            21.11111             2.88889             2.22961             0.22955             1.55904             0.32370           873.83773             3.92412             2.46365       0       0
   10000       2       1       2       2       8     504       6       6       1     486      35      26            20.94286             2.85714             2.23063             0.23145             1.55989             0.32261           878.92793             3.94712             2.45293       6       1
   10000       2       1       2       2       8     504       6       6       2     481      34      17            21.08824             2.85294             2.22468             0.23019             1.56044             0.31565           885.32818             3.92721             2.37444       1       2
   10000       2       1       2       2       8     504       6       6       3     469      33      21            21.30303             2.90909             2.23249             0.22889             1.56942             0.31788           874.59986             3.90847             2.36403       5       4
   10000       2       1       2       2       8     504       6       6       4     467      32       8            22.00000             2.96875             2.23908             0.21966             1.58915             0.32240           839.19466             3.83575             2.34037       5       3
   10000       2       1       2       2       8     504       6       6       5     448      31      24            21.83871             2.93548             2.26859             0.22514             1.59409             0.31982           845.41297             3.82107             2.30749       3       1
   10000       2       1       2       2       8     504       6       6       6     433      30      23            21.90000             2.86667             2.25884             0.22257             1.59592             0.32105           844.02740             3.82128             2.30847       5       5
   10000       2       1       2       2       8     504       6       6       7     411      29      27            21.65517             2.86207             2.24173             0.22416             1.59914             0.32375           857.40060             3.82798             2.31443       6       2
   10000       2       1       2       2       8     504       6       6       8     396      28      21            21.71429             2.92857             2.24760             0.22463             1.60727             0.32991           855.06443             3.84182             2.28151       3       6
   10000       2       1       2       2       8     504       6       6       9     388      27      20            22.25926             2.92593             2.22083             0.21820             1.60666             0.32053           855.12203             3.80378             2.24839       2       5
   10000       2       1       2       2       8     504       6       6      10     374      26      21            22.03846             2.88462             2.22507             0.22101             1.60947             0.32373           860.81354             3.82500             2.22430       6       6
   10000       2       1       2       2       8     504       6       6      11     356      25      21            22.00000             2.88000             2.24558             0.22285             1.61272             0.32860           859.22178             3.81782             2.24344       6       5
   10000       2       1       2       2       8     504       6       6      12     342      24      22            22.04167             2.83333             2.23520             0.21878             1.59888             0.32617           847.91498             3.77365             2.23433       1       3
   10000       2       1       2       2       8     504       6       6      13     325      23      28            21.60870             2.82609             2.21373             0.22161             1.58478             0.32587           863.67629             3.81400             2.19923       4       6
   10000       2       1       2       2       8     504       6       6      14     309      22      23            21.22727             2.86364             2.19708             0.22540             1.59642             0.32388           888.65501             3.85362             2.19132       6       4
   10000       2       1       2       2       8     504       6       6      15     296      21      20            21.14286             2.90476             2.19212             0.22474             1.58390             0.31191           893.33704             3.88206             2.14718       5       2
   10000       2       1       2       2       8     504       6       6      16     280      20      21            20.90000             2.95000             2.19172             0.22718             1.59518             0.31834           904.96923             3.88395             2.14845       1       1
   10000       2       1       2       2       8     504       6       6      17     268      19      21            20.73684             3.00000             2.19993             0.22805             1.58795             0.30851           907.06651             3.84868             2.06514       1       5
   10000       2       1       2       2       8     504       6       6      18     255      18      13            21.16667             2.94444             2.23294             0.22586             1.58158             0.31718           874.00963             3.82715             2.12431       6       3
   10000       2       1       2       2       8     504       6       6      19     238      17      24            20.52941             3.05882             2.21178             0.23657             1.59340             0.31427           921.08782             3.80095             2.08222       1       4
   10000       2       1       2       2       8     504       6       6      20     225      16      22            20.50000             3.18750             2.21403             0.23632             1.61915             0.31230           925.04097             3.80456             2.07155       3       5
   10000       2       1       2       2       8     504       6       6      21     213      15      18            20.13333             3.20000             2.21485             0.24151             1.64765             0.31719           943.64830             3.79594             2.05059       1       6
   10000       2       1       2       2       8     504       6       6      22     198      14      19            19.92857             3.21429             2.15826             0.23899             1.64661             0.31784           955.51510             3.81551             2.04340       4       5
   10000       2       1       2       2       8     504       6       6      23     180      13      17            20.07692             3.23077             2.14880             0.23621             1.65712             0.34489           959.55857             3.74036             2.12195       5       6
   10000       2       1       2       2       8     504       6       6      24     167      12      23            19.33333             3.33333             2.12650             0.24304             1.67218             0.32428          1008.04793             3.80301             2.01808       4       1
   10000       2       1       2       2       8     504       6       6      25     151      11      17            19.54545             3.36364             2.11127             0.23906             1.66511             0.31812           976.33962             3.83445             2.09668       2       6
   10000       2       1       2       2       8     504       6       6      26     135      10      20            18.90000             3.20000             2.05761             0.24241             1.61616             0.30942          1001.30352             3.92325             2.06437       2       1
   10000       2       1       2       2       8     504       6       6      27     117       9      18            19.00000             3.22222             2.05094             0.24160             1.60619             0.30894           962.67914             4.07464             2.18264       5       1
   10000       2       1       2       2       8     504       6       6      28     100       8      25            18.87500             3.25000             2.09517             0.24468             1.62446             0.34134           954.54802             3.97516             2.20683       2       3
   10000       2       1       2       2       8     504       6       6      29      92       7      13            19.71429             3.28571             2.12059             0.23214             1.62891             0.33982           907.74217             3.85372             2.15516       2       4
   10000       2       1       2       2       8     504       6       6      30      78       6      17            19.33333             3.33333             2.09998             0.24059             1.63585             0.31956           963.58525             3.79704             2.11801       2       2
