   10000       2       1       2       3      11     525       6       6       0     525      36       0            21.69444             2.91667             2.24134             0.22026             1.60306             0.30909           825.34604             4.00950             2.38234       0       0
   10000       2       1       2       3      11     525       6       6       1     508      35      28            21.54286             2.94286             2.23620             0.22115             1.59898             0.30174           828.70133             4.00151             2.36576       6       4
   10000       2       1       2       3      11     525       6       6       2     486      34      29            21.29412             2.94118             2.23514             0.22419             1.59434             0.29793           837.20484             4.01217             2.33273       5       3
   10000       2       1       2       3      11     525       6       6       3     476      33      28            21.18182             2.93939             2.20702             0.22325             1.58898             0.29860           846.88469             4.01944             2.29782       6       2
   10000       2       1       2       3      11     525       6       6       4     462      32      29            20.84375             2.93750             2.19870             0.22640             1.59062             0.29485           861.42756             4.04789             2.24240       5       1
   10000       2       1       2       3      11     525       6       6       5     451      31      29            20.93548             2.90323             2.17575             0.22316             1.58587             0.28954           853.30509             4.08099             2.21539       4       2
   10000       2       1       2       3      11     525       6       6       6     434      30      28            20.90000             2.90000             2.21977             0.22845             1.58533             0.30158           863.59224             4.03485             2.17130       2       2
   10000       2       1       2       3      11     525       6       6       7     419      29      27            20.72414             2.96552             2.20167             0.22941             1.59858             0.27854           867.61735             4.05349             2.10598       3       3
   10000       2       1       2       3      11     525       6       6       8     409      28      27            20.46429             2.96429             2.18289             0.23081             1.59954             0.27378           879.51686             4.07433             2.02132       4       4
   10000       2       1       2       3      11     525       6       6       9     393      27      26            20.40741             3.07407             2.20371             0.23470             1.60622             0.26959           890.24489             4.07752             1.97793       2       4
   10000       2       1       2       3      11     525       6       6      10     382      26      26            20.19231             3.00000             2.17642             0.23606             1.58137             0.27042           903.38370             4.09003             1.91507       3       1
   10000       2       1       2       3      11     525       6       6      11     363      25      25            19.84000             3.00000             2.16088             0.24047             1.57645             0.27199           942.49871             4.09728             1.87593       6       5
   10000       2       1       2       3      11     525       6       6      12     344      24      24            19.83333             3.04167             2.16383             0.24109             1.58166             0.27176           943.44515             4.06685             1.85924       3       6
   10000       2       1       2       3      11     525       6       6      13     328      23      24            19.82609             3.00000             2.13423             0.24507             1.56753             0.26609          1013.40912             4.07168             1.78661       5       6
   10000       2       1       2       3      11     525       6       6      14     318      22      26            19.27273             3.00000             2.12572             0.25073             1.55843             0.27108          1048.12774             4.07768             1.65127       4       5
   10000       2       1       2       3      11     525       6       6      15     305      21      24            19.09524             3.00000             2.12044             0.25348             1.55448             0.26620          1059.21026             4.05553             1.61305       3       4
   10000       2       1       2       3      11     525       6       6      16     296      20      26            19.10000             2.95000             2.10374             0.25299             1.54736             0.25325          1074.64017             3.99937             1.54555       2       5
   10000       2       1       2       3      11     525       6       6      17     279      19      21            18.68421             2.94737             2.12795             0.25863             1.54342             0.27103          1083.40926             4.01948             1.50089       2       1
   10000       2       1       2       3      11     525       6       6      18     264      18      20            18.44444             2.88889             2.10586             0.25847             1.53083             0.27526          1100.66700             4.02749             1.46893       2       3
   10000       2       1       2       3      11     525       6       6      19     253      17      19            18.29412             2.82353             2.07928             0.25851             1.51539             0.25996          1127.72119             4.06201             1.42923       5       4
   10000       2       1       2       3      11     525       6       6      20     235      16      18            18.31250             2.81250             2.07506             0.25901             1.52554             0.24816          1156.99226             3.96611             1.45606       3       5
   10000       2       1       2       3      11     525       6       6      21     222      15      18            18.13333             2.86667             2.10418             0.26536             1.53671             0.26214          1189.16526             3.92125             1.41622       2       6
   10000       2       1       2       3      11     525       6       6      22     205      14      18            18.14286             2.78571             2.08273             0.26436             1.53303             0.25721          1217.55863             3.90449             1.42695       4       1
   10000       2       1       2       3      11     525       6       6      23     188      13      17            18.23077             2.84615             2.06194             0.26207             1.55000             0.25296          1229.68930             3.90792             1.45979       6       1
   10000       2       1       2       3      11     525       6       6      24     171      12      17            18.33333             2.75000             2.08181             0.26492             1.53854             0.26362          1249.16379             3.88369             1.49811       6       3
   10000       2       1       2       3      11     525       6       6      25     155      11      16            18.54545             2.72727             2.11116             0.26807             1.50871             0.26941          1231.49040             3.89226             1.54339       5       5
   10000       2       1       2       3      11     525       6       6      26     141      10      15            18.90000             2.60000             2.11377             0.26437             1.48101             0.28921          1238.64921             3.92770             1.58289       4       3
   10000       2       1       2       3      11     525       6       6      27     126       9      15            19.33333             2.55556             2.15121             0.26579             1.47890             0.29753          1216.78252             4.01333             1.64766       4       6
   10000       2       1       2       3      11     525       6       6      28     112       8      14            20.00000             2.50000             2.20136             0.26572             1.46183             0.31549          1195.79648             4.03771             1.72861       5       2
   10000       2       1       2       3      11     525       6       6      29      98       7      14            20.85714             2.42857             2.26584             0.26562             1.43990             0.32759          1249.37525             3.92503             1.83270       3       2
   10000       2       1       2       3      11     525       6       6      30      93       6       5            23.50000             2.66667             2.48872             0.22744             1.51321             0.34053           816.15402             3.68592             1.97149       6       6
