   10000       2       2       2       3       1     514       6       6       0     514      36       0            21.69444             3.13889             2.30008             0.22645             1.65036             0.33603           860.60524             3.60649             2.37765       0       0
   10000       2       2       2       3       1     514       6       6       1     499      35      25            21.91429             3.22857             2.29861             0.22390             1.66692             0.33308           854.82638             3.59368             2.36983       2       3
   10000       2       2       2       3       1     514       6       6       2     487      34      23            22.47059             3.17647             2.32657             0.22084             1.68599             0.33725           831.88313             3.61446             2.40963       5       2
   10000       2       2       2       3       1     514       6       6       3     471      33      27            22.51515             3.21212             2.32546             0.22007             1.70455             0.34265           833.50350             3.61171             2.40200       6       3
   10000       2       2       2       3       1     514       6       6       4     461      32      26            22.81250             3.34375             2.32150             0.21700             1.72670             0.35433           822.53712             3.61884             2.37302       3       3
   10000       2       2       2       3       1     514       6       6       5     448      31      21            23.09677             3.29032             2.34678             0.21647             1.73069             0.36786           817.06844             3.63797             2.38633       2       6
   10000       2       2       2       3       1     514       6       6       6     438      30      22            23.40000             3.36667             2.33832             0.21260             1.76531             0.37697           803.73325             3.64914             2.39081       6       4
   10000       2       2       2       3       1     514       6       6       7     424      29      30            23.72414             3.31034             2.35693             0.21124             1.75581             0.38564           789.52235             3.65118             2.39104       3       5
   10000       2       2       2       3       1     514       6       6       8     405      28      25            24.03571             3.25000             2.37668             0.21208             1.72995             0.38600           785.06764             3.64946             2.41340       4       4
   10000       2       2       2       3       1     514       6       6       9     398      27      18            24.18519             3.18519             2.37944             0.21145             1.72586             0.38977           786.97738             3.63886             2.35566       5       3
   10000       2       2       2       3       1     514       6       6      10     384      26      23            24.34615             3.11538             2.41993             0.21350             1.73088             0.40093           774.38506             3.65821             2.34057       5       6
   10000       2       2       2       3       1     514       6       6      11     374      25      29            24.56000             3.16000             2.40574             0.21042             1.74093             0.39536           760.49710             3.67862             2.32111       5       1
   10000       2       2       2       3       1     514       6       6      12     356      24      29            24.58333             3.08333             2.42561             0.21115             1.74731             0.38896           763.62360             3.65690             2.33530       4       5
   10000       2       2       2       3       1     514       6       6      13     341      23      25            25.08696             3.04348             2.46217             0.21071             1.76264             0.40104           745.10065             3.66446             2.32233       3       2
   10000       2       2       2       3       1     514       6       6      14     327      22      31            24.68182             3.09091             2.42262             0.21095             1.75635             0.38837           765.57444             3.67127             2.28539       6       2
   10000       2       2       2       3       1     514       6       6      15     311      21      40            24.33333             3.19048             2.40654             0.21090             1.78624             0.38431           770.61993             3.68279             2.23305       2       4
   10000       2       2       2       3       1     514       6       6      16     296      20      34            24.55000             3.30000             2.37059             0.20529             1.79380             0.38910           757.77895             3.72896             2.20495       2       1
   10000       2       2       2       3       1     514       6       6      17     283      19      16            24.84211             3.26316             2.38052             0.20287             1.79016             0.40414           745.90757             3.71049             2.22739       6       1
   10000       2       2       2       3       1     514       6       6      18     266      18      30            24.61111             3.38889             2.36318             0.20330             1.81675             0.40754           758.91285             3.70924             2.18009       6       5
   10000       2       2       2       3       1     514       6       6      19     255      17      31            23.94118             3.35294             2.32926             0.20717             1.79358             0.40426           779.16592             3.70918             2.08137       5       5
   10000       2       2       2       3       1     514       6       6      20     248      16      31            23.75000             3.37500             2.37281             0.21212             1.78943             0.39066           792.32297             3.72903             1.98940       4       2
   10000       2       2       2       3       1     514       6       6      21     240      15      24            23.46667             3.33333             2.31634             0.20988             1.78483             0.39042           799.32852             3.76241             1.93798       3       1
   10000       2       2       2       3       1     514       6       6      22     226      14      26            22.71429             3.35714             2.28570             0.21446             1.76176             0.37850           830.76009             3.74611             1.80518       2       5
   10000       2       2       2       3       1     514       6       6      23     219      13      18            22.61538             3.38462             2.31469             0.22012             1.77168             0.36663           827.78820             3.77535             1.65850       3       6
   10000       2       2       2       3       1     514       6       6      24     206      12      17            23.00000             3.41667             2.28006             0.21245             1.76616             0.36136           846.03455             3.64551             1.65203       5       4
   10000       2       2       2       3       1     514       6       6      25     194      11      14            23.81818             3.45455             2.31201             0.20479             1.76588             0.37323           807.04693             3.59894             1.68875       4       6
   10000       2       2       2       3       1     514       6       6      26     172      10      32            22.90000             3.50000             2.25492             0.20785             1.75569             0.36432           838.13826             3.59735             1.66260       4       3
   10000       2       2       2       3       1     514       6       6      27     147       9      26            22.55556             3.44444             2.19616             0.20601             1.73743             0.35608           851.91731             3.61162             1.72751       4       1
   10000       2       2       2       3       1     514       6       6      28     136       8      19            22.37500             3.37500             2.19701             0.20711             1.73451             0.34738           847.06953             3.65898             1.61136       2       2
   10000       2       2       2       3       1     514       6       6      29     116       7      20            22.71429             3.42857             2.19193             0.20333             1.74792             0.32339           825.57202             3.61686             1.69869       6       6
   10000       2       2       2       3       1     514       6       6      30      98       6      24            22.50000             3.16667             2.23086             0.20884             1.70590             0.34830           806.20306             3.61660             1.72861       3       4
