   10000       2       2       1       1       4     487       6       6       0     487      36       0            20.66667             3.16667             2.25710             0.23799             1.67006             0.35268           950.26692             3.56068             2.38376       0       0
   10000       2       2       1       1       4     487       6       6       1     477      35      18            21.34286             3.22857             2.31507             0.23610             1.69815             0.35867           909.87329             3.55825             2.44468       4       5
   10000       2       2       1       1       4     487       6       6       2     466      34      18            21.47059             3.20588             2.31074             0.23262             1.70608             0.35138           886.47112             3.56010             2.42830       6       4
   10000       2       2       1       1       4     487       6       6       3     452      33      20            21.66667             3.24242             2.32626             0.23270             1.70475             0.36024           876.32335             3.57383             2.42806       5       6
   10000       2       2       1       1       4     487       6       6       4     433      32      24            22.37500             3.34375             2.34959             0.22794             1.73708             0.37854           832.45498             3.59248             2.55487       5       2
   10000       2       2       1       1       4     487       6       6       5     424      31      25            22.48387             3.32258             2.33134             0.22538             1.73443             0.37536           830.27750             3.61437             2.54140       6       2
   10000       2       2       1       1       4     487       6       6       6     411      30      28            22.23333             3.36667             2.29169             0.22353             1.74262             0.35217           847.65202             3.63704             2.45869       6       5
   10000       2       2       1       1       4     487       6       6       7     399      29      20            22.13793             3.34483             2.29804             0.22499             1.75613             0.35611           853.16964             3.62898             2.42177       1       6
   10000       2       2       1       1       4     487       6       6       8     384      28      23            22.60714             3.42857             2.32067             0.22259             1.76596             0.35682           837.61219             3.62918             2.46988       4       3
   10000       2       2       1       1       4     487       6       6       9     376      27      21            22.59259             3.37037             2.33645             0.22413             1.76464             0.36672           839.06449             3.62126             2.42524       6       1
   10000       2       2       1       1       4     487       6       6      10     361      26      34            23.26923             3.50000             2.34556             0.21681             1.78324             0.36720           809.72524             3.61003             2.45864       2       1
   10000       2       2       1       1       4     487       6       6      11     345      25      21            23.32000             3.52000             2.30327             0.21268             1.82754             0.36672           810.38276             3.61403             2.47461       1       5
   10000       2       2       1       1       4     487       6       6      12     333      24      23            23.29167             3.54167             2.32449             0.21568             1.84055             0.38243           802.86367             3.67223             2.44196       1       3
   10000       2       2       1       1       4     487       6       6      13     316      23      28            23.17391             3.47826             2.33809             0.21853             1.84218             0.39296           805.14292             3.69265             2.40532       4       2
   10000       2       2       1       1       4     487       6       6      14     304      22      19            23.40909             3.45455             2.36592             0.21985             1.83034             0.39326           808.49744             3.66636             2.38751       2       6
   10000       2       2       1       1       4     487       6       6      15     298      21      11            23.95238             3.47619             2.39566             0.21499             1.84275             0.40565           788.32122             3.62698             2.41006       6       6
   10000       2       2       1       1       4     487       6       6      16     283      20      26            24.00000             3.40000             2.42673             0.21751             1.81572             0.41306           787.05497             3.63826             2.40475       5       5
   10000       2       2       1       1       4     487       6       6      17     276      19      26            23.57895             3.36842             2.41036             0.22020             1.86307             0.42231           805.28564             3.67148             2.30446       5       3
   10000       2       2       1       1       4     487       6       6      18     264      18      38            23.27778             3.27778             2.41228             0.22190             1.84870             0.43555           804.37417             3.72214             2.20759       3       2
   10000       2       2       1       1       4     487       6       6      19     252      17      15            23.52941             3.41176             2.40517             0.21724             1.86231             0.44923           787.35037             3.72400             2.20060       2       5
   10000       2       2       1       1       4     487       6       6      20     246      16      21            23.50000             3.43750             2.40329             0.21803             1.89106             0.44440           803.37696             3.66301             2.05742       1       2
   10000       2       2       1       1       4     487       6       6      21     232      15      21            23.53333             3.40000             2.38967             0.21685             1.88897             0.44773           792.48470             3.70645             2.06931       6       3
   10000       2       2       1       1       4     487       6       6      22     225      14      21            23.85714             3.35714             2.38535             0.21325             1.88881             0.44395           791.38386             3.68492             2.01683       3       1
   10000       2       2       1       1       4     487       6       6      23     207      13      20            24.15385             3.46154             2.40576             0.21249             1.92350             0.44296           749.52310             3.73591             2.06271       2       4
   10000       2       2       1       1       4     487       6       6      24     202      12      20            24.58333             3.58333             2.37584             0.20570             1.96562             0.43000           745.53875             3.76786             1.98606       2       2
   10000       2       2       1       1       4     487       6       6      25     188      11      19            25.00000             3.54545             2.37955             0.20183             1.96249             0.43551           728.44365             3.71206             1.99282       1       1
   10000       2       2       1       1       4     487       6       6      26     178      10      22            25.50000             3.60000             2.33582             0.19462             1.97054             0.43362           726.97927             3.70266             1.96479       4       6
   10000       2       2       1       1       4     487       6       6      27     163       9      33            25.22222             3.55556             2.36251             0.19795             1.99748             0.45980           728.58156             3.70515             1.78643       3       3
   10000       2       2       1       1       4     487       6       6      28     142       8      30            24.25000             3.50000             2.28822             0.20018             2.01662             0.46699           752.28411             3.79721             1.71570       3       6
   10000       2       2       1       1       4     487       6       6      29     127       7      21            24.00000             3.71429             2.34565             0.20766             2.03375             0.45859           749.44672             3.75289             1.59315       3       5
   10000       2       2       1       1       4     487       6       6      30     110       6      23            23.83333             3.66667             2.28965             0.20446             2.01288             0.45219           747.65537             3.65384             1.52597       2       3
   10000       2       2       1       1       4     487       6       6      31      98       5      21            25.00000             3.20000             2.28404             0.19678             1.98666             0.48654           727.23674             3.68773             1.43531       3       4
   10000       2       2       1       1       4     487       6       6      32      87       4      27            24.75000             3.25000             2.34757             0.20575             1.97424             0.51454           717.66543             3.79352             1.28898       5       4
   10000       2       2       1       1       4     487       6       6      33      74       3      19            25.00000             3.33333             2.24735             0.19689             1.90000             0.45630           759.28600             3.93372             1.02619       4       1
   10000       2       2       1       1       4     487       6       6      34      56       2      18            28.50000             3.00000             2.39881             0.18095             1.85000             0.47857           647.55245             4.23847             1.03929       5       1
   10000       2       2       1       1       4     487       6       6      35      21       1      36            21.00000             3.00000             2.04762             0.20476             1.90000             0.30000           742.89691             4.64034             1.00000       4       4
   10000       2       2       1       1       4     487       6       6      36       0       0      21             0.00000             0.00000             0.00000             0.00000             0.00000             0.00000             0.00000             0.00000             0.00000       1       4
