   10000       2       1       2       9       9     496       6       6       0     496      36       0            21.13889             3.02778             2.22575             0.23036             1.59494             0.35659           936.79100             3.61014             2.41911       0       0
   10000       2       1       2       9       9     496       6       6       1     481      35      25            20.91429             3.02857             2.21351             0.23287             1.59557             0.35553           952.58652             3.60637             2.37131       1       5
   10000       2       1       2       9       9     496       6       6       2     468      34      17            20.97059             2.97059             2.23764             0.23474             1.58846             0.36652           942.76093             3.62219             2.38728       1       4
   10000       2       1       2       9       9     496       6       6       3     452      33      27            20.87879             2.96970             2.22269             0.23488             1.59100             0.36747           949.21182             3.63487             2.35710       4       6
   10000       2       1       2       9       9     496       6       6       4     441      32      22            21.03125             3.06250             2.23358             0.23457             1.61185             0.35466           935.00944             3.61024             2.29888       2       3
   10000       2       1       2       9       9     496       6       6       5     424      31      21            21.12903             3.06452             2.21954             0.23070             1.63071             0.36112           941.02107             3.53017             2.30276       2       5
   10000       2       1       2       9       9     496       6       6       6     410      30      25            20.76667             3.06667             2.18463             0.23219             1.62848             0.35706           958.46226             3.52652             2.26088       2       6
   10000       2       1       2       9       9     496       6       6       7     399      29      19            21.17241             3.06897             2.17958             0.22672             1.64079             0.34289           928.96433             3.53797             2.27131       5       4
   10000       2       1       2       9       9     496       6       6       8     390      28      20            21.28571             3.00000             2.20073             0.22857             1.61689             0.35054           938.01633             3.50205             2.21202       4       3
   10000       2       1       2       9       9     496       6       6       9     371      27      27            21.18519             3.00000             2.25903             0.23555             1.61146             0.35832           936.67114             3.52316             2.19184       6       2
   10000       2       1       2       9       9     496       6       6      10     355      26      28            21.00000             3.03846             2.24514             0.23650             1.63744             0.36789           940.86494             3.50582             2.13768       6       5
   10000       2       1       2       9       9     496       6       6      11     340      25      24            20.96000             3.00000             2.21119             0.23538             1.63099             0.36178           955.33786             3.49610             2.11816       3       1
   10000       2       1       2       9       9     496       6       6      12     328      24      18            20.75000             3.04167             2.18786             0.23891             1.63297             0.36217           984.58535             3.45549             2.07602       5       3
   10000       2       1       2       9       9     496       6       6      13     312      23      22            20.47826             3.04348             2.17867             0.24112             1.63960             0.36734          1002.83090             3.46272             2.06102       6       1
   10000       2       1       2       9       9     496       6       6      14     303      22      28            19.90909             3.00000             2.15207             0.24743             1.65707             0.35478          1045.36701             3.43776             1.88335       3       4
   10000       2       1       2       9       9     496       6       6      15     295      21      20            19.66667             3.04762             2.15141             0.25154             1.66045             0.34304          1058.19074             3.45143             1.81818       3       5
   10000       2       1       2       9       9     496       6       6      16     287      20      10            20.20000             3.15000             2.18633             0.24713             1.69735             0.35068           985.24155             3.48720             1.78349       2       1
   10000       2       1       2       9       9     496       6       6      17     275      19      19            20.52632             3.10526             2.16447             0.24481             1.68494             0.34332           978.24203             3.50310             1.72858       3       2
   10000       2       1       2       9       9     496       6       6      18     271      18      19            20.44444             3.11111             2.16566             0.24691             1.66265             0.34859           990.95007             3.49982             1.64817       4       5
   10000       2       1       2       9       9     496       6       6      19     261      17      16            20.47059             3.17647             2.19957             0.24997             1.68519             0.34354           978.00712             3.52161             1.56809       5       2
   10000       2       1       2       9       9     496       6       6      20     239      16      29            19.68750             3.12500             2.14412             0.25362             1.66704             0.33683          1011.89971             3.51931             1.52831       4       2
   10000       2       1       2       9       9     496       6       6      21     224      15      19            19.33333             3.06667             2.13610             0.25609             1.64710             0.33740          1012.22004             3.57384             1.48355       1       3
   10000       2       1       2       9       9     496       6       6      22     213      14      25            18.57143             3.21429             2.12949             0.26507             1.68031             0.30590          1039.09375             3.61034             1.37795       5       6
   10000       2       1       2       9       9     496       6       6      23     203      13      16            18.61538             3.23077             2.14054             0.27134             1.70264             0.30643          1062.70625             3.52433             1.31006       6       4
   10000       2       1       2       9       9     496       6       6      24     194      12      23            17.58333             3.25000             2.12996             0.28311             1.68530             0.32333          1090.38218             3.59774             1.15575       1       2
   10000       2       1       2       9       9     496       6       6      25     181      11      19            16.90909             3.18182             2.13504             0.29712             1.67063             0.32452          1120.85296             3.64525             1.05261       5       1
   10000       2       1       2       9       9     496       6       6      26     159      10      23            16.30000             3.20000             2.11221             0.30580             1.67861             0.32516          1134.27086             3.68759             1.04333       3       6
   10000       2       1       2       9       9     496       6       6      27     146       9      14            16.55556             3.33333             2.11674             0.30437             1.70272             0.34419          1151.55924             3.54373             1.03430       2       4
   10000       2       1       2       9       9     496       6       6      28     136       8      10            17.37500             3.37500             2.14383             0.28964             1.73501             0.31777          1137.14146             3.43569             1.03859       6       3
   10000       2       1       2       9       9     496       6       6      29     125       7      11            18.28571             3.42857             2.20334             0.28166             1.72573             0.32031          1114.28547             3.37950             1.04410       1       6
   10000       2       1       2       9       9     496       6       6      30     111       6      14            19.00000             3.33333             2.21342             0.27366             1.69283             0.33523          1071.96958             3.43331             1.05146       4       1
