   10000       2       1       1       1       9     525       6       6       0     525      36       0            21.69444             2.91667             2.24134             0.22026             1.60306             0.30909           825.34602             4.00950             2.38234       0       0
   10000       2       1       1       1       9     525       6       6       1     508      35      28            21.54286             2.94286             2.23400             0.22097             1.59898             0.30174           828.70359             4.00151             2.36576       6       4
   10000       2       1       1       1       9     525       6       6       2     490      34      25            21.32353             2.94118             2.22119             0.22337             1.59319             0.30318           855.54806             4.00435             2.33386       6       5
   10000       2       1       1       1       9     525       6       6       3     478      33      18            21.21212             2.93939             2.22465             0.22424             1.59351             0.30090           853.79670             4.01548             2.27423       5       2
   10000       2       1       1       1       9     525       6       6       4     460      32      20            21.50000             2.96875             2.23158             0.22246             1.62366             0.28477           840.79826             4.03356             2.30504       3       3
   10000       2       1       1       1       9     525       6       6       5     452      31      18            21.54839             2.90323             2.24289             0.22388             1.60483             0.29468           851.49344             3.99512             2.24506       3       2
   10000       2       1       1       1       9     525       6       6       6     441      30      21            21.66667             2.93333             2.24064             0.22293             1.60637             0.29581           849.03028             4.00044             2.18303       4       4
   10000       2       1       1       1       9     525       6       6       7     424      29      28            21.51724             2.89655             2.25346             0.22665             1.61278             0.29517           862.51065             4.00203             2.13544       4       1
   10000       2       1       1       1       9     525       6       6       8     406      28      23            21.39286             2.85714             2.25191             0.23373             1.59937             0.30105           926.14580             3.99956             2.08817       5       6
   10000       2       1       1       1       9     525       6       6       9     395      27      16            21.81481             2.88889             2.26197             0.23081             1.60221             0.30068           904.27366             4.02237             2.09560       4       6
   10000       2       1       1       1       9     525       6       6      10     383      26      21            21.84615             2.84615             2.27327             0.23188             1.59397             0.30657           906.62686             4.01842             2.07512       6       3
   10000       2       1       1       1       9     525       6       6      11     366      25      21            21.80000             2.88000             2.26914             0.23238             1.60328             0.31660           912.53760             4.01577             2.05736       1       6
   10000       2       1       1       1       9     525       6       6      12     350      24      25            21.66667             2.83333             2.23607             0.23140             1.60515             0.30395           922.98117             4.01215             2.02785       3       6
   10000       2       1       1       1       9     525       6       6      13     337      23      17            21.60870             2.91304             2.25329             0.23347             1.63178             0.31211           932.98649             3.97940             2.01169       2       6
   10000       2       1       1       1       9     525       6       6      14     323      22      24            21.90909             2.90909             2.26505             0.23354             1.63429             0.31050           927.97386             3.99790             1.99333       1       3
   10000       2       1       1       1       9     525       6       6      15     311      21      26            21.71429             2.90476             2.26388             0.23674             1.63828             0.30366           953.79558             3.93502             1.90815       3       5
   10000       2       1       1       1       9     525       6       6      16     306      20       5            22.55000             3.00000             2.31580             0.22249             1.67019             0.30396           809.00530             3.86378             1.95355       6       6
   10000       2       1       1       1       9     525       6       6      17     299      19      15            23.15789             3.05263             2.35946             0.22148             1.68902             0.29871           797.08508             3.86656             1.91443       1       2
   10000       2       1       1       1       9     525       6       6      18     283      18      21            23.05556             3.05556             2.35124             0.22166             1.68892             0.30230           796.47057             3.91162             1.90408       5       1
   10000       2       1       1       1       9     525       6       6      19     265      17      27            22.94118             3.00000             2.32127             0.21833             1.66328             0.29687           802.58867             3.85586             1.88917       2       2
   10000       2       1       1       1       9     525       6       6      20     249      16      22            22.68750             3.00000             2.34140             0.22138             1.67547             0.30460           800.93036             3.81744             1.85208       3       4
   10000       2       1       1       1       9     525       6       6      21     236      15      20            22.66667             2.93333             2.29661             0.21686             1.67147             0.30276           810.58288             3.84220             1.77597       5       4
   10000       2       1       1       1       9     525       6       6      22     220      14      22            22.57143             3.00000             2.31010             0.21860             1.66677             0.30725           825.56600             3.79294             1.71815       2       5
   10000       2       1       1       1       9     525       6       6      23     208      13      28            21.53846             2.92308             2.27687             0.22849             1.63634             0.30671           878.31518             3.84967             1.57838       2       1
   10000       2       1       1       1       9     525       6       6      24     196      12      25            20.83333             3.00000             2.25548             0.23593             1.64847             0.31415           921.38512             3.91113             1.46787       4       3
   10000       2       1       1       1       9     525       6       6      25     181      11      15            21.36364             3.00000             2.26246             0.22928             1.64078             0.31240           877.20334             3.93235             1.51041       4       2
   10000       2       1       1       1       9     525       6       6      26     167      10      20            21.00000             3.00000             2.24164             0.23182             1.65755             0.32248           911.37845             3.90386             1.45331       4       5
   10000       2       1       1       1       9     525       6       6      27     148       9      24            20.00000             3.11111             2.18154             0.23800             1.71860             0.30928           950.28919             3.91625             1.40579       6       1
   10000       2       1       1       1       9     525       6       6      28     129       8      19            20.12500             3.25000             2.17134             0.23632             1.75982             0.30627           895.09284             4.02151             1.45651       1       1
   10000       2       1       1       1       9     525       6       6      29     112       7      17            20.57143             3.28571             2.22191             0.23773             1.73444             0.32324           830.40263             4.03401             1.52173       5       5
   10000       2       1       1       1       9     525       6       6      30      97       6      14            21.50000             3.33333             2.21636             0.22080             1.72646             0.33743           764.59514             4.07951             1.61086       3       1
   10000       2       1       1       1       9     525       6       6      31      83       5      18            22.20000             3.40000             2.17233             0.20780             1.72992             0.32432           766.63425             4.10414             1.64387       6       2
   10000       2       1       1       1       9     525       6       6      32      64       4      23            21.00000             3.50000             2.06638             0.22156             1.79732             0.29605           850.39614             4.11728             1.57707       1       5
   10000       2       1       1       1       9     525       6       6      33      44       3      20            21.33333             3.33333             2.03851             0.21998             1.69467             0.27193           825.14042             4.25764             1.76942       5       3
   10000       2       1       1       1       9     525       6       6      34      32       2      15            21.50000             4.00000             2.07035             0.20216             1.85000             0.26905           691.09525             4.30714             1.53690       1       4
   10000       2       1       1       1       9     525       6       6      35      17       1      21            17.00000             5.00000             1.94118             0.24265             1.87500             0.25000           800.24610             4.51605             1.00000       2       3
   10000       2       1       1       1       9     525       6       6      36       0       0      17             0.00000             0.00000             0.00000             0.00000             0.00000             0.00000             0.00000             0.00000             0.00000       2       4
