   10000       2       1       2      11       4     502       6       6       0     502      36       0            21.30556             2.97222             2.18748             0.22435             1.60095             0.31844           871.56849             3.81060             2.43201       0       0
   10000       2       1       2      11       4     502       6       6       1     488      35      21            21.34286             2.97143             2.20249             0.22598             1.59754             0.31917           878.46146             3.78618             2.40180       5       2
   10000       2       1       2      11       4     502       6       6       2     476      34      23            21.52941             2.94118             2.18886             0.22345             1.60261             0.32674           874.01029             3.78140             2.40864       3       6
   10000       2       1       2      11       4     502       6       6       3     467      33      19            21.78788             2.87879             2.20215             0.22269             1.59065             0.32585           865.87650             3.79431             2.36743       4       3
   10000       2       1       2      11       4     502       6       6       4     454      32      21            22.28125             2.84375             2.27304             0.22464             1.58245             0.33934           851.92644             3.76941             2.37748       6       5
   10000       2       1       2      11       4     502       6       6       5     437      31      26            22.32258             2.87097             2.26020             0.22387             1.59000             0.33808           854.10725             3.77291             2.40613       1       6
   10000       2       1       2      11       4     502       6       6       6     429      30      14            22.20000             2.83333             2.26047             0.22474             1.57634             0.33643           858.63583             3.78041             2.30831       1       3
   10000       2       1       2      11       4     502       6       6       7     423      29      12            22.68966             2.89655             2.29860             0.22256             1.59552             0.34626           834.42825             3.76333             2.28713       6       2
   10000       2       1       2      11       4     502       6       6       8     409      28      21            23.00000             2.96429             2.30416             0.22097             1.61009             0.35137           823.49502             3.77394             2.28143       2       3
   10000       2       1       2      11       4     502       6       6       9     397      27      19            23.37037             3.03704             2.29971             0.21664             1.62117             0.35052           822.31301             3.73943             2.25501       3       4
   10000       2       1       2      11       4     502       6       6      10     380      26      28            23.30769             3.00000             2.31745             0.21985             1.63064             0.36881           845.26172             3.62206             2.22106       4       5
   10000       2       1       2      11       4     502       6       6      11     370      25      12            23.40000             3.08000             2.30967             0.21618             1.66326             0.35574           841.21350             3.63161             2.15009       1       5
   10000       2       1       2      11       4     502       6       6      12     350      24      24            23.33333             3.08333             2.32004             0.21854             1.65983             0.35682           841.93138             3.64555             2.18869       2       6
   10000       2       1       2      11       4     502       6       6      13     335      23      27            22.91304             3.08696             2.28832             0.22078             1.66663             0.34684           866.51413             3.66848             2.08228       4       1
   10000       2       1       2      11       4     502       6       6      14     324      22      17            23.09091             3.13636             2.26517             0.21576             1.68413             0.33914           872.30086             3.60753             2.07685       4       6
   10000       2       1       2      11       4     502       6       6      15     301      21      26            22.61905             3.19048             2.19978             0.21503             1.70066             0.33070           899.04864             3.61926             2.08979       6       6
   10000       2       1       2      11       4     502       6       6      16     293      20      14            22.90000             3.25000             2.21673             0.21242             1.72808             0.33527           865.55806             3.64042             2.04564       4       4
   10000       2       1       2      11       4     502       6       6      17     287      19      29            22.42105             3.21053             2.18451             0.21433             1.71199             0.32520           887.18675             3.66595             1.90779       3       2
   10000       2       1       2      11       4     502       6       6      18     273      18      18            22.66667             3.16667             2.20854             0.21479             1.71894             0.33029           858.12305             3.68014             1.92335       3       3
   10000       2       1       2      11       4     502       6       6      19     265      17      14            23.05882             3.11765             2.21667             0.20908             1.67591             0.31433           852.42238             3.66292             1.89713       1       4
   10000       2       1       2      11       4     502       6       6      20     250      16      21            22.75000             2.93750             2.23110             0.21249             1.63871             0.31931           876.68509             3.64596             1.81718       6       4
   10000       2       1       2      11       4     502       6       6      21     231      15      24            22.40000             3.00000             2.19496             0.21341             1.64564             0.31367           903.25346             3.57868             1.80630       6       3
   10000       2       1       2      11       4     502       6       6      22     220      14      24            22.28571             3.07143             2.15594             0.21162             1.66173             0.29976           910.95546             3.62091             1.73044       2       2
   10000       2       1       2      11       4     502       6       6      23     209      13      22            21.84615             3.00000             2.17921             0.21929             1.64022             0.30993           945.45354             3.67183             1.60923       5       4
   10000       2       1       2      11       4     502       6       6      24     200      12      18            21.83333             2.91667             2.18275             0.22171             1.61090             0.30569           975.22025             3.66693             1.53608       5       1
   10000       2       1       2      11       4     502       6       6      25     190      11      17            21.45455             2.90909             2.18200             0.22887             1.62104             0.31113           970.34299             3.73565             1.43237       5       6
   10000       2       1       2      11       4     502       6       6      26     176      10      14            22.20000             2.90000             2.20377             0.22183             1.62930             0.31916           952.28199             3.65397             1.47561       4       2
   10000       2       1       2      11       4     502       6       6      27     167       9      14            22.77778             3.00000             2.28341             0.22186             1.66287             0.32540           971.82926             3.54719             1.38582       3       5
   10000       2       1       2      11       4     502       6       6      28     148       8      20            23.25000             3.00000             2.28749             0.22106             1.63030             0.32341           969.87797             3.59414             1.39765       3       1
   10000       2       1       2      11       4     502       6       6      29     132       7      15            24.28571             3.14286             2.32911             0.21232             1.68054             0.33359           903.21590             3.55393             1.45710       6       1
   10000       2       1       2      11       4     502       6       6      30     112       6      21            23.66667             3.00000             2.41690             0.22226             1.64338             0.32420           941.92185             3.49201             1.39345       1       2
