   10000       2       1       2       6       2     467       6       6       0     467      36       0            20.41667             3.19444             2.11294             0.23015             1.72272             0.31714           954.81477             3.61434             2.49732       0       0
   10000       2       1       2       6       2     467       6       6       1     456      35      27            20.25714             3.11429             2.08598             0.22925             1.70556             0.31470           970.10218             3.61460             2.45643       6       2
   10000       2       1       2       6       2     467       6       6       2     448      34      14            20.38235             3.11765             2.10509             0.22933             1.71505             0.31504           962.32985             3.62308             2.42883       1       1
   10000       2       1       2       6       2     467       6       6       3     446      33      11            20.45455             3.27273             2.11658             0.22924             1.75394             0.31483           958.02624             3.54178             2.28907       2       3
   10000       2       1       2       6       2     467       6       6       4     432      32      23            20.43750             3.18750             2.11177             0.22958             1.73693             0.31310           968.52254             3.54666             2.25909       4       2
   10000       2       1       2       6       2     467       6       6       5     418      31      20            20.51613             3.29032             2.11929             0.22917             1.76138             0.31078           962.14707             3.57291             2.26004       6       3
   10000       2       1       2       6       2     467       6       6       6     406      30      15            20.66667             3.26667             2.14271             0.22830             1.77016             0.31362           946.88132             3.57120             2.28146       6       1
   10000       2       1       2       6       2     467       6       6       7     398      29      18            20.68966             3.37931             2.11578             0.22635             1.79935             0.30060           944.06653             3.58298             2.21124       5       3
   10000       2       1       2       6       2     467       6       6       8     379      28      26            20.35714             3.39286             2.13602             0.23435             1.79047             0.29375           972.51165             3.58384             2.20870       5       1
   10000       2       1       2       6       2     467       6       6       9     361      27      20            20.40741             3.33333             2.11740             0.23220             1.77395             0.29252           973.99990             3.58257             2.22026       3       6
   10000       2       1       2       6       2     467       6       6      10     350      26      14            20.50000             3.34615             2.11680             0.23208             1.79774             0.29283           971.48751             3.54232             2.19000       6       6
   10000       2       1       2       6       2     467       6       6      11     333      25      24            20.80000             3.32000             2.12181             0.23041             1.78025             0.29793           959.29779             3.55088             2.23574       3       5
   10000       2       1       2       6       2     467       6       6      12     317      24      13            20.95833             3.29167             2.09490             0.22436             1.76842             0.31225           954.13796             3.54435             2.29862       5       2
   10000       2       1       2       6       2     467       6       6      13     297      23      26            20.39130             3.34783             2.04851             0.22829             1.81497             0.29897          1001.59352             3.49701             2.25800       6       4
   10000       2       1       2       6       2     467       6       6      14     289      22      21            20.31818             3.27273             2.04429             0.22995             1.80461             0.30077          1010.02696             3.47905             2.19878       1       2
   10000       2       1       2       6       2     467       6       6      15     280      21      17            20.47619             3.14286             2.11267             0.23440             1.77110             0.32008           996.76880             3.49245             2.12532       3       4
   10000       2       1       2       6       2     467       6       6      16     266      20      21            20.35000             3.20000             2.11095             0.23671             1.73861             0.32561          1006.55640             3.52156             2.08664       2       1
   10000       2       1       2       6       2     467       6       6      17     258      19      18            20.31579             3.26316             2.08914             0.23626             1.73767             0.29971          1020.59086             3.55003             2.01902       4       3
   10000       2       1       2       6       2     467       6       6      18     240      18      31            19.83333             3.22222             2.11646             0.24347             1.75008             0.31425          1036.29286             3.53086             1.94934       5       5
   10000       2       1       2       6       2     467       6       6      19     228      17      18            19.82353             3.17647             2.12705             0.24787             1.73738             0.32354          1072.61161             3.48296             1.94248       1       3
   10000       2       1       2       6       2     467       6       6      20     210      16      25            19.62500             3.31250             2.12698             0.24312             1.75531             0.32425          1039.03148             3.51339             1.92531       1       4
   10000       2       1       2       6       2     467       6       6      21     204      15      14            20.00000             3.33333             2.14894             0.24151             1.77723             0.31321          1031.81551             3.48895             1.88679       4       1
   10000       2       1       2       6       2     467       6       6      22     195      14      16            20.07143             3.42857             2.15747             0.24308             1.78625             0.31819          1042.64417             3.51716             1.83104       5       6
   10000       2       1       2       6       2     467       6       6      23     181      13      15            20.53846             3.38462             2.19870             0.24134             1.73067             0.32935           994.27699             3.54903             1.88449       2       2
   10000       2       1       2       6       2     467       6       6      24     171      12      10            21.41667             3.25000             2.26617             0.23568             1.68310             0.34356           966.60040             3.48214             1.95820       6       5
   10000       2       1       2       6       2     467       6       6      25     153      11      24            20.72727             3.09091             2.22722             0.24392             1.63592             0.32264          1066.19702             3.54137             1.88222       1       5
   10000       2       1       2       6       2     467       6       6      26     150      10       8            22.20000             3.30000             2.30847             0.22501             1.69472             0.32196           875.47594             3.56485             1.82298       1       6
   10000       2       1       2       6       2     467       6       6      27     133       9      19            22.11111             3.22222             2.24671             0.21785             1.66125             0.31497           880.54404             3.56360             1.82978       2       6
   10000       2       1       2       6       2     467       6       6      28     121       8      19            22.00000             3.00000             2.24088             0.21825             1.59948             0.32806           886.53588             3.62564             1.76336       5       4
   10000       2       1       2       6       2     467       6       6      29     105       7      22            21.28571             3.00000             2.21920             0.23338             1.58200             0.31941           909.41648             3.78487             1.70514       2       5
   10000       2       1       2       6       2     467       6       6      30      92       6      13            22.66667             3.00000             2.21727             0.21032             1.59567             0.33098           846.49944             3.58991             1.82267       2       4
