   10000       2       1       2       5       7     465       6       6       0     465      36       0            20.86111             3.02778             2.26933             0.23432             1.65535             0.34821           866.06190             3.76657             2.53990       0       0
   10000       2       1       2       5       7     465       6       6       1     459      35      14            21.00000             3.11429             2.27988             0.23429             1.67721             0.34322           860.00099             3.75875             2.45117       4       2
   10000       2       1       2       5       7     465       6       6       2     448      34      22            20.97059             3.05882             2.28462             0.23620             1.66218             0.34823           864.07056             3.76257             2.41698       3       1
   10000       2       1       2       5       7     465       6       6       3     436      33      16            21.21212             3.15152             2.29088             0.23262             1.68030             0.34496           852.67243             3.76387             2.40583       5       4
   10000       2       1       2       5       7     465       6       6       4     421      32      23            21.06250             3.15625             2.27903             0.23343             1.67638             0.33893           860.56016             3.76262             2.37273       3       5
   10000       2       1       2       5       7     465       6       6       5     406      31      24            20.96774             3.06452             2.28873             0.23493             1.67039             0.34756           863.70840             3.75341             2.35214       3       6
   10000       2       1       2       5       7     465       6       6       6     388      30      23            20.80000             3.06667             2.29587             0.24068             1.67356             0.34585           882.41128             3.77271             2.34217       2       6
   10000       2       1       2       5       7     465       6       6       7     380      29       9            21.13793             3.06897             2.29394             0.23222             1.68391             0.33903           843.17541             3.78971             2.35251       1       6
   10000       2       1       2       5       7     465       6       6       8     369      28      18            21.21429             3.10714             2.28206             0.22989             1.70989             0.34432           841.37272             3.78063             2.36492       3       2
   10000       2       1       2       5       7     465       6       6       9     356      27      21            21.29630             3.03704             2.30170             0.23123             1.70167             0.35177           833.57815             3.79505             2.33342       5       3
   10000       2       1       2       5       7     465       6       6      10     345      26      15            21.34615             3.03846             2.28680             0.22804             1.69112             0.34890           827.94802             3.80179             2.31907       4       1
   10000       2       1       2       5       7     465       6       6      11     331      25      26            21.36000             3.04000             2.26588             0.22563             1.69446             0.34296           822.53453             3.82251             2.27714       2       3
   10000       2       1       2       5       7     465       6       6      12     321      24      16            21.37500             2.91667             2.29169             0.22844             1.64026             0.34264           827.97085             3.83502             2.24527       2       2
   10000       2       1       2       5       7     465       6       6      13     311      23      22            21.26087             2.86957             2.27038             0.22722             1.62385             0.32832           837.42000             3.81056             2.20155       6       1
   10000       2       1       2       5       7     465       6       6      14     301      22      19            21.40909             2.86364             2.27633             0.22591             1.62811             0.31434           818.96940             3.81804             2.14737       5       6
   10000       2       1       2       5       7     465       6       6      15     288      21      22            21.42857             2.90476             2.26161             0.22435             1.62538             0.30255           822.95028             3.82353             2.08438       4       4
   10000       2       1       2       5       7     465       6       6      16     269      20      25            20.95000             3.00000             2.26786             0.23446             1.65091             0.31608           870.94629             3.80998             2.08289       4       6
   10000       2       1       2       5       7     465       6       6      17     256      19      25            20.68421             2.94737             2.24787             0.23727             1.65061             0.31777           897.49249             3.77011             2.00402       2       4
   10000       2       1       2       5       7     465       6       6      18     238      18      27            20.22222             2.88889             2.20238             0.23909             1.64206             0.30923           933.93351             3.76992             1.94318       5       5
   10000       2       1       2       5       7     465       6       6      19     220      17      27            19.52941             3.00000             2.14572             0.24317             1.66249             0.30352           963.13297             3.79921             1.87905       1       4
   10000       2       1       2       5       7     465       6       6      20     202      16      22            19.00000             3.06250             2.11140             0.24480             1.66088             0.29902           985.02745             3.81361             1.87297       4       3
   10000       2       1       2       5       7     465       6       6      21     193      15      16            18.93333             3.20000             2.08533             0.24367             1.70689             0.29886          1012.92710             3.81986             1.83339       1       5
   10000       2       1       2       5       7     465       6       6      22     181      14      12            19.42857             3.07143             2.11634             0.24046             1.68386             0.30365           961.12641             3.81690             1.89292       2       5
   10000       2       1       2       5       7     465       6       6      23     162      13      24            18.69231             3.07692             2.09329             0.24653             1.67033             0.31259          1001.79060             3.74481             1.87446       5       1
   10000       2       1       2       5       7     465       6       6      24     149      12      21            18.58333             3.16667             2.08745             0.24843             1.69344             0.31538          1015.52109             3.73359             1.85126       5       2
   10000       2       1       2       5       7     465       6       6      25     136      11      16            18.45455             3.00000             2.08997             0.25184             1.64565             0.33259          1031.40011             3.75971             1.83927       6       2
   10000       2       1       2       5       7     465       6       6      26     126      10      17            18.20000             2.90000             2.05685             0.25506             1.63036             0.33227          1046.79448             3.74781             1.74824       2       1
   10000       2       1       2       5       7     465       6       6      27     118       9       8            19.33333             2.88889             2.15677             0.24194             1.65538             0.34249           945.17610             3.47758             1.83138       4       5
   10000       2       1       2       5       7     465       6       6      28     111       8      15            19.62500             3.00000             2.14826             0.23748             1.69388             0.31923           919.29771             3.47455             1.72353       6       3
   10000       2       1       2       5       7     465       6       6      29      95       7      21            18.71429             3.00000             2.11298             0.24932             1.66212             0.32412          1021.06256             3.41134             1.66511       3       3
   10000       2       1       2       5       7     465       6       6      30      83       6      12            19.66667             2.83333             2.14587             0.23824             1.69210             0.34351           910.98575             3.42716             1.76341       3       4
