   10000       2       2       2      11       9     502       6       6       0     502      36       0            21.30556             2.97222             2.18748             0.22435             1.60095             0.31844           871.56849             3.81060             2.43201       0       0
   10000       2       2       2      11       9     502       6       6       1     486      35      21            21.51429             3.00000             2.22461             0.22788             1.63322             0.33671           864.70321             3.83619             2.49468       5       2
   10000       2       2       2      11       9     502       6       6       2     465      34      24            21.47059             3.08824             2.24075             0.22877             1.64029             0.32559           866.26383             3.84445             2.51344       1       2
   10000       2       2       2      11       9     502       6       6       3     449      33      16            22.06061             3.09091             2.24782             0.22352             1.66979             0.33460           853.85448             3.80992             2.58289       3       5
   10000       2       2       2      11       9     502       6       6       4     427      32      22            22.15625             3.09375             2.25025             0.22247             1.68421             0.34697           837.18038             3.81693             2.64861       5       6
   10000       2       2       2      11       9     502       6       6       5     405      31      23            22.00000             3.06452             2.26836             0.22645             1.68705             0.34720           845.29136             3.85108             2.64277       2       3
   10000       2       2       2      11       9     502       6       6       6     397      30      12            22.70000             3.16667             2.26347             0.21725             1.70144             0.33963           815.72909             3.85114             2.65657       6       2
   10000       2       2       2      11       9     502       6       6       7     385      29      18            23.10345             3.13793             2.32083             0.21930             1.71426             0.35723           806.60078             3.87868             2.62334       4       2
   10000       2       2       2      11       9     502       6       6       8     377      28      19            23.85714             3.14286             2.33969             0.21359             1.72967             0.36140           779.76748             3.89300             2.62807       5       4
   10000       2       2       2      11       9     502       6       6       9     359      27      29            23.96296             3.14815             2.34930             0.21399             1.78020             0.35779           768.81179             3.95544             2.66094       4       4
   10000       2       2       2      11       9     502       6       6      10     343      26      28            23.73077             3.11538             2.32632             0.21311             1.76435             0.35717           770.52502             3.98743             2.62129       6       5
   10000       2       2       2      11       9     502       6       6      11     325      25      30            23.80000             3.16000             2.31148             0.21227             1.78837             0.35615           766.11418             4.03391             2.61813       2       2
   10000       2       2       2      11       9     502       6       6      12     314      24      19            24.00000             3.12500             2.31632             0.21108             1.76880             0.35574           771.83653             3.99037             2.57754       4       6
   10000       2       2       2      11       9     502       6       6      13     304      23      12            24.52174             3.08696             2.34710             0.20804             1.78284             0.37312           752.91745             3.98592             2.57839       1       5
   10000       2       2       2      11       9     502       6       6      14     293      22      30            24.22727             3.13636             2.31874             0.20796             1.77081             0.37252           757.42066             4.02029             2.51415       3       1
   10000       2       2       2      11       9     502       6       6      15     286      21      15            24.66667             3.19048             2.31940             0.20353             1.79358             0.38424           750.31319             4.00666             2.48802       1       3
   10000       2       2       2      11       9     502       6       6      16     277      20      18            24.55000             3.30000             2.30294             0.20170             1.79138             0.37279           754.29316             4.03849             2.36112       4       3
   10000       2       2       2      11       9     502       6       6      17     263      19      22            24.26316             3.21053             2.31056             0.20415             1.77308             0.36713           761.00890             4.05582             2.29864       1       6
   10000       2       2       2      11       9     502       6       6      18     260      18      22            24.72222             3.22222             2.28042             0.19592             1.80072             0.33705           754.33774             4.05884             2.19690       3       4
   10000       2       2       2      11       9     502       6       6      19     252      17      22            24.76471             3.23529             2.28541             0.19683             1.86149             0.34594           763.87531             4.05549             2.15305       5       1
   10000       2       2       2      11       9     502       6       6      20     235      16      29            23.87500             3.25000             2.22032             0.19972             1.86436             0.34405           800.70544             4.09572             2.09471       6       3
   10000       2       2       2      11       9     502       6       6      21     223      15      29            23.46667             3.40000             2.17287             0.19955             1.89265             0.33311           818.06242             4.16272             2.04547       2       6
   10000       2       2       2      11       9     502       6       6      22     217      14      17            23.92857             3.42857             2.18300             0.19580             1.90297             0.34798           821.42402             4.10110             1.98063       6       4
   10000       2       2       2      11       9     502       6       6      23     205      13      29            23.76923             3.46154             2.16203             0.19576             1.92805             0.35838           811.17196             4.17233             1.92304       3       3
   10000       2       2       2      11       9     502       6       6      24     200      12      19            24.16667             3.41667             2.16423             0.19243             1.95273             0.36510           836.62523             4.04494             1.80168       4       5
   10000       2       2       2      11       9     502       6       6      25     197      11      16            24.72727             3.45455             2.21499             0.19162             1.91128             0.37882           834.73708             4.11662             1.66536       1       4
   10000       2       2       2      11       9     502       6       6      26     182      10      18            25.20000             3.50000             2.24454             0.18882             1.92631             0.37145           815.97370             4.15409             1.66766       6       6
   10000       2       2       2      11       9     502       6       6      27     170       9      21            25.66667             3.44444             2.29117             0.18941             1.91257             0.37383           791.27613             4.17333             1.62938       6       1
   10000       2       2       2      11       9     502       6       6      28     154       8      28            25.37500             3.37500             2.26060             0.18960             1.92942             0.38815           813.07036             4.17626             1.54622       3       6
   10000       2       2       2      11       9     502       6       6      29     142       7      27            25.14286             3.42857             2.24492             0.19064             1.93032             0.37218           828.98931             4.06365             1.38084       3       2
   10000       2       2       2      11       9     502       6       6      30     126       6      20            26.00000             3.33333             2.28574             0.18733             1.88362             0.36403           822.00447             4.03824             1.36500       4       1
