   10000       2       1       2       2      10     496       6       6       0     496      36       0            21.13889             3.02778             2.22575             0.23036             1.59494             0.35659           936.79100             3.61014             2.41911       0       0
   10000       2       1       2       2      10     496       6       6       1     486      35      18            21.34286             3.02857             2.22753             0.22900             1.59127             0.35814           936.54514             3.59527             2.41141       5       3
   10000       2       1       2       2      10     496       6       6       2     465      34      27            21.17647             2.97059             2.20987             0.23045             1.58797             0.35735           958.77908             3.60673             2.41696       1       1
   10000       2       1       2       2      10     496       6       6       3     446      33      23            21.03030             3.00000             2.21443             0.23144             1.57710             0.36177           964.24049             3.60515             2.40963       6       1
   10000       2       1       2       2      10     496       6       6       4     441      32       9            21.68750             3.03125             2.23064             0.22289             1.60349             0.36620           891.62967             3.61963             2.42070       2       1
   10000       2       1       2       2      10     496       6       6       5     426      31      21            21.51613             3.00000             2.24681             0.22684             1.60848             0.36658           891.62725             3.61637             2.37377       2       3
   10000       2       1       2       2      10     496       6       6       6     408      30      28            21.20000             2.96667             2.23976             0.22888             1.58333             0.36148           899.54410             3.64279             2.35830       2       2
   10000       2       1       2       2      10     496       6       6       7     396      29      21            20.96552             3.00000             2.21602             0.22908             1.60368             0.35392           912.91755             3.65079             2.32296       6       6
   10000       2       1       2       2      10     496       6       6       8     383      28      25            21.21429             3.00000             2.20237             0.22324             1.61070             0.35897           890.38470             3.63709             2.32650       3       6
   10000       2       1       2       2      10     496       6       6       9     370      27      22            20.96296             3.03704             2.19087             0.22750             1.60883             0.35789           904.77308             3.63149             2.27273       2       6
   10000       2       1       2       2      10     496       6       6      10     354      26      22            20.80769             3.00000             2.19358             0.23286             1.61244             0.35253           929.35210             3.62145             2.22462       6       4
   10000       2       1       2       2      10     496       6       6      11     339      25      20            20.88000             2.96000             2.19165             0.23298             1.60428             0.36369           935.01155             3.59036             2.22121       2       4
   10000       2       1       2       2      10     496       6       6      12     326      24      32            20.29167             2.95833             2.15173             0.23669             1.60988             0.35695           965.14344             3.60887             2.12268       5       5
   10000       2       1       2       2      10     496       6       6      13     313      23      17            20.43478             3.00000             2.17712             0.23778             1.60060             0.35651           956.32619             3.61428             2.09567       5       6
   10000       2       1       2       2      10     496       6       6      14     309      22      21            20.40909             2.95455             2.17565             0.23787             1.59093             0.35050           962.80448             3.61215             2.02976       4       5
   10000       2       1       2       2      10     496       6       6      15     297      21      20            20.57143             3.04762             2.20969             0.23928             1.63150             0.34913           953.19705             3.64946             1.99982       3       5
   10000       2       1       2       2      10     496       6       6      16     284      20      24            20.65000             3.00000             2.17053             0.23501             1.61856             0.34531           936.99303             3.67559             1.96552       4       1
   10000       2       1       2       2      10     496       6       6      17     272      19      18            20.63158             3.00000             2.15222             0.23464             1.61668             0.33876           930.95303             3.72706             1.95619       1       2
   10000       2       1       2       2      10     496       6       6      18     258      18      22            20.27778             3.00000             2.16251             0.23778             1.63659             0.34238           947.91739             3.75472             1.89801       1       4
   10000       2       1       2       2      10     496       6       6      19     242      17      19            20.11765             3.00000             2.13628             0.23781             1.63042             0.34918           949.84864             3.80505             1.89900       5       1
   10000       2       1       2       2      10     496       6       6      20     238      16      10            20.62500             3.12500             2.19672             0.23447             1.67513             0.34116           936.60273             3.70093             1.83512       6       3
   10000       2       1       2       2      10     496       6       6      21     217      15      21            20.60000             3.20000             2.19891             0.23593             1.70071             0.33274           932.42174             3.73667             1.89079       6       5
   10000       2       1       2       2      10     496       6       6      22     198      14      21            20.57143             3.21429             2.18021             0.23529             1.70278             0.32775           930.05458             3.80526             1.94267       4       6
   10000       2       1       2       2      10     496       6       6      23     184      13      20            20.61538             3.07692             2.18794             0.23647             1.66521             0.33474           941.94610             3.81527             1.94945       3       1
   10000       2       1       2       2      10     496       6       6      24     168      12      29            19.66667             3.16667             2.09829             0.24150             1.67239             0.32042           991.47889             3.79084             1.85711       1       5
   10000       2       1       2       2      10     496       6       6      25     158      11      20            19.45455             3.18182             2.11936             0.24727             1.70633             0.30378           984.43817             3.82309             1.78439       5       2
   10000       2       1       2       2      10     496       6       6      26     142      10      16            19.80000             3.10000             2.11312             0.24192             1.69585             0.32538          1023.09374             3.61469             1.86282       2       5
   10000       2       1       2       2      10     496       6       6      27     129       9      13            20.55556             3.00000             2.16101             0.23838             1.66205             0.35228           930.96076             3.69751             1.95869       1       3
   10000       2       1       2       2      10     496       6       6      28     119       8      10            21.87500             3.00000             2.22281             0.22124             1.66148             0.35464           867.00545             3.66559             2.07853       1       6
   10000       2       1       2       2      10     496       6       6      29      99       7      22            21.85714             3.00000             2.20918             0.22130             1.64713             0.36449           845.45155             3.75552             2.20915       6       2
   10000       2       1       2       2      10     496       6       6      30      87       6      18            22.33333             3.00000             2.18470             0.20848             1.72311             0.37698           749.41926             3.88246             2.23716       5       4
