   10000       2       1       2       7      11     525       6       6       0     525      36       0            21.69444             2.91667             2.24134             0.22026             1.60306             0.30909           825.34604             4.00950             2.38234       0       0
   10000       2       1       2       7      11     525       6       6       1     508      35      28            21.54286             2.94286             2.23620             0.22115             1.59898             0.30174           828.70133             4.00151             2.36576       6       4
   10000       2       1       2       7      11     525       6       6       2     486      34      29            21.29412             2.94118             2.23514             0.22419             1.59434             0.29793           837.20484             4.01217             2.33273       5       3
   10000       2       1       2       7      11     525       6       6       3     476      33      28            21.18182             2.93939             2.20702             0.22325             1.58898             0.29860           846.88469             4.01944             2.29782       6       2
   10000       2       1       2       7      11     525       6       6       4     462      32      29            20.84375             2.93750             2.19870             0.22640             1.59062             0.29485           861.42756             4.04789             2.24240       5       1
   10000       2       1       2       7      11     525       6       6       5     451      31      29            20.93548             2.90323             2.17575             0.22316             1.58587             0.28954           853.30509             4.08099             2.21539       4       2
   10000       2       1       2       7      11     525       6       6       6     434      30      28            20.90000             2.90000             2.21977             0.22845             1.58533             0.30158           863.59224             4.03485             2.17130       2       2
   10000       2       1       2       7      11     525       6       6       7     415      29      25            20.68966             2.89655             2.21052             0.23163             1.56611             0.30411           893.08346             4.04585             2.16290       6       5
   10000       2       1       2       7      11     525       6       6       8     403      28      26            20.50000             2.85714             2.19678             0.23468             1.55514             0.30032           905.26369             4.05835             2.12383       3       1
   10000       2       1       2       7      11     525       6       6       9     387      27      25            20.37037             2.88889             2.18232             0.23566             1.56027             0.29429           912.16790             4.08607             2.08872       1       3
   10000       2       1       2       7      11     525       6       6      10     371      26      28            20.26923             2.88462             2.16634             0.23696             1.55937             0.29863           922.94216             4.08627             2.03884       1       5
   10000       2       1       2       7      11     525       6       6      11     355      25      31            19.80000             2.92000             2.17063             0.24352             1.57778             0.28861           947.22940             4.09537             1.95497       2       4
   10000       2       1       2       7      11     525       6       6      12     343      24      25            19.75000             2.95833             2.14394             0.24192             1.59854             0.29251           962.29500             4.04481             1.86804       3       5
   10000       2       1       2       7      11     525       6       6      13     332      23      27            19.47826             2.95652             2.14159             0.24445             1.61224             0.30142           978.80867             4.03244             1.79409       2       6
   10000       2       1       2       7      11     525       6       6      14     321      22      25            19.31818             2.95455             2.13610             0.24663             1.61314             0.30077           981.99493             4.07343             1.72331       4       6
   10000       2       1       2       7      11     525       6       6      15     311      21      25            19.23810             2.95238             2.13124             0.24905             1.61557             0.29278           993.27426             4.11463             1.61565       4       4
   10000       2       1       2       7      11     525       6       6      16     291      20      21            19.20000             3.00000             2.13200             0.24947             1.62279             0.28487           996.53950             4.07406             1.64198       3       6
   10000       2       1       2       7      11     525       6       6      17     274      19      21            18.84211             3.00000             2.10917             0.24872             1.62381             0.28727           998.62543             4.09435             1.61453       2       1
   10000       2       1       2       7      11     525       6       6      18     259      18      20            18.44444             3.00000             2.09506             0.25085             1.60241             0.28662          1016.38314             4.10430             1.56692       2       3
   10000       2       1       2       7      11     525       6       6      19     241      17      20            18.35294             3.05882             2.06378             0.24918             1.61307             0.28122          1023.75909             4.08757             1.58623       1       6
   10000       2       1       2       7      11     525       6       6      20     229      16      19            18.00000             3.00000             2.06574             0.25327             1.61306             0.29826          1045.41014             4.03062             1.51120       4       5
   10000       2       1       2       7      11     525       6       6      21     212      15      18            18.00000             2.93333             2.05768             0.25288             1.61471             0.29853          1062.34767             4.02227             1.52786       4       1
   10000       2       1       2       7      11     525       6       6      22     195      14      17            18.07143             2.85714             2.07441             0.25466             1.60951             0.31093          1067.08649             4.00967             1.56556       6       3
   10000       2       1       2       7      11     525       6       6      23     183      13      17            18.00000             2.76923             2.08735             0.25777             1.59188             0.29547          1089.24448             4.04327             1.52649       5       4
   10000       2       1       2       7      11     525       6       6      24     166      12      17            18.16667             2.83333             2.04373             0.24837             1.61516             0.29256          1068.99511             4.03715             1.58903       6       1
   10000       2       1       2       7      11     525       6       6      25     154      11      16            18.45455             2.90909             2.05214             0.24512             1.64244             0.28903          1084.61735             3.95291             1.57621       3       2
   10000       2       1       2       7      11     525       6       6      26     138      10      18            17.60000             2.70000             1.97554             0.24664             1.61830             0.30455          1142.73472             4.01102             1.50071       4       3
   10000       2       1       2       7      11     525       6       6      27     124       9      16            17.77778             2.66667             1.96417             0.24311             1.59070             0.28653          1170.98061             3.88209             1.53143       2       5
   10000       2       1       2       7      11     525       6       6      28     109       8      15            18.12500             2.62500             1.90969             0.23065             1.59311             0.30449          1171.20111             3.87725             1.59786       1       4
   10000       2       1       2       7      11     525       6       6      29      95       7      14            18.71429             2.57143             1.93760             0.22592             1.58993             0.32601          1140.70500             3.88567             1.68327       5       2
   10000       2       1       2       7      11     525       6       6      30      89       6       9            20.16667             2.83333             2.09095             0.22100             1.64189             0.37393          1005.43075             3.72999             1.57285       6       6
