   10000       2       2       2       9       3     478       6       6       0     478      36       0            20.97222             2.94444             2.17468             0.22490             1.64555             0.34265           881.77585             3.80360             2.53724       0       0
   10000       2       2       2       9       3     478       6       6       1     460      35      16            20.97143             2.91429             2.18007             0.22584             1.62532             0.34101           883.95084             3.80213             2.54502       4       1
   10000       2       2       2       9       3     478       6       6       2     443      34      22            20.94118             2.88235             2.17140             0.22549             1.61003             0.34825           876.15364             3.83723             2.56849       4       6
   10000       2       2       2       9       3     478       6       6       3     434      33      21            21.18182             2.96970             2.17980             0.22283             1.63796             0.35237           845.27994             3.84831             2.53095       1       6
   10000       2       2       2       9       3     478       6       6       4     422      32      21            21.31250             2.96875             2.18331             0.22155             1.64722             0.35817           839.14669             3.92372             2.57172       1       3
   10000       2       2       2       9       3     478       6       6       5     409      31      22            21.41935             2.96774             2.18747             0.22124             1.64036             0.35312           825.16585             3.92303             2.54765       1       2
   10000       2       2       2       9       3     478       6       6       6     405      30      19            21.73333             2.90000             2.22085             0.22405             1.62452             0.36569           821.46411             3.93987             2.48301       2       3
   10000       2       2       2       9       3     478       6       6       7     387      29      19            21.72414             2.93103             2.23611             0.22570             1.63186             0.38172           810.04218             3.99198             2.51738       6       5
   10000       2       2       2       9       3     478       6       6       8     384      28      14            21.89286             2.96429             2.22989             0.22327             1.64720             0.37902           824.60715             3.95920             2.43481       3       6
   10000       2       2       2       9       3     478       6       6       9     373      27      14            22.44444             3.00000             2.25876             0.21929             1.64959             0.38487           815.41733             3.94573             2.45702       1       4
   10000       2       2       2       9       3     478       6       6      10     366      26      30            22.80769             2.96154             2.32124             0.22015             1.66119             0.40882           790.86602             3.93826             2.41995       5       2
   10000       2       2       2       9       3     478       6       6      11     352      25      25            22.56000             3.00000             2.26372             0.21920             1.66287             0.39969           817.47786             3.97389             2.39357       6       2
   10000       2       2       2       9       3     478       6       6      12     337      24      16            22.83333             2.95833             2.29410             0.21827             1.65912             0.38995           795.70757             3.99553             2.38185       3       5
   10000       2       2       2       9       3     478       6       6      13     322      23      33            23.13043             3.13043             2.32241             0.21678             1.71472             0.40882           776.64113             4.04271             2.38811       3       2
   10000       2       2       2       9       3     478       6       6      14     306      22      27            23.00000             3.13636             2.26495             0.21402             1.72333             0.40292           789.55398             4.11380             2.38802       3       4
   10000       2       2       2       9       3     478       6       6      15     293      21      30            22.71429             3.14286             2.26265             0.21558             1.72435             0.40228           791.80984             4.13713             2.33242       4       2
   10000       2       2       2       9       3     478       6       6      16     280      20      18            23.00000             3.10000             2.29736             0.21629             1.71979             0.41194           770.81484             4.14866             2.30169       5       3
   10000       2       2       2       9       3     478       6       6      17     260      19      29            22.31579             3.05263             2.27394             0.22016             1.70375             0.41767           789.20882             4.18190             2.32227       5       1
   10000       2       2       2       9       3     478       6       6      18     250      18      24            22.77778             3.22222             2.27096             0.21362             1.75045             0.39698           762.53033             4.19007             2.29182       5       4
   10000       2       2       2       9       3     478       6       6      19     238      17      20            22.47059             3.35294             2.21310             0.21069             1.79247             0.40177           770.17204             4.19513             2.20355       1       5
   10000       2       2       2       9       3     478       6       6      20     227      16      21            22.56250             3.37500             2.22337             0.21157             1.82205             0.40474           769.12726             4.26114             2.16036       5       6
   10000       2       2       2       9       3     478       6       6      21     222      15      15            23.00000             3.40000             2.21917             0.20571             1.81768             0.38428           780.24119             4.22845             2.09053       6       3
   10000       2       2       2       9       3     478       6       6      22     198      14      25            22.78571             3.42857             2.20622             0.20667             1.83370             0.37993           796.56257             4.20146             2.15731       6       1
   10000       2       2       2       9       3     478       6       6      23     190      13      28            22.07692             3.46154             2.21508             0.21414             1.84498             0.39070           827.08067             4.21834             1.96426       4       5
   10000       2       2       2       9       3     478       6       6      24     172      12      23            21.83333             3.50000             2.18257             0.21358             1.86330             0.37287           833.41105             4.20278             1.96882       6       4
   10000       2       2       2       9       3     478       6       6      25     166      11      23            21.36364             3.36364             2.19446             0.22437             1.89282             0.38624           895.24649             4.25948             1.78864       2       1
   10000       2       2       2       9       3     478       6       6      26     158      10      21            21.00000             3.20000             2.23959             0.23408             1.85478             0.39406           912.99042             4.36246             1.65133       2       5
   10000       2       2       2       9       3     478       6       6      27     144       9      21            20.88889             3.22222             2.22108             0.23444             1.84991             0.41200           911.37600             4.32834             1.59124       2       4
   10000       2       2       2       9       3     478       6       6      28     130       8      26            19.00000             3.25000             2.18343             0.25214             1.84554             0.38575           990.34382             4.43130             1.36103       4       3
   10000       2       2       2       9       3     478       6       6      29     114       7      17            19.28571             3.14286             2.20559             0.25236             1.84133             0.36943           973.36088             4.39602             1.39415       2       6
   10000       2       2       2       9       3     478       6       6      30     105       6      12            20.50000             3.16667             2.22597             0.23129             1.86034             0.37039           880.49024             4.37677             1.34720       3       1
