   10000       2       2       2       2       4     487       6       6       0     487      36       0            20.66667             3.16667             2.25710             0.23799             1.67006             0.35268           950.26701             3.56068             2.38376       0       0
   10000       2       2       2       2       4     487       6       6       1     478      35       9            20.94286             3.22857             2.29160             0.23593             1.68884             0.35269           929.82460             3.54139             2.36483       6       6
   10000       2       2       2       2       4     487       6       6       2     457      34      27            20.82353             3.20588             2.29057             0.23783             1.72258             0.35889           935.39627             3.53950             2.38894       1       5
   10000       2       2       2       2       4     487       6       6       3     443      33      20            20.84848             3.21212             2.31294             0.23966             1.72227             0.37229           940.32024             3.50740             2.39545       1       4
   10000       2       2       2       2       4     487       6       6       4     431      32      21            20.96875             3.18750             2.33221             0.23990             1.72293             0.37463           917.09406             3.51371             2.36862       6       4
   10000       2       2       2       2       4     487       6       6       5     419      31      21            20.87097             3.12903             2.31476             0.23904             1.74108             0.37483           923.04912             3.51712             2.34796       6       1
   10000       2       2       2       2       4     487       6       6       6     407      30      17            21.73333             3.20000             2.35654             0.23220             1.76989             0.38261           877.59813             3.50687             2.42687       4       5
   10000       2       2       2       2       4     487       6       6       7     395      29      16            21.86207             3.24138             2.36597             0.23138             1.76507             0.38838           876.60790             3.48580             2.43175       1       6
   10000       2       2       2       2       4     487       6       6       8     387      28      18            22.07143             3.25000             2.37326             0.22983             1.76633             0.40153           875.23222             3.48820             2.40410       5       6
   10000       2       2       2       2       4     487       6       6       9     376      27      18            22.25926             3.29630             2.38648             0.22912             1.78830             0.40467           849.48130             3.54248             2.37310       2       4
   10000       2       2       2       2       4     487       6       6      10     367      26      22            22.76923             3.15385             2.37219             0.22291             1.77961             0.41655           832.55213             3.56841             2.43353       5       3
   10000       2       2       2       2       4     487       6       6      11     359      25      21            23.04000             3.24000             2.36117             0.22013             1.79848             0.41002           823.79708             3.58459             2.41473       6       2
   10000       2       2       2       2       4     487       6       6      12     339      24      34            23.08333             3.25000             2.36116             0.21777             1.78620             0.41139           805.45150             3.61472             2.41874       2       1
   10000       2       2       2       2       4     487       6       6      13     328      23      20            22.91304             3.26087             2.32328             0.21734             1.80856             0.41315           827.75054             3.56624             2.33138       1       2
   10000       2       2       2       2       4     487       6       6      14     316      22      23            22.72727             3.27273             2.35842             0.22386             1.81193             0.42163           826.09692             3.58669             2.27306       5       1
   10000       2       2       2       2       4     487       6       6      15     308      21      25            22.61905             3.28571             2.35303             0.22418             1.82446             0.41921           832.37746             3.61091             2.19609       6       5
   10000       2       2       2       2       4     487       6       6      16     299      20      17            23.05000             3.30000             2.35893             0.21883             1.84419             0.42581           819.25488             3.61265             2.19154       2       2
   10000       2       2       2       2       4     487       6       6      17     290      19      18            23.68421             3.21053             2.39699             0.21748             1.82163             0.43220           815.08423             3.59358             2.20836       3       1
   10000       2       2       2       2       4     487       6       6      18     275      18      18            24.00000             3.16667             2.40820             0.21560             1.81221             0.43799           803.26914             3.52646             2.24281       1       1
   10000       2       2       2       2       4     487       6       6      19     263      17      20            24.41176             3.23529             2.41367             0.21229             1.80144             0.43753           783.64416             3.55944             2.19853       2       5
   10000       2       2       2       2       4     487       6       6      20     241      16      31            23.50000             3.06250             2.36955             0.21976             1.81894             0.43337           815.28970             3.63084             2.19566       3       6
   10000       2       2       2       2       4     487       6       6      21     235      15      17            24.20000             3.06667             2.39817             0.21563             1.83107             0.43777           798.69694             3.63008             2.17796       4       1
   10000       2       2       2       2       4     487       6       6      22     221      14      23            24.28571             3.07143             2.37249             0.21323             1.85148             0.42094           786.51444             3.67679             2.15294       6       3
   10000       2       2       2       2       4     487       6       6      23     206      13      28            24.07692             3.00000             2.39286             0.21774             1.82426             0.41742           787.35016             3.70065             2.11706       5       5
   10000       2       2       2       2       4     487       6       6      24     198      12      12            25.00000             3.00000             2.43763             0.20939             1.81895             0.43102           763.62837             3.64852             2.10651       2       6
   10000       2       2       2       2       4     487       6       6      25     189      11      22            26.09091             3.09091             2.49145             0.20563             1.79516             0.44040           730.82014             3.65598             2.09453       5       4
   10000       2       2       2       2       4     487       6       6      26     181      10      24            27.00000             3.20000             2.53253             0.20411             1.86226             0.45509           716.51083             3.71335             2.01976       2       3
   10000       2       2       2       2       4     487       6       6      27     161       9      28            26.55556             3.22222             2.55105             0.20805             1.84987             0.43072           722.35414             3.77966             1.96210       5       2
   10000       2       2       2       2       4     487       6       6      28     148       8      21            26.62500             3.00000             2.57389             0.20945             1.79344             0.42561           716.18385             3.72606             1.88567       3       5
   10000       2       2       2       2       4     487       6       6      29     129       7      19            27.14286             3.28571             2.53833             0.20008             1.81869             0.44088           716.21585             3.69552             1.98604       4       6
   10000       2       2       2       2       4     487       6       6      30     115       6      17            28.83333             3.33333             2.58634             0.18711             1.79889             0.42866           636.69133             3.61321             2.10350       1       3
