   10000       2       1       2       9       9     502       6       6       0     502      36       0            21.30556             2.97222             2.18550             0.22404             1.60095             0.31630           871.56841             3.81060             2.43201       0       0
   10000       2       1       2       9       9     502       6       6       1     487      35      22            21.34286             2.94286             2.18894             0.22530             1.60235             0.32435           875.64489             3.80897             2.44334       1       6
   10000       2       1       2       9       9     502       6       6       2     481      34      10            21.67647             2.91176             2.20643             0.22038             1.60016             0.32751           855.25103             3.80023             2.41344       1       5
   10000       2       1       2       9       9     502       6       6       3     474      33      17            22.03030             3.03030             2.20605             0.21791             1.62522             0.31506           853.65804             3.77549             2.38408       3       5
   10000       2       1       2       9       9     502       6       6       4     463      32      21            22.21875             2.93750             2.22805             0.21832             1.61246             0.32514           848.27273             3.76491             2.37413       6       5
   10000       2       1       2       9       9     502       6       6       5     445      31      19            22.51613             3.00000             2.26332             0.21908             1.63253             0.32830           854.76745             3.64738             2.39656       4       5
   10000       2       1       2       9       9     502       6       6       6     436      30      20            22.46667             3.00000             2.23325             0.21689             1.62984             0.31965           866.74695             3.61547             2.36111       4       6
   10000       2       1       2       9       9     502       6       6       7     421      29      29            22.03448             3.00000             2.22674             0.22131             1.62877             0.32301           881.52208             3.63958             2.34043       2       6
   10000       2       1       2       9       9     502       6       6       8     405      28      24            21.85714             3.07143             2.23064             0.22387             1.62348             0.31374           888.59905             3.65967             2.30028       3       1
   10000       2       1       2       9       9     502       6       6       9     385      27      25            21.59259             3.07407             2.23222             0.22588             1.62808             0.32485           894.00766             3.64440             2.29865       2       5
   10000       2       1       2       9       9     502       6       6      10     375      26      26            21.42308             3.07692             2.22940             0.22743             1.63134             0.33073           892.74931             3.66889             2.25407       5       6
   10000       2       1       2       9       9     502       6       6      11     354      25      34            20.84000             3.08000             2.19544             0.22933             1.63804             0.31650           901.00970             3.69388             2.18922       2       4
   10000       2       1       2       9       9     502       6       6      12     338      24      21            20.91667             3.12500             2.23130             0.23273             1.63390             0.32527           908.12795             3.63301             2.15724       5       2
   10000       2       1       2       9       9     502       6       6      13     318      23      19            20.82609             3.08696             2.18896             0.23032             1.63854             0.33152           922.29841             3.62598             2.20805       3       6
   10000       2       1       2       9       9     502       6       6      14     306      22      19            20.95455             3.00000             2.20148             0.23173             1.61693             0.33129           929.61309             3.60445             2.20384       1       4
   10000       2       1       2       9       9     502       6       6      15     292      21      18            21.09524             2.95238             2.25107             0.23520             1.61560             0.32143           920.13179             3.64770             2.18717       3       2
   10000       2       1       2       9       9     502       6       6      16     270      20      25            20.75000             2.95000             2.22329             0.23987             1.59467             0.30194           952.81414             3.65193             2.16003       1       2
   10000       2       1       2       9       9     502       6       6      17     254      19      34            19.89474             3.00000             2.18611             0.24443             1.61358             0.29668           980.12619             3.66671             2.10977       2       1
   10000       2       1       2       9       9     502       6       6      18     248      18      15            20.33333             3.00000             2.20365             0.24077             1.61154             0.30912           962.26462             3.65338             2.03718       5       1
   10000       2       1       2       9       9     502       6       6      19     239      17      21            20.64706             3.05882             2.16976             0.23220             1.62080             0.31038           954.67999             3.65176             1.94215       4       3
   10000       2       1       2       9       9     502       6       6      20     227      16      26            20.25000             3.00000             2.22179             0.24348             1.60528             0.30621           982.32144             3.62458             1.79171       5       4
   10000       2       1       2       9       9     502       6       6      21     217      15      10            20.86667             3.00000             2.25625             0.23430             1.60951             0.31086           932.91129             3.60370             1.82069       1       3
   10000       2       1       2       9       9     502       6       6      22     203      14      20            20.42857             3.00000             2.20549             0.23683             1.63613             0.30714           971.88323             3.57752             1.77927       4       2
   10000       2       1       2       9       9     502       6       6      23     194      13      30            19.23077             3.07692             2.14285             0.24422             1.62515             0.28714          1043.38341             3.54322             1.58886       6       3
   10000       2       1       2       9       9     502       6       6      24     188      12      21            19.00000             3.08333             2.13509             0.24728             1.63760             0.29531          1066.02666             3.57179             1.42844       2       3
   10000       2       1       2       9       9     502       6       6      25     169      11      24            18.45455             3.00000             2.11655             0.25201             1.57152             0.29964          1072.90388             3.61880             1.40509       5       3
   10000       2       1       2       9       9     502       6       6      26     167      10      12            19.10000             3.00000             2.15487             0.24595             1.58502             0.30038          1051.33849             3.61022             1.28326       6       2
   10000       2       1       2       9       9     502       6       6      27     153       9      15            19.55556             3.00000             2.15726             0.23942             1.57860             0.30994          1038.88399             3.57238             1.29886       4       1
   10000       2       1       2       9       9     502       6       6      28     144       8      23            18.87500             2.87500             2.13971             0.24676             1.54717             0.30772          1125.86426             3.57026             1.09665       3       4
   10000       2       1       2       9       9     502       6       6      29     127       7      19            18.85714             2.71429             2.15215             0.24944             1.46660             0.33581          1179.35356             3.46884             1.07619       6       4
   10000       2       1       2       9       9     502       6       6      30     112       6      15            19.50000             2.83333             2.18862             0.24498             1.48485             0.35606          1134.10779             3.39714             1.08889       6       1
