   10000       2       1       1       1       7     508       6       6       0     508      36       0            20.91667             3.02778             2.17896             0.23201             1.65907             0.34872           966.72843             3.87881             2.34215       0       0
   10000       2       1       1       1       7     508       6       6       1     495      35      18            20.97143             2.97143             2.17679             0.23175             1.63530             0.33875           960.18211             3.90521             2.31005       4       6
   10000       2       1       1       1       7     508       6       6       2     484      34      27            20.70588             2.97059             2.17467             0.23622             1.63473             0.34317           975.60698             3.88971             2.22915       5       1
   10000       2       1       1       1       7     508       6       6       3     471      33      18            21.00000             3.00000             2.18636             0.23372             1.64256             0.34464           966.11230             3.83784             2.26074       4       5
   10000       2       1       1       1       7     508       6       6       4     453      32      27            21.03125             2.90625             2.19882             0.23456             1.61089             0.35509           965.39037             3.83799             2.25430       5       5
   10000       2       1       1       1       7     508       6       6       5     439      31      24            20.87097             2.90323             2.19656             0.23886             1.61175             0.35742           997.52156             3.82740             2.21678       1       3
   10000       2       1       1       1       7     508       6       6       6     423      30      20            20.90000             2.90000             2.18884             0.23559             1.62583             0.36313           950.14611             3.87025             2.20889       1       4
   10000       2       1       1       1       7     508       6       6       7     415      29      10            21.31034             3.03448             2.21663             0.23122             1.64574             0.34758           888.51054             3.91897             2.17041       2       3
   10000       2       1       1       1       7     508       6       6       8     397      28      31            20.75000             3.07143             2.19223             0.23439             1.66761             0.34706           907.01755             3.92163             2.10276       6       2
   10000       2       1       1       1       7     508       6       6       9     386      27      20            20.55556             3.03704             2.20104             0.23744             1.66406             0.35112           908.01896             3.95520             2.05598       1       2
   10000       2       1       1       1       7     508       6       6      10     371      26      26            20.38462             3.11538             2.19730             0.23978             1.65118             0.34353           914.79520             3.97580             2.04023       6       5
   10000       2       1       1       1       7     508       6       6      11     352      25      21            20.44000             3.08000             2.20183             0.23809             1.64788             0.34556           903.22248             3.97504             2.06732       2       2
   10000       2       1       1       1       7     508       6       6      12     344      24       8            21.00000             3.16667             2.19964             0.22642             1.67542             0.31808           902.98008             3.75647             2.10652       4       1
   10000       2       1       1       1       7     508       6       6      13     327      23      24            20.60870             3.04348             2.19750             0.23050             1.64190             0.29843           907.04889             3.76433             2.02522       5       3
   10000       2       1       1       1       7     508       6       6      14     310      22      24            20.31818             3.09091             2.19392             0.23413             1.64996             0.30570           919.19521             3.77195             2.03018       5       6
   10000       2       1       1       1       7     508       6       6      15     296      21      19            20.42857             3.14286             2.19294             0.23251             1.66274             0.29118           908.19889             3.75757             2.02053       3       6
   10000       2       1       1       1       7     508       6       6      16     286      20      25            19.80000             3.15000             2.14854             0.23528             1.66294             0.29295           918.10221             3.81125             1.92244       6       4
   10000       2       1       1       1       7     508       6       6      17     268      19      19            19.94737             3.10526             2.11582             0.23066             1.65398             0.30034           902.89437             3.87630             1.97425       6       3
   10000       2       1       1       1       7     508       6       6      18     262      18       9            20.83333             3.11111             2.20963             0.22916             1.65647             0.33209           849.92740             3.81661             1.96181       3       1
   10000       2       1       1       1       7     508       6       6      19     249      17      23            20.58824             3.29412             2.19324             0.22987             1.67135             0.31936           857.34888             3.81265             1.95434       2       1
   10000       2       1       1       1       7     508       6       6      20     236      16      27            20.12500             3.31250             2.18258             0.23330             1.70024             0.32747           858.64771             3.78700             1.83825       4       2
   10000       2       1       1       1       7     508       6       6      21     219      15      21            19.93333             3.33333             2.21552             0.23870             1.69785             0.34007           860.63434             3.83956             1.82083       3       5
   10000       2       1       1       1       7     508       6       6      22     201      14      16            20.50000             3.28571             2.27678             0.23862             1.70963             0.35938           849.93627             3.83118             1.94572       6       6
   10000       2       1       1       1       7     508       6       6      23     182      13      27            19.69231             3.30769             2.24563             0.24930             1.71568             0.35898           914.46562             3.77827             1.88448       1       5
   10000       2       1       1       1       7     508       6       6      24     177      12      23            19.41667             3.16667             2.20804             0.25031             1.73313             0.35724           930.58238             3.80313             1.68263       4       4
   10000       2       1       1       1       7     508       6       6      25     162      11      20            18.72727             3.18182             2.11173             0.25212             1.74291             0.30809          1076.03801             3.77517             1.54402       2       4
   10000       2       1       1       1       7     508       6       6      26     142      10      21            18.10000             3.10000             2.05340             0.25394             1.72595             0.30892          1107.05433             3.77629             1.55224       3       2
   10000       2       1       1       1       7     508       6       6      27     121       9      21            17.77778             3.00000             1.99585             0.25358             1.70106             0.31546          1145.55758             3.80918             1.61360       1       1
   10000       2       1       1       1       7     508       6       6      28     115       8       8            18.87500             3.37500             2.11278             0.24760             1.78125             0.34183           891.23860             3.85594             1.50788       2       5
   10000       2       1       1       1       7     508       6       6      29     100       7      18            17.85714             3.28571             2.06188             0.25340             1.74230             0.34818           907.62744             3.92578             1.39591       3       4
   10000       2       1       1       1       7     508       6       6      30      90       6      18            17.50000             3.16667             2.11080             0.26931             1.70650             0.36302           918.98210             3.91985             1.24481       2       6
   10000       2       1       1       1       7     508       6       6      31      76       5      14            18.00000             3.20000             2.12454             0.26327             1.80807             0.36163           897.89696             3.82074             1.27729       5       2
   10000       2       1       1       1       7     508       6       6      32      59       4      24            14.75000             3.50000             2.10579             0.31765             1.85534             0.34109          1090.97485             3.84868             1.00000       4       3
   10000       2       1       1       1       7     508       6       6      33      46       3      13            15.33333             3.66667             2.06199             0.29882             1.86267             0.34367          1112.18730             3.75121             1.00000       1       6
   10000       2       1       1       1       7     508       6       6      34      31       2      15            15.50000             4.00000             2.02632             0.29585             1.93687             0.22980          1156.22653             3.73087             1.00000       6       1
   10000       2       1       1       1       7     508       6       6      35      19       1      12            19.00000             4.00000             2.05263             0.22807             2.05556             0.27778           978.66603             3.38954             1.00000       3       3
   10000       2       1       1       1       7     508       6       6      36       0       0      19             0.00000             0.00000             0.00000             0.00000             0.00000             0.00000             0.00000             0.00000             0.00000       5       4
