   10000       2       1       2      12       1     514       6       6       0     514      36       0            21.69444             3.13889             2.30008             0.22645             1.65036             0.33603           860.60531             3.60649             2.37765       0       0
   10000       2       1       2      12       1     514       6       6       1     508      35      14            21.85714             3.11429             2.31685             0.22546             1.64659             0.33311           855.61449             3.60736             2.33641       6       1
   10000       2       1       2      12       1     514       6       6       2     497      34      19            21.97059             3.02941             2.33135             0.22543             1.64600             0.34015           851.22383             3.60229             2.29576       5       5
   10000       2       1       2      12       1     514       6       6       3     488      33      25            21.75758             3.00000             2.31263             0.22631             1.65155             0.33752           864.77275             3.59490             2.21350       6       3
   10000       2       1       2      12       1     514       6       6       4     469      32      28            21.75000             3.03125             2.30537             0.22594             1.64137             0.34050           865.13860             3.61596             2.21927       3       5
   10000       2       1       2      12       1     514       6       6       5     456      31      20            21.90323             3.03226             2.34030             0.22778             1.63844             0.34574           851.37868             3.61687             2.21805       5       6
   10000       2       1       2      12       1     514       6       6       6     439      30      22            21.76667             3.10000             2.32915             0.22888             1.65537             0.34345           852.25980             3.64016             2.16560       1       4
   10000       2       1       2      12       1     514       6       6       7     427      29      15            22.17241             3.13793             2.34576             0.22683             1.65542             0.33783           843.60701             3.63687             2.18776       5       3
   10000       2       1       2      12       1     514       6       6       8     403      28      28            22.07143             3.07143             2.35178             0.22826             1.64730             0.33767           843.35128             3.60305             2.19497       4       4
   10000       2       1       2      12       1     514       6       6       9     392      27      18            22.11111             3.14815             2.32734             0.22593             1.65254             0.32533           840.20088             3.61561             2.13085       3       1
   10000       2       1       2      12       1     514       6       6      10     377      26      24            22.00000             3.15385             2.33688             0.22802             1.65871             0.33257           846.68693             3.61528             2.12803       6       2
   10000       2       1       2      12       1     514       6       6      11     367      25      12            22.28000             3.12000             2.37880             0.22789             1.66291             0.34569           841.00240             3.56918             2.13234       5       4
   10000       2       1       2      12       1     514       6       6      12     351      24      20            22.08333             3.12500             2.33493             0.22563             1.66989             0.33583           844.11480             3.55887             2.12997       6       4
   10000       2       1       2      12       1     514       6       6      13     342      23      19            22.34783             3.04348             2.31508             0.22067             1.63951             0.32036           825.16372             3.57689             2.10087       1       3
   10000       2       1       2      12       1     514       6       6      14     333      22      24            22.31818             3.09091             2.32014             0.22179             1.64320             0.32026           824.36020             3.59768             2.04422       1       1
   10000       2       1       2      12       1     514       6       6      15     320      21      17            22.76190             3.00000             2.34196             0.21849             1.63344             0.33880           800.00941             3.59852             2.06539       3       2
   10000       2       1       2      12       1     514       6       6      16     307      20      18            22.70000             3.05000             2.31241             0.21591             1.65546             0.33232           813.99331             3.56535             2.04282       4       5
   10000       2       1       2      12       1     514       6       6      17     290      19      20            22.63158             3.10526             2.30159             0.21661             1.67111             0.33865           811.04342             3.54091             2.05862       6       6
   10000       2       1       2      12       1     514       6       6      18     273      18      17            22.94444             3.11111             2.30523             0.21339             1.67619             0.33548           807.19350             3.50182             2.11743       6       5
   10000       2       1       2      12       1     514       6       6      19     246      17      30            22.47059             3.11765             2.28679             0.21580             1.67617             0.33318           818.94140             3.52809             2.18482       2       1
   10000       2       1       2      12       1     514       6       6      20     234      16      15            22.75000             3.12500             2.32754             0.21640             1.66555             0.34402           805.83888             3.51907             2.20413       4       6
   10000       2       1       2      12       1     514       6       6      21     219      15      19            22.73333             3.20000             2.32333             0.21616             1.67719             0.34501           789.85252             3.55309             2.20343       3       6
   10000       2       1       2      12       1     514       6       6      22     205      14      25            22.78571             3.14286             2.34099             0.21841             1.69075             0.33739           792.00397             3.57690             2.13430       4       2
   10000       2       1       2      12       1     514       6       6      23     190      13      23            22.30769             3.23077             2.31806             0.22177             1.71493             0.30521           823.87008             3.53977             1.97312       2       4
   10000       2       1       2      12       1     514       6       6      24     178      12      21            22.33333             3.16667             2.33660             0.22310             1.66931             0.29887           826.74806             3.53998             1.95652       5       2
   10000       2       1       2      12       1     514       6       6      25     162      11      25            21.90909             3.18182             2.29153             0.22504             1.65362             0.27455           860.90461             3.51826             1.88363       2       3
   10000       2       1       2      12       1     514       6       6      26     153      10      20            21.70000             3.40000             2.29198             0.22928             1.68125             0.27811           880.65259             3.49103             1.70149       1       6
   10000       2       1       2      12       1     514       6       6      27     136       9      23            21.11111             3.44444             2.29159             0.23382             1.69628             0.26961           895.71032             3.47266             1.66722       4       3
   10000       2       1       2      12       1     514       6       6      28     117       8      26            20.25000             3.50000             2.28906             0.24447             1.68975             0.25424           905.64983             3.54680             1.64124       5       1
   10000       2       1       2      12       1     514       6       6      29     100       7      28            18.57143             3.57143             2.24423             0.25780             1.63696             0.23565           978.77155             3.57927             1.55144       3       3
   10000       2       1       2      12       1     514       6       6      30      89       6      20            17.00000             3.33333             2.20356             0.28896             1.60723             0.24098          1130.79830             3.58740             1.23981       2       5
