   10000       2       2       2       1       4     478       6       6       0     478      36       0            20.97222             2.94444             2.17468             0.22490             1.64555             0.34265           881.77585             3.80360             2.53724       0       0
   10000       2       2       2       1       4     478       6       6       1     467      35      19            21.62857             2.97143             2.23232             0.22411             1.63565             0.33913           849.45105             3.81453             2.57376       4       2
   10000       2       2       2       1       4     478       6       6       2     456      34      25            21.97059             2.85294             2.24724             0.22320             1.61968             0.34411           842.30960             3.83724             2.59987       6       2
   10000       2       2       2       1       4     478       6       6       3     446      33      21            22.18182             2.93939             2.25879             0.22088             1.64158             0.35198           810.26510             3.84974             2.55874       1       6
   10000       2       2       2       1       4     478       6       6       4     436      32      12            22.46875             2.87500             2.28686             0.21972             1.63988             0.35828           816.46535             3.82361             2.54127       1       4
   10000       2       2       2       1       4     478       6       6       5     418      31      27            23.03226             3.03226             2.24288             0.21054             1.69776             0.36848           789.61239             3.84184             2.62013       5       5
   10000       2       2       2       1       4     478       6       6       6     399      30      18            23.50000             3.06667             2.27739             0.20973             1.69812             0.39163           766.07167             3.91864             2.71436       3       5
   10000       2       2       2       1       4     478       6       6       7     386      29      21            23.65517             3.06897             2.29534             0.21062             1.71845             0.40517           754.39782             3.92956             2.70901       3       1
   10000       2       2       2       1       4     478       6       6       8     372      28      29            23.53571             3.14286             2.30823             0.21375             1.74113             0.41008           757.38268             3.91702             2.63978       4       4
   10000       2       2       2       1       4     478       6       6       9     354      27      32            23.81481             3.14815             2.34784             0.21296             1.75864             0.42038           737.48139             3.94916             2.67707       6       4
   10000       2       2       2       1       4     478       6       6      10     344      26      28            23.57692             3.15385             2.36072             0.21489             1.75831             0.42402           743.85941             3.92842             2.60484       4       5
   10000       2       2       2       1       4     478       6       6      11     330      25      26            23.92000             3.20000             2.37369             0.21271             1.78200             0.42843           722.94317             3.93541             2.63138       3       2
   10000       2       2       2       1       4     478       6       6      12     318      24      28            23.83333             3.20833             2.37611             0.21331             1.78538             0.43179           724.82410             3.95820             2.59712       4       3
   10000       2       2       2       1       4     478       6       6      13     312      23      26            24.26087             3.17391             2.33692             0.20714             1.82367             0.42915           717.65986             3.94684             2.56244       5       4
   10000       2       2       2       1       4     478       6       6      14     294      22      24            24.13636             3.22727             2.32910             0.20856             1.80277             0.42412           716.15693             4.02488             2.56307       4       6
   10000       2       2       2       1       4     478       6       6      15     283      21      21            23.80952             3.28571             2.32100             0.21114             1.82959             0.42085           730.33452             4.03345             2.50078       1       5
   10000       2       2       2       1       4     478       6       6      16     277      20      19            24.25000             3.25000             2.32557             0.20812             1.79179             0.41838           731.48031             4.01832             2.47646       6       3
   10000       2       2       2       1       4     478       6       6      17     265      19      23            24.47368             3.26316             2.35643             0.20907             1.81274             0.43256           724.37233             4.04111             2.48797       6       5
   10000       2       2       2       1       4     478       6       6      18     256      18      27            24.22222             3.27778             2.33863             0.21044             1.82795             0.42728           732.46601             4.00795             2.41184       5       6
   10000       2       2       2       1       4     478       6       6      19     244      17      17            24.35294             3.29412             2.36479             0.20905             1.83446             0.42383           726.59752             3.97014             2.37804       4       1
   10000       2       2       2       1       4     478       6       6      20     229      16      25            23.87500             3.18750             2.33357             0.21307             1.81294             0.41798           723.74510             4.12023             2.33070       2       4
   10000       2       2       2       1       4     478       6       6      21     222      15      14            24.26667             3.40000             2.35425             0.20774             1.86916             0.39933           726.05201             4.08695             2.26659       3       6
   10000       2       2       2       1       4     478       6       6      22     207      14      20            24.50000             3.42857             2.35736             0.20595             1.86612             0.41010           716.88531             4.09215             2.29989       6       6
   10000       2       2       2       1       4     478       6       6      23     195      13      31            24.53846             3.38462             2.36927             0.20708             1.86503             0.40174           723.69509             4.07678             2.29842       5       3
   10000       2       2       2       1       4     478       6       6      24     176      12      34            23.25000             3.58333             2.31997             0.21297             1.87849             0.39786           752.16670             4.13722             2.26060       5       1
   10000       2       2       2       1       4     478       6       6      25     167      11      20            23.45455             3.54545             2.35925             0.21614             1.89733             0.41271           755.47799             4.19147             2.14521       3       4
   10000       2       2       2       1       4     478       6       6      26     143      10      32            22.50000             3.50000             2.29724             0.21866             1.88623             0.40298           784.89883             4.16920             2.17330       5       2
   10000       2       2       2       1       4     478       6       6      27     122       9      23            22.33333             3.44444             2.31326             0.22222             1.87763             0.40420           806.10431             4.07173             2.27029       6       1
   10000       2       2       2       1       4     478       6       6      28     112       8      22            21.62500             3.37500             2.28867             0.22987             1.83210             0.41008           845.46727             4.07077             2.14471       2       5
   10000       2       2       2       1       4     478       6       6      29      98       7      15            22.57143             3.28571             2.33406             0.22294             1.83873             0.40744           784.43356             3.95726             2.29010       2       6
   10000       2       2       2       1       4     478       6       6      30      91       6      19            24.00000             3.33333             2.42282             0.21833             1.77831             0.40880           751.22662             3.88478             2.23276       3       3
