   10000       2       2       1       1       8     487       6       6       0     487      36       0            20.66667             3.16667             2.25710             0.23799             1.67006             0.35268           950.26692             3.56068             2.38376       0       0
   10000       2       2       1       1       8     487       6       6       1     469      35      25            21.08571             3.20000             2.27705             0.23333             1.68125             0.34687           904.38404             3.60034             2.45693       6       5
   10000       2       2       1       1       8     487       6       6       2     455      34      22            21.11765             3.11765             2.25573             0.23183             1.68938             0.34054           913.75507             3.60628             2.44514       2       6
   10000       2       2       1       1       8     487       6       6       3     433      33      34            20.96970             3.15152             2.25414             0.23297             1.68407             0.34701           911.45915             3.61728             2.45781       2       1
   10000       2       2       1       1       8     487       6       6       4     422      32      23            21.25000             3.15625             2.24683             0.22920             1.67837             0.34275           901.68688             3.60487             2.47002       2       2
   10000       2       2       1       1       8     487       6       6       5     410      31      20            21.83871             3.16129             2.25487             0.22316             1.69455             0.35751           862.61400             3.61976             2.52814       2       4
   10000       2       2       1       1       8     487       6       6       6     398      30      27            22.70000             3.13333             2.30827             0.21880             1.73057             0.36687           817.90551             3.61206             2.57261       4       2
   10000       2       2       1       1       8     487       6       6       7     389      29      23            23.06897             3.13793             2.34490             0.21904             1.74106             0.36510           800.34118             3.63147             2.59532       6       4
   10000       2       2       1       1       8     487       6       6       8     380      28      18            23.82143             3.21429             2.35493             0.21405             1.76756             0.37693           771.15979             3.63071             2.59801       4       5
   10000       2       2       1       1       8     487       6       6       9     370      27      21            24.25926             3.25926             2.40175             0.21251             1.77694             0.37576           753.50180             3.60113             2.59548       1       4
   10000       2       2       1       1       8     487       6       6      10     362      26      25            24.65385             3.23077             2.43304             0.21258             1.79369             0.38220           741.77509             3.59908             2.55148       3       4
   10000       2       2       1       1       8     487       6       6      11     353      25      19            24.44000             3.24000             2.37635             0.20911             1.76651             0.35874           752.98171             3.61028             2.47316       4       1
   10000       2       2       1       1       8     487       6       6      12     338      24      29            24.29167             3.25000             2.38081             0.21084             1.74721             0.37002           762.92541             3.61475             2.41272       3       3
   10000       2       2       1       1       8     487       6       6      13     334      23      20            24.65217             3.34783             2.36495             0.20751             1.77573             0.36685           746.28116             3.65348             2.35253       5       4
   10000       2       2       1       1       8     487       6       6      14     317      22      21            24.45455             3.22727             2.39067             0.21202             1.77555             0.36578           751.30128             3.64207             2.34860       2       3
   10000       2       2       1       1       8     487       6       6      15     304      21      26            24.95238             3.19048             2.44711             0.21222             1.77442             0.38077           731.78788             3.64662             2.36960       6       2
   10000       2       2       1       1       8     487       6       6      16     287      20      24            24.20000             3.10000             2.42679             0.22323             1.77944             0.39442           784.76754             3.65542             2.29322       1       5
   10000       2       2       1       1       8     487       6       6      17     270      19      27            23.68421             3.21053             2.43983             0.22833             1.79800             0.39678           792.22433             3.69366             2.21775       3       6
   10000       2       2       1       1       8     487       6       6      18     257      18      19            23.44444             3.22222             2.45052             0.23252             1.81129             0.40778           809.52825             3.70037             2.21177       3       1
   10000       2       2       1       1       8     487       6       6      19     248      17      28            22.82353             3.17647             2.43558             0.23693             1.79310             0.39409           826.12117             3.74949             2.07715       5       2
   10000       2       2       1       1       8     487       6       6      20     235      16      20            22.81250             3.31250             2.41702             0.23907             1.81945             0.38150           837.02875             3.73157             2.03326       4       6
   10000       2       2       1       1       8     487       6       6      21     224      15      19            23.00000             3.26667             2.41918             0.23813             1.83297             0.38800           824.33880             3.73695             1.99118       1       3
   10000       2       2       1       1       8     487       6       6      22     207      14      29            21.92857             3.14286             2.37481             0.24469             1.80228             0.38201           857.34203             3.78461             1.92570       4       3
   10000       2       2       1       1       8     487       6       6      23     197      13      25            21.46154             3.15385             2.35291             0.24888             1.74946             0.36429           888.25402             3.82940             1.81433       5       6
   10000       2       2       1       1       8     487       6       6      24     183      12      23            21.33333             3.16667             2.35695             0.25217             1.74374             0.35677           892.08618             3.82179             1.72572       5       5
   10000       2       2       1       1       8     487       6       6      25     166      11      23            21.18182             3.27273             2.32616             0.25281             1.75763             0.34788           893.07915             3.80717             1.70452       3       2
   10000       2       2       1       1       8     487       6       6      26     158      10      12            22.10000             3.20000             2.38378             0.24628             1.76067             0.35539           886.34707             3.65569             1.67669       6       6
   10000       2       2       1       1       8     487       6       6      27     132       9      33            20.88889             3.22222             2.32878             0.25365             1.73407             0.33933           920.85981             3.64124             1.65384       4       4
   10000       2       2       1       1       8     487       6       6      28     118       8      21            20.25000             3.12500             2.29994             0.26274             1.67064             0.32341           958.32313             3.66988             1.55224       3       5
   10000       2       2       1       1       8     487       6       6      29     103       7      16            20.85714             3.00000             2.30707             0.25741             1.64264             0.35056           917.27668             3.60724             1.60573       2       5
   10000       2       2       1       1       8     487       6       6      30      93       6      24            20.16667             3.00000             2.35171             0.27042             1.66237             0.35150           959.46991             3.66800             1.49792       5       3
   10000       2       2       1       1       8     487       6       6      31      81       5      10            21.80000             3.20000             2.40270             0.23682             1.75248             0.37778           831.35958             3.56393             1.60000       1       6
   10000       2       2       1       1       8     487       6       6      32      71       4      19            22.00000             3.00000             2.35652             0.23010             1.79521             0.36816           878.34064             3.50517             1.45144       1       2
   10000       2       2       1       1       8     487       6       6      33      52       3      18            23.00000             3.00000             2.42938             0.22484             1.74286             0.43862           833.55268             3.28189             1.60397       1       1
   10000       2       2       1       1       8     487       6       6      34      27       2      29            20.00000             3.00000             2.21303             0.23505             1.77500             0.37222           870.41622             3.30663             1.68611       6       3
   10000       2       2       1       1       8     487       6       6      35      14       1      21            14.00000             5.00000             2.00000             0.30769             2.15385             0.30769          1259.97909             3.39733             1.00000       6       1
   10000       2       2       1       1       8     487       6       6      36       0       0      14             0.00000             0.00000             0.00000             0.00000             0.00000             0.00000             0.00000             0.00000             0.00000       5       1
