   10000       2       2       2       3       3     478       6       6       0     478      36       0            20.97222             2.94444             2.17468             0.22490             1.64555             0.34265           881.77585             3.80360             2.53724       0       0
   10000       2       2       2       3       3     478       6       6       1     460      35      18            21.22857             2.91429             2.19017             0.22204             1.65231             0.36019           862.94991             3.83719             2.58834       3       5
   10000       2       2       2       3       3     478       6       6       2     442      34      27            21.76471             3.02941             2.16994             0.21487             1.68234             0.35812           839.78351             3.86444             2.64880       5       5
   10000       2       2       2       3       3     478       6       6       3     428      33      25            22.33333             3.09091             2.21464             0.21420             1.70064             0.36579           818.49816             3.87669             2.69518       4       3
   10000       2       2       2       3       3     478       6       6       4     423      32      21            22.46875             3.06250             2.25568             0.22272             1.69399             0.38712           823.67388             3.92406             2.66919       5       3
   10000       2       2       2       3       3     478       6       6       5     411      31      27            22.38710             3.03226             2.24743             0.21807             1.67551             0.38665           826.03719             3.96670             2.64870       4       6
   10000       2       2       2       3       3     478       6       6       6     394      30      29            22.63333             3.00000             2.26219             0.22290             1.67709             0.39687           819.87520             3.98548             2.67554       6       2
   10000       2       2       2       3       3     478       6       6       7     370      29      23            22.79310             3.00000             2.26988             0.21903             1.69576             0.40809           786.95537             4.03329             2.72940       2       4
   10000       2       2       2       3       3     478       6       6       8     364      28      15            22.96429             3.00000             2.26580             0.21644             1.72094             0.40814           789.11030             3.96720             2.67320       6       3
   10000       2       2       2       3       3     478       6       6       9     352      27      26            22.81481             2.96296             2.26399             0.21750             1.71494             0.39767           794.86165             3.97094             2.63772       4       5
   10000       2       2       2       3       3     478       6       6      10     331      26      26            22.61538             3.03846             2.25177             0.21781             1.72682             0.39567           802.28458             3.96492             2.67580       6       1
   10000       2       2       2       3       3     478       6       6      11     321      25      17            23.04000             3.08000             2.26350             0.21288             1.74425             0.38701           768.03637             3.96738             2.65305       2       5
   10000       2       2       2       3       3     478       6       6      12     303      24      17            24.00000             3.08333             2.33073             0.20951             1.74454             0.40088           731.55490             3.94322             2.77839       3       1
   10000       2       2       2       3       3     478       6       6      13     293      23      24            23.95652             3.17391             2.31032             0.20875             1.75658             0.39392           731.97595             3.96917             2.74584       5       6
   10000       2       2       2       3       3     478       6       6      14     277      22      26            23.63636             3.09091             2.26588             0.20733             1.72522             0.38895           741.46250             4.05902             2.72745       2       6
   10000       2       2       2       3       3     478       6       6      15     263      21      26            23.09524             3.14286             2.22275             0.20828             1.72077             0.38076           756.55139             4.07851             2.69928       5       4
   10000       2       2       2       3       3     478       6       6      16     256      20      22            23.30000             3.20000             2.20442             0.20550             1.74930             0.37322           751.89337             4.13937             2.64092       3       4
   10000       2       2       2       3       3     478       6       6      17     241      19      29            23.05263             3.26316             2.22551             0.21034             1.76825             0.36938           754.50491             4.16673             2.65716       6       4
   10000       2       2       2       3       3     478       6       6      18     237      18      21            23.27778             3.33333             2.21431             0.20906             1.79685             0.35781           753.68098             4.21174             2.52600       2       3
   10000       2       2       2       3       3     478       6       6      19     218      17      28            22.94118             3.29412             2.22589             0.21427             1.80040             0.36006           754.44202             4.22853             2.51113       4       4
   10000       2       2       2       3       3     478       6       6      20     211      16      15            23.43750             3.43750             2.21693             0.20637             1.83858             0.34415           756.78376             4.13939             2.51119       3       6
   10000       2       2       2       3       3     478       6       6      21     198      15      33            23.00000             3.40000             2.24460             0.21210             1.82796             0.36474           741.59932             4.22276             2.37232       2       2
   10000       2       2       2       3       3     478       6       6      22     183      14      30            22.50000             3.42857             2.20739             0.21310             1.86265             0.38108           765.22537             4.25704             2.32842       5       2
   10000       2       2       2       3       3     478       6       6      23     163      13      33            21.30769             3.38462             2.16968             0.22017             1.88118             0.38810           796.18102             4.35011             2.31792       3       2
   10000       2       2       2       3       3     478       6       6      24     152      12      17            21.25000             3.33333             2.13935             0.21745             1.90728             0.37287           809.58940             4.37462             2.22218       2       1
   10000       2       2       2       3       3     478       6       6      25     142      11      17            21.45455             3.36364             2.11887             0.21188             1.89070             0.35824           804.95878             4.32400             2.14861       3       3
   10000       2       2       2       3       3     478       6       6      26     132      10      20            20.50000             3.40000             2.09404             0.22003             1.86231             0.33304           837.58539             4.40673             2.01178       4       1
   10000       2       2       2       3       3     478       6       6      27     122       9      20            20.55556             3.44444             2.04682             0.21381             1.87494             0.31742           825.48469             4.39590             1.95090       4       2
   10000       2       2       2       3       3     478       6       6      28     111       8      23            19.87500             3.37500             2.09134             0.22804             1.83362             0.33803           830.08240             4.46242             1.88024       6       5
   10000       2       2       2       3       3     478       6       6      29      95       7      19            20.00000             3.28571             2.06697             0.22238             1.81064             0.32771           828.32265             4.49754             1.96408       6       6
   10000       2       2       2       3       3     478       6       6      30      68       6      28            18.66667             3.33333             2.06028             0.23628             1.77628             0.30826           866.54752             4.43438             2.10933       5       1
