   10000       2       1       2       1       5     467       6       6       0     467      36       0            20.41667             3.19444             2.11294             0.23015             1.72272             0.31714           954.81477             3.61434             2.49732       0       0
   10000       2       1       2       1       5     467       6       6       1     453      35      29            20.20000             3.14286             2.09576             0.23040             1.71151             0.31584           969.60178             3.61362             2.45989       5       1
   10000       2       1       2       1       5     467       6       6       2     439      34      20            20.61765             3.17647             2.14150             0.22975             1.69621             0.32372           942.87160             3.60360             2.52129       4       5
   10000       2       1       2       1       5     467       6       6       3     432      33      18            20.75758             3.12121             2.13415             0.22803             1.69493             0.32470           937.25354             3.61266             2.45578       5       3
   10000       2       1       2       1       5     467       6       6       4     418      32      23            20.78125             3.00000             2.16884             0.23292             1.67224             0.34193           944.46847             3.61106             2.45209       3       1
   10000       2       1       2       1       5     467       6       6       5     406      31      21            20.70968             2.96774             2.12532             0.23135             1.66700             0.34713           960.74757             3.61795             2.41412       2       6
   10000       2       1       2       1       5     467       6       6       6     390      30      26            20.60000             3.03333             2.11344             0.23387             1.66876             0.34658           988.63088             3.58865             2.36989       3       3
   10000       2       1       2       1       5     467       6       6       7     377      29      19            20.72414             3.06897             2.13224             0.23357             1.68413             0.33730           979.81643             3.61019             2.38328       6       3
   10000       2       1       2       1       5     467       6       6       8     364      28      25            20.75000             3.03571             2.16289             0.23622             1.67507             0.34293           977.04187             3.62114             2.36047       5       4
   10000       2       1       2       1       5     467       6       6       9     350      27      19            20.77778             3.00000             2.15829             0.23153             1.66267             0.36208           940.57177             3.66871             2.33739       2       5
   10000       2       1       2       1       5     467       6       6      10     333      26      24            20.69231             2.96154             2.14088             0.23130             1.65533             0.36121           941.40449             3.68678             2.34138       3       5
   10000       2       1       2       1       5     467       6       6      11     326      25      13            20.92000             2.92000             2.15226             0.22905             1.65759             0.36297           930.47355             3.68576             2.32733       4       1
   10000       2       1       2       1       5     467       6       6      12     306      24      23            20.75000             3.00000             2.11569             0.22744             1.67921             0.36084           943.39431             3.64310             2.35273       6       4
   10000       2       1       2       1       5     467       6       6      13     290      23      23            20.47826             3.00000             2.08866             0.22817             1.68098             0.35482           965.01630             3.66088             2.34762       3       6
   10000       2       1       2       1       5     467       6       6      14     279      22      25            20.27273             3.04545             2.07755             0.23036             1.68052             0.35611           974.28948             3.66405             2.30120       5       2
   10000       2       1       2       1       5     467       6       6      15     259      21      26            20.04762             3.04762             2.03800             0.24217             1.67846             0.35245          1099.04111             3.67919             2.26828       1       5
   10000       2       1       2       1       5     467       6       6      16     241      20      26            19.20000             2.95000             1.99950             0.24916             1.67265             0.34819          1161.23318             3.70792             2.20752       4       4
   10000       2       1       2       1       5     467       6       6      17     224      19      26            18.68421             3.05263             2.00054             0.25601             1.70608             0.35207          1179.17484             3.71236             2.15371       5       5
   10000       2       1       2       1       5     467       6       6      18     213      18      24            18.33333             3.11111             1.97178             0.25830             1.71495             0.35260          1222.44334             3.66250             2.08212       2       4
   10000       2       1       2       1       5     467       6       6      19     203      17      16            18.47059             3.00000             1.96513             0.25783             1.69473             0.35653          1248.83499             3.61379             2.09143       6       5
   10000       2       1       2       1       5     467       6       6      20     191      16      20            18.06250             3.06250             1.91526             0.25881             1.71879             0.35463          1279.70319             3.60049             2.09130       6       1
   10000       2       1       2       1       5     467       6       6      21     169      15      22            17.80000             3.00000             1.89156             0.26166             1.69464             0.35287          1321.09410             3.60626             2.16405       6       2
   10000       2       1       2       1       5     467       6       6      22     158      14      13            18.14286             3.00000             1.91129             0.26112             1.67878             0.36617          1308.24445             3.57984             2.22874       3       4
   10000       2       1       2       1       5     467       6       6      23     143      13      21            17.69231             2.92308             1.90723             0.26787             1.64426             0.36757          1342.19219             3.58294             2.15532       3       2
   10000       2       1       2       1       5     467       6       6      24     136      12      16            17.75000             2.91667             1.89473             0.26903             1.61285             0.35933          1375.69825             3.60092             2.15002       4       3
   10000       2       1       2       1       5     467       6       6      25     124      11      14            17.45455             2.81818             1.89064             0.27691             1.59748             0.35810          1431.34090             3.54627             2.12706       6       6
   10000       2       1       2       1       5     467       6       6      26     107      10      18            17.40000             2.70000             1.85517             0.27849             1.55375             0.35880          1479.79818             3.54892             2.22833       4       2
   10000       2       1       2       1       5     467       6       6      27      87       9      25            16.33333             2.66667             1.87154             0.29450             1.50592             0.34203          1543.58810             3.52735             2.23345       1       4
   10000       2       1       2       1       5     467       6       6      28      82       8       5            17.62500             2.87500             1.86835             0.22813             1.58110             0.30287          1098.49429             3.56755             2.38390       1       6
   10000       2       1       2       1       5     467       6       6      29      72       7      16            17.14286             2.85714             1.86462             0.25325             1.55936             0.32505          1246.75579             3.63670             2.34589       5       6
   10000       2       1       2       1       5     467       6       6      30      64       6       8            18.66667             3.00000             1.89578             0.21710             1.62877             0.33161           994.48748             3.71044             2.57020       4       6
