   10000       2       1       2       8       3     514       6       6       0     514      36       0            21.69444             3.13889             2.30008             0.22645             1.65036             0.33603           860.60524             3.60649             2.37765       0       0
   10000       2       1       2       8       3     514       6       6       1     499      35      21            21.82857             3.17143             2.32480             0.22777             1.65979             0.34353           851.92310             3.62279             2.36612       1       4
   10000       2       1       2       8       3     514       6       6       2     482      34      24            21.82353             3.20588             2.31600             0.22709             1.66794             0.33828           846.61672             3.62803             2.35314       3       4
   10000       2       1       2       8       3     514       6       6       3     467      33      27            21.69697             3.21212             2.30342             0.22628             1.67008             0.33259           845.62093             3.61794             2.32751       6       2
   10000       2       1       2       8       3     514       6       6       4     459      32      19            21.75000             3.15625             2.28047             0.22338             1.65433             0.33048           835.78933             3.63823             2.30255       1       3
   10000       2       1       2       8       3     514       6       6       5     448      31      21            21.96774             3.16129             2.27905             0.22150             1.64587             0.32697           821.76018             3.64687             2.28012       3       6
   10000       2       1       2       8       3     514       6       6       6     436      30      19            22.06667             3.10000             2.29551             0.22199             1.65227             0.33507           817.21871             3.64279             2.24363       5       5
   10000       2       1       2       8       3     514       6       6       7     418      29      22            21.82759             3.10345             2.29814             0.22498             1.63416             0.32995           833.61648             3.62051             2.22181       6       5
   10000       2       1       2       8       3     514       6       6       8     406      28      20            21.57143             3.14286             2.27913             0.22575             1.63725             0.32126           846.14474             3.63299             2.18255       1       2
   10000       2       1       2       8       3     514       6       6       9     400      27      15            21.85185             3.22222             2.28575             0.22328             1.65316             0.32104           845.92140             3.60048             2.14290       1       5
   10000       2       1       2       8       3     514       6       6      10     391      26      20            21.84615             3.15385             2.29580             0.22523             1.64896             0.31957           852.27912             3.58064             2.09115       6       3
   10000       2       1       2       8       3     514       6       6      11     378      25      21            21.92000             3.16000             2.28904             0.22399             1.64719             0.32346           849.16072             3.55983             2.07428       4       4
   10000       2       1       2       8       3     514       6       6      12     361      24      21            21.70833             3.08333             2.30093             0.22749             1.65086             0.32816           855.61372             3.57045             2.01127       2       2
   10000       2       1       2       8       3     514       6       6      13     352      23      21            21.65217             3.08696             2.28643             0.22685             1.65296             0.32315           862.66471             3.54456             1.93364       2       5
   10000       2       1       2       8       3     514       6       6      14     341      22      14            21.81818             3.09091             2.30410             0.22533             1.66061             0.31946           859.28118             3.54526             1.91226       6       1
   10000       2       1       2       8       3     514       6       6      15     321      21      22            21.47619             3.19048             2.33343             0.23271             1.65766             0.31351           886.22532             3.56224             1.88542       4       6
   10000       2       1       2       8       3     514       6       6      16     309      20      21            21.40000             3.20000             2.30661             0.23242             1.65770             0.32029           901.22954             3.55647             1.86782       2       6
   10000       2       1       2       8       3     514       6       6      17     287      19      32            20.68421             3.21053             2.28829             0.23747             1.63406             0.31479           930.32364             3.58797             1.83420       2       1
   10000       2       1       2       8       3     514       6       6      18     270      18      24            20.66667             3.22222             2.29525             0.23804             1.62984             0.30956           940.07347             3.56821             1.84004       2       3
   10000       2       1       2       8       3     514       6       6      19     258      17      23            20.76471             3.23529             2.25286             0.23535             1.63682             0.29277           944.15691             3.59674             1.77237       4       1
   10000       2       1       2       8       3     514       6       6      20     247      16      15            20.93750             3.31250             2.27539             0.23455             1.63624             0.29884           927.52415             3.61293             1.75161       3       1
   10000       2       1       2       8       3     514       6       6      21     223      15      31            19.80000             3.26667             2.19909             0.24312             1.62965             0.30105           976.79235             3.66653             1.72183       3       5
   10000       2       1       2       8       3     514       6       6      22     201      14      28            19.50000             3.42857             2.15912             0.24377             1.65438             0.30017           998.90332             3.71632             1.73127       3       3
   10000       2       1       2       8       3     514       6       6      23     186      13      31            18.15385             3.30769             2.10569             0.25466             1.65949             0.29590          1064.57108             3.75867             1.53059       4       2
   10000       2       1       2       8       3     514       6       6      24     174      12      23            17.41667             3.16667             2.10129             0.26294             1.60951             0.27146          1105.73803             3.77036             1.38856       5       2
   10000       2       1       2       8       3     514       6       6      25     155      11      20            17.18182             3.18182             2.11050             0.26771             1.60706             0.27700          1093.69450             3.83925             1.41432       5       1
   10000       2       1       2       8       3     514       6       6      26     139      10      15            17.30000             3.10000             2.08795             0.26301             1.59943             0.29772          1088.96450             3.81164             1.45575       1       6
   10000       2       1       2       8       3     514       6       6      27     127       9      16            16.77778             3.11111             2.11655             0.28543             1.60664             0.31191          1170.41687             3.96822             1.35295       5       6
   10000       2       1       2       8       3     514       6       6      28     117       8      18            15.87500             3.12500             2.02438             0.29206             1.61340             0.31759          1312.30519             3.96996             1.13765       5       4
   10000       2       1       2       8       3     514       6       6      29     102       7      15            16.00000             3.28571             2.01688             0.29111             1.66914             0.32087          1311.91496             3.97308             1.15731       6       4
   10000       2       1       2       8       3     514       6       6      30      86       6      22            14.33333             3.50000             1.92766             0.30942             1.69287             0.27167          1441.53288             3.99678             1.00000       4       3
