   10000       2       1       2       5      10     502       6       6       0     502      36       0            21.30556             2.97222             2.18550             0.22404             1.60095             0.31630           871.56841             3.81060             2.43201       0       0
   10000       2       1       2       5      10     502       6       6       1     487      35      25            21.34286             2.97143             2.19461             0.22228             1.59635             0.31852           860.09668             3.80634             2.41759       2       6
   10000       2       1       2       5      10     502       6       6       2     478      34      21            21.32353             2.94118             2.20394             0.22380             1.58898             0.31588           865.67343             3.80358             2.35384       1       4
   10000       2       1       2       5      10     502       6       6       3     461      33      22            21.90909             2.96970             2.24022             0.22121             1.60746             0.31633           836.54113             3.79554             2.41731       5       6
   10000       2       1       2       5      10     502       6       6       4     445      32      25            21.84375             2.96875             2.21264             0.22069             1.60876             0.31500           851.54645             3.77055             2.40574       6       3
   10000       2       1       2       5      10     502       6       6       5     436      31      25            21.83871             2.93548             2.22902             0.22271             1.61389             0.30850           849.62490             3.78829             2.35120       2       2
   10000       2       1       2       5      10     502       6       6       6     426      30      17            21.86667             3.00000             2.21326             0.22101             1.63190             0.30227           854.76571             3.80480             2.32041       1       5
   10000       2       1       2       5      10     502       6       6       7     416      29      18            22.17241             2.96552             2.22320             0.21723             1.63512             0.30665           836.43529             3.79751             2.28551       5       1
   10000       2       1       2       5      10     502       6       6       8     401      28      27            22.07143             3.07143             2.22019             0.21955             1.63031             0.30230           843.47747             3.82833             2.24899       3       1
   10000       2       1       2       5      10     502       6       6       9     390      27      19            22.22222             3.11111             2.23632             0.21976             1.63790             0.30426           836.27816             3.83421             2.19860       4       3
   10000       2       1       2       5      10     502       6       6      10     371      26      30            22.11538             3.19231             2.21899             0.21676             1.64742             0.30433           823.64270             3.83325             2.17166       2       4
   10000       2       1       2       5      10     502       6       6      11     368      25      15            22.40000             3.20000             2.22104             0.21397             1.65605             0.30795           816.80000             3.82628             2.11509       6       2
   10000       2       1       2       5      10     502       6       6      12     352      24      19            22.45833             3.20833             2.21866             0.21299             1.67228             0.30789           810.71158             3.83637             2.13373       4       1
   10000       2       1       2       5      10     502       6       6      13     327      23      31            21.95652             3.13043             2.23674             0.21882             1.65895             0.31367           823.44788             3.85380             2.14925       2       1
   10000       2       1       2       5      10     502       6       6      14     318      22      19            22.18182             3.13636             2.24217             0.21736             1.65652             0.32253           828.75400             3.82324             2.11113       4       6
   10000       2       1       2       5      10     502       6       6      15     305      21      19            22.00000             3.09524             2.23462             0.21956             1.63421             0.30473           847.20451             3.79997             2.05937       5       2
   10000       2       1       2       5      10     502       6       6      16     295      20      19            22.00000             3.05000             2.25280             0.22258             1.62653             0.31134           850.58461             3.83409             2.01474       3       2
   10000       2       1       2       5      10     502       6       6      17     282      19      16            22.31579             3.10526             2.24948             0.21863             1.62764             0.31060           838.45099             3.83161             2.04429       1       6
   10000       2       1       2       5      10     502       6       6      18     267      18      24            22.11111             3.11111             2.26004             0.22224             1.61111             0.29716           829.00376             3.89677             1.98760       3       3
   10000       2       1       2       5      10     502       6       6      19     248      17      26            21.94118             3.11765             2.26267             0.22318             1.59483             0.29778           824.62667             3.92860             2.01383       2       5
   10000       2       1       2       5      10     502       6       6      20     233      16      22            21.81250             3.18750             2.27241             0.22646             1.60748             0.28791           862.49411             3.74976             1.94645       4       5
   10000       2       1       2       5      10     502       6       6      21     218      15      23            21.33333             3.20000             2.24274             0.22985             1.62469             0.30223           882.06018             3.72105             1.90577       3       6
   10000       2       1       2       5      10     502       6       6      22     205      14      21            21.07143             3.14286             2.24027             0.23402             1.62681             0.30062           892.11703             3.76407             1.86884       2       3
   10000       2       1       2       5      10     502       6       6      23     192      13      17            21.07692             3.15385             2.28275             0.24110             1.65264             0.30286           909.86889             3.71070             1.82635       3       5
   10000       2       1       2       5      10     502       6       6      24     178      12      14            21.66667             3.08333             2.29739             0.23394             1.66215             0.30245           889.71064             3.63672             1.89522       4       2
   10000       2       1       2       5      10     502       6       6      25     171      11      19            21.72727             3.09091             2.28142             0.23243             1.68791             0.30414           875.21870             3.63984             1.74193       4       4
   10000       2       1       2       5      10     502       6       6      26     151      10      23            21.50000             3.10000             2.33322             0.24084             1.66870             0.30796           859.55489             3.76716             1.80390       5       3
   10000       2       1       2       5      10     502       6       6      27     141       9      19            21.33333             3.11111             2.33729             0.24602             1.64540             0.29164           873.91429             3.80097             1.62576       5       4
   10000       2       1       2       5      10     502       6       6      28     128       8      13            22.37500             3.00000             2.35668             0.23204             1.62191             0.30726           860.04209             3.79445             1.70399       3       4
   10000       2       1       2       5      10     502       6       6      29     114       7      14            23.57143             3.14286             2.41783             0.22280             1.65581             0.31819           759.61260             3.76373             1.80455       6       1
   10000       2       1       2       5      10     502       6       6      30      98       6      21            23.50000             3.33333             2.37468             0.21705             1.69109             0.32907           749.66160             3.71338             1.75635       5       5
