   10000       2       2       2       2       4     467       6       6       0     467      36       0            20.41667             3.19444             2.11294             0.23015             1.72272             0.31714           954.81477             3.61434             2.49732       0       0
   10000       2       2       2       2       4     467       6       6       1     456      35      16            20.65714             3.20000             2.12251             0.22789             1.73018             0.32107           944.90225             3.61547             2.53331       6       1
   10000       2       2       2       2       4     467       6       6       2     446      34      21            21.00000             3.08824             2.15755             0.22636             1.72118             0.33474           911.17515             3.64405             2.56073       2       5
   10000       2       2       2       2       4     467       6       6       3     431      33      28            21.06061             3.12121             2.17445             0.22540             1.71067             0.35034           893.02673             3.64241             2.54768       1       4
   10000       2       2       2       2       4     467       6       6       4     427      32      14            21.31250             3.21875             2.15738             0.21973             1.74048             0.34254           870.77534             3.66149             2.51519       1       6
   10000       2       2       2       2       4     467       6       6       5     417      31      19            21.67742             3.22581             2.19367             0.22058             1.75200             0.36899           854.03482             3.62365             2.55750       2       4
   10000       2       2       2       2       4     467       6       6       6     410      30      24            22.13333             3.20000             2.20236             0.21843             1.75467             0.37773           842.07877             3.61827             2.54673       3       1
   10000       2       2       2       2       4     467       6       6       7     399      29      23            22.44828             3.27586             2.19181             0.21372             1.77976             0.36855           824.83823             3.64277             2.55049       1       2
   10000       2       2       2       2       4     467       6       6       8     382      28      29            22.17857             3.28571             2.17224             0.21456             1.78096             0.36381           831.73767             3.65203             2.53476       1       5
   10000       2       2       2       2       4     467       6       6       9     377      27      17            22.48148             3.33333             2.19252             0.21312             1.81645             0.35183           829.92094             3.59219             2.48927       2       3
   10000       2       2       2       2       4     467       6       6      10     356      26      29            23.15385             3.34615             2.28432             0.21216             1.85251             0.36448           779.21492             3.61342             2.60691       5       5
   10000       2       2       2       2       4     467       6       6      11     344      25      26            24.00000             3.40000             2.32564             0.20883             1.85286             0.38703           746.12109             3.61026             2.71979       4       5
   10000       2       2       2       2       4     467       6       6      12     340      24      15            24.70833             3.41667             2.33239             0.20240             1.84481             0.38783           723.37634             3.62365             2.70161       4       1
   10000       2       2       2       2       4     467       6       6      13     327      23      23            24.95652             3.47826             2.39092             0.20522             1.87028             0.40259           708.05555             3.65507             2.69183       6       3
   10000       2       2       2       2       4     467       6       6      14     310      22      24            24.36364             3.50000             2.37476             0.21256             1.88395             0.39257           728.41140             3.65848             2.65093       5       6
   10000       2       2       2       2       4     467       6       6      15     296      21      27            24.33333             3.52381             2.34939             0.20799             1.92852             0.37193           728.92411             3.63899             2.55009       6       4
   10000       2       2       2       2       4     467       6       6      16     284      20      20            24.45000             3.55000             2.34875             0.20611             1.92583             0.38111           721.28368             3.64536             2.54545       2       6
   10000       2       2       2       2       4     467       6       6      17     263      19      33            23.94737             3.52632             2.35697             0.21196             1.92323             0.39493           734.12332             3.65799             2.53398       3       5
   10000       2       2       2       2       4     467       6       6      18     252      18      26            23.83333             3.50000             2.33314             0.21136             1.92612             0.40495           729.51778             3.69628             2.45115       5       3
   10000       2       2       2       2       4     467       6       6      19     244      17      17            24.11765             3.52941             2.32344             0.20672             1.94192             0.39081           711.71551             3.71928             2.41815       1       1
   10000       2       2       2       2       4     467       6       6      20     229      16      23            24.12500             3.50000             2.29787             0.20461             1.93014             0.38309           717.69971             3.70590             2.40048       1       3
   10000       2       2       2       2       4     467       6       6      21     217      15      23            23.93333             3.53333             2.26324             0.20298             1.96351             0.38521           720.14458             3.71928             2.33148       5       4
   10000       2       2       2       2       4     467       6       6      22     207      14      19            24.07143             3.64286             2.28826             0.20610             1.97332             0.38287           726.29364             3.70996             2.28418       6       6
   10000       2       2       2       2       4     467       6       6      23     190      13      25            23.53846             3.46154             2.32165             0.21335             1.93251             0.41486           740.85450             3.73437             2.26624       5       1
   10000       2       2       2       2       4     467       6       6      24     183      12      20            24.33333             3.58333             2.30435             0.20532             1.97700             0.40440           729.09063             3.73656             2.20497       5       2
   10000       2       2       2       2       4     467       6       6      25     166      11      34            23.36364             3.72727             2.26422             0.21038             2.01159             0.38161           754.83547             3.74761             2.10880       3       6
   10000       2       2       2       2       4     467       6       6      26     156      10      26            23.10000             3.50000             2.27578             0.21392             2.00400             0.39623           750.80570             3.81426             1.98859       2       2
   10000       2       2       2       2       4     467       6       6      27     146       9      16            23.88889             3.44444             2.28395             0.20502             2.01185             0.41804           750.43439             3.73961             1.98226       6       5
   10000       2       2       2       2       4     467       6       6      28     130       8      25            23.75000             3.50000             2.28444             0.20689             2.02896             0.42863           742.34207             3.73726             1.97359       2       1
   10000       2       2       2       2       4     467       6       6      29     115       7      16            24.71429             3.42857             2.31011             0.19717             2.06867             0.43536           681.14732             3.77639             2.05557       4       6
   10000       2       2       2       2       4     467       6       6      30     105       6      18            25.83333             3.50000             2.34801             0.19021             2.09972             0.43817           662.88670             3.76318             2.06874       6       2
