   10000       2       2       2       4      11     467       6       6       0     467      36       0            20.41667             3.19444             2.11294             0.23015             1.72272             0.31714           954.81477             3.61434             2.49732       0       0
   10000       2       2       2       4      11     467       6       6       1     449      35      29            21.02857             3.22857             2.19124             0.22915             1.73837             0.34036           911.70716             3.63083             2.62833       5       5
   10000       2       2       2       4      11     467       6       6       2     438      34      29            21.35294             3.14706             2.19857             0.22560             1.74039             0.34435           899.46679             3.64230             2.65199       5       1
   10000       2       2       2       4      11     467       6       6       3     422      33      30            21.66667             3.18182             2.21179             0.22414             1.74698             0.36077           889.78640             3.64521             2.69117       5       2
   10000       2       2       2       4      11     467       6       6       4     400      32      30            21.12500             3.21875             2.20131             0.22943             1.75463             0.35077           908.66426             3.64807             2.69217       6       1
   10000       2       2       2       4      11     467       6       6       5     392      31      27            21.09677             3.22581             2.19899             0.22939             1.75966             0.34399           912.59879             3.65696             2.65439       6       3
   10000       2       2       2       4      11     467       6       6       6     377      30      29            20.63333             3.20000             2.18410             0.23288             1.78615             0.33607           929.73051             3.65612             2.59646       6       4
   10000       2       2       2       4      11     467       6       6       7     370      29      27            21.27586             3.17241             2.23294             0.23089             1.78961             0.35517           905.20356             3.64137             2.60191       4       2
   10000       2       2       2       4      11     467       6       6       8     359      28      26            22.00000             3.28571             2.28472             0.22336             1.79445             0.37232           838.77831             3.62098             2.63662       1       4
   10000       2       2       2       4      11     467       6       6       9     348      27      32            22.00000             3.25926             2.28292             0.22149             1.81139             0.37238           820.46230             3.66373             2.62181       1       5
   10000       2       2       2       4      11     467       6       6      10     334      26      28            22.34615             3.38462             2.32649             0.22351             1.85160             0.39892           792.84908             3.65126             2.61088       2       5
   10000       2       2       2       4      11     467       6       6      11     323      25      27            23.04000             3.32000             2.36730             0.22079             1.84747             0.41821           762.28518             3.65775             2.67750       4       5
   10000       2       2       2       4      11     467       6       6      12     310      24      27            23.00000             3.41667             2.34164             0.21867             1.88672             0.42083           759.32337             3.67086             2.62308       5       4
   10000       2       2       2       4      11     467       6       6      13     302      23      26            22.82609             3.47826             2.32201             0.21874             1.89397             0.41950           760.47746             3.68671             2.53752       5       3
   10000       2       2       2       4      11     467       6       6      14     289      22      25            22.59091             3.45455             2.32583             0.22103             1.92585             0.43528           760.46507             3.68459             2.46080       1       3
   10000       2       2       2       4      11     467       6       6      15     277      21      25            22.80952             3.47619             2.36316             0.22322             1.93456             0.43751           751.98254             3.68324             2.43995       4       4
   10000       2       2       2       4      11     467       6       6      16     271      20      23            23.10000             3.40000             2.35450             0.21885             1.93143             0.43322           734.79009             3.70849             2.39597       1       2
   10000       2       2       2       4      11     467       6       6      17     255      19      26            22.89474             3.31579             2.35610             0.22033             1.92664             0.44077           735.04099             3.74667             2.40360       2       1
   10000       2       2       2       4      11     467       6       6      18     246      18      22            22.83333             3.44444             2.34675             0.22058             1.94265             0.42623           743.38596             3.74890             2.32474       4       1
   10000       2       2       2       4      11     467       6       6      19     236      17      22            22.88235             3.47059             2.31176             0.21725             1.93871             0.40309           724.31455             3.79060             2.25192       2       2
   10000       2       2       2       4      11     467       6       6      20     225      16      22            22.75000             3.50000             2.28296             0.21764             1.92648             0.39338           735.37064             3.77918             2.15544       6       6
   10000       2       2       2       4      11     467       6       6      21     219      15      23            22.73333             3.60000             2.29793             0.21953             1.96969             0.41047           725.63298             3.81070             2.04113       4       6
   10000       2       2       2       4      11     467       6       6      22     211      14      23            23.14286             3.64286             2.31122             0.21920             1.96489             0.40137           713.52958             3.83169             1.96884       2       6
   10000       2       2       2       4      11     467       6       6      23     199      13      21            23.07692             3.69231             2.28418             0.21771             1.98413             0.38390           716.42354             3.87831             1.94986       1       6
   10000       2       2       2       4      11     467       6       6      24     193      12      20            24.16667             3.66667             2.30539             0.21031             1.98748             0.38629           694.23530             3.86225             1.95351       4       3
   10000       2       2       2       4      11     467       6       6      25     186      11      21            24.09091             3.72727             2.31834             0.21389             1.97946             0.39833           728.63570             3.83788             1.78900       2       3
   10000       2       2       2       4      11     467       6       6      26     175      10      19            24.60000             3.60000             2.33847             0.21211             1.97459             0.40261           708.12675             3.85253             1.74358       1       1
   10000       2       2       2       4      11     467       6       6      27     164       9      18            25.33333             3.55556             2.35497             0.20687             1.95870             0.40159           678.12418             3.91548             1.73171       5       6
   10000       2       2       2       4      11     467       6       6      28     149       8      18            26.25000             3.62500             2.38230             0.20110             1.96089             0.40032           660.96219             3.92931             1.78257       6       2
   10000       2       2       2       4      11     467       6       6      29     140       7      18            27.57143             3.71429             2.32842             0.18504             2.00539             0.39631           628.81709             3.79486             1.70786       2       4
   10000       2       2       2       4      11     467       6       6      30     128       6      15            29.50000             3.66667             2.36353             0.16718             2.03336             0.44142           600.28272             3.66548             1.74385       6       5
