   10000       2       2       2       3       2     514       6       6       0     514      36       0            21.69444             3.13889             2.30008             0.22645             1.65036             0.33603           860.60524             3.60649             2.37765       0       0
   10000       2       2       2       3       2     514       6       6       1     494      35      27            21.77143             3.11429             2.32978             0.22753             1.64788             0.32400           853.18183             3.60019             2.42706       6       2
   10000       2       2       2       3       2     514       6       6       2     479      34      22            21.91176             3.11765             2.35776             0.22928             1.65933             0.32854           853.45124             3.58332             2.41790       6       5
   10000       2       2       2       3       2     514       6       6       3     466      33      25            22.42424             3.15152             2.36866             0.22446             1.67765             0.32924           837.43376             3.58826             2.48181       5       2
   10000       2       2       2       3       2     514       6       6       4     452      32      23            22.84375             3.12500             2.39525             0.22370             1.68739             0.33918           827.50030             3.56907             2.54123       5       3
   10000       2       2       2       3       2     514       6       6       5     440      31      19            22.77419             3.09677             2.38345             0.22350             1.69572             0.34558           834.41901             3.56969             2.49014       6       1
   10000       2       2       2       3       2     514       6       6       6     432      30      27            22.83333             3.16667             2.35537             0.22045             1.70184             0.33763           827.86658             3.60494             2.45798       4       1
   10000       2       2       2       3       2     514       6       6       7     415      29      23            23.17241             3.20690             2.32874             0.21492             1.73675             0.33282           815.42195             3.64495             2.52758       2       2
   10000       2       2       2       3       2     514       6       6       8     401      28      21            23.50000             3.17857             2.34217             0.21325             1.74900             0.35238           809.93326             3.67004             2.54923       2       6
   10000       2       2       2       3       2     514       6       6       9     389      27      24            23.25926             3.18519             2.32485             0.21434             1.74358             0.35441           810.78138             3.69242             2.51505       5       1
   10000       2       2       2       3       2     514       6       6      10     385      26      14            23.73077             3.26923             2.33014             0.20926             1.75824             0.35452           777.66383             3.68403             2.49309       6       6
   10000       2       2       2       3       2     514       6       6      11     379      25      18            24.16000             3.16000             2.38594             0.20969             1.74677             0.36322           764.56680             3.66044             2.47336       6       3
   10000       2       2       2       3       2     514       6       6      12     371      24      25            24.41667             3.20833             2.38319             0.20721             1.74201             0.34936           760.57192             3.66408             2.43194       4       2
   10000       2       2       2       3       2     514       6       6      13     354      23      23            24.82609             3.30435             2.40961             0.20608             1.74701             0.34783           747.75446             3.68314             2.45111       2       5
   10000       2       2       2       3       2     514       6       6      14     336      22      27            24.50000             3.18182             2.41724             0.21014             1.71485             0.35945           764.39713             3.66384             2.37740       2       3
   10000       2       2       2       3       2     514       6       6      15     324      21      24            24.71429             3.19048             2.43075             0.20966             1.72583             0.35781           761.70497             3.66464             2.37514       4       3
   10000       2       2       2       3       2     514       6       6      16     304      20      35            24.70000             3.20000             2.43941             0.21027             1.71601             0.36370           756.02250             3.70038             2.39935       2       1
   10000       2       2       2       3       2     514       6       6      17     288      19      28            24.63158             3.26316             2.40909             0.20907             1.71766             0.35190           760.68545             3.71476             2.38213       3       1
   10000       2       2       2       3       2     514       6       6      18     268      18      28            24.55556             3.27778             2.40300             0.20965             1.72530             0.34753           755.55217             3.75022             2.40752       3       5
   10000       2       2       2       3       2     514       6       6      19     253      17      21            24.58824             3.23529             2.38633             0.20703             1.72856             0.34724           752.27992             3.75534             2.34876       2       4
   10000       2       2       2       3       2     514       6       6      20     241      16      24            24.75000             3.18750             2.44874             0.21056             1.73109             0.36521           739.72547             3.81566             2.33782       5       6
   10000       2       2       2       3       2     514       6       6      21     233      15      20            25.13333             3.26667             2.39604             0.20408             1.78404             0.37356           748.03771             3.81372             2.24803       5       4
   10000       2       2       2       3       2     514       6       6      22     214      14      28            24.21429             3.21429             2.37049             0.20906             1.73708             0.35478           783.52265             3.84850             2.14236       4       5
   10000       2       2       2       3       2     514       6       6      23     197      13      29            23.61538             3.23077             2.35087             0.21174             1.75830             0.36071           800.74932             3.85644             2.10341       3       2
   10000       2       2       2       3       2     514       6       6      24     182      12      30            22.75000             3.16667             2.38287             0.22164             1.76292             0.36164           811.65743             3.92983             1.98221       3       4
   10000       2       2       2       3       2     514       6       6      25     173      11      21            22.63636             3.18182             2.37767             0.22322             1.77620             0.35818           825.84533             3.96972             1.87673       4       6
   10000       2       2       2       3       2     514       6       6      26     162      10      18            23.10000             3.20000             2.39766             0.21979             1.75708             0.35871           788.41575             3.92550             1.82817       3       6
   10000       2       2       2       3       2     514       6       6      27     149       9      19            23.55556             3.11111             2.37225             0.21186             1.73881             0.36153           765.26674             3.89170             1.83126       6       4
   10000       2       2       2       3       2     514       6       6      28     130       8      23            23.62500             2.87500             2.40954             0.21495             1.69320             0.36126           765.38310             3.84984             1.86651       5       5
   10000       2       2       2       3       2     514       6       6      29     112       7      24            23.57143             2.85714             2.38234             0.21310             1.69439             0.35697           766.85131             3.74442             1.91732       4       4
   10000       2       2       2       3       2     514       6       6      30      91       6      25            23.33333             2.83333             2.34939             0.21315             1.65585             0.32619           778.51297             3.70919             2.00204       3       3
