   10000       2       2       2       7       9     546       6       6       0     546      36       0            21.88889             3.11111             2.26232             0.22006             1.62450             0.32094           843.01106             3.63284             2.18994       0       0
   10000       2       2       2       7       9     546       6       6       1     523      35      20            22.45714             3.14286             2.32090             0.21990             1.65776             0.33182           819.49480             3.65514             2.34362       2       2
   10000       2       2       2       7       9     546       6       6       2     510      34      26            22.61765             3.17647             2.33854             0.21947             1.66296             0.34212           819.77321             3.61263             2.35149       6       5
   10000       2       2       2       7       9     546       6       6       3     494      33      16            23.09091             3.24242             2.35146             0.21561             1.70214             0.34446           795.57816             3.61523             2.41900       4       4
   10000       2       2       2       7       9     546       6       6       4     471      32      26            23.90625             3.21875             2.38911             0.21272             1.71966             0.35622           765.59624             3.64868             2.52864       2       5
   10000       2       2       2       7       9     546       6       6       5     456      31      20            24.19355             3.22581             2.42629             0.21303             1.72769             0.36065           746.09099             3.67227             2.55108       6       2
   10000       2       2       2       7       9     546       6       6       6     441      30      23            24.66667             3.26667             2.42341             0.20875             1.76659             0.36758           727.75892             3.69244             2.56973       5       3
   10000       2       2       2       7       9     546       6       6       7     417      29      25            24.75862             3.31034             2.41195             0.20734             1.76441             0.36825           728.13175             3.70988             2.54938       3       1
   10000       2       2       2       7       9     546       6       6       8     406      28      23            24.96429             3.46429             2.41677             0.20573             1.78397             0.36768           717.41083             3.73146             2.49701       2       3
   10000       2       2       2       7       9     546       6       6       9     394      27      24            25.37037             3.40741             2.41978             0.20295             1.79093             0.37431           705.88001             3.76010             2.50056       3       2
   10000       2       2       2       7       9     546       6       6      10     372      26      36            25.19231             3.38462             2.42040             0.20410             1.81566             0.37426           707.33996             3.78629             2.49407       5       4
   10000       2       2       2       7       9     546       6       6      11     361      25      25            25.76000             3.44000             2.41335             0.19994             1.85738             0.37201           699.27290             3.77709             2.50492       3       5
   10000       2       2       2       7       9     546       6       6      12     352      24      22            26.00000             3.45833             2.40550             0.19709             1.88106             0.36339           696.37905             3.76095             2.46620       2       1
   10000       2       2       2       7       9     546       6       6      13     337      23      25            26.00000             3.56522             2.39610             0.19792             1.89184             0.37088           706.02035             3.74431             2.42264       4       6
   10000       2       2       2       7       9     546       6       6      14     330      22      20            26.04545             3.63636             2.38034             0.19631             1.91840             0.35942           698.06238             3.73934             2.36654       6       6
   10000       2       2       2       7       9     546       6       6      15     314      21      20            26.00000             3.57143             2.34051             0.19245             1.93146             0.35214           686.78328             3.78799             2.36875       6       1
   10000       2       2       2       7       9     546       6       6      16     301      20      24            25.80000             3.60000             2.34097             0.19494             1.93298             0.35429           703.11828             3.76718             2.35179       6       4
   10000       2       2       2       7       9     546       6       6      17     285      19      35            25.36842             3.63158             2.31880             0.19523             1.93333             0.35878           714.66987             3.80787             2.31159       2       6
   10000       2       2       2       7       9     546       6       6      18     272      18      19            25.55556             3.66667             2.36575             0.19773             1.92518             0.35739           712.09023             3.79878             2.27837       4       1
   10000       2       2       2       7       9     546       6       6      19     259      17      31            25.00000             3.52941             2.32867             0.19917             1.90249             0.36176           728.76319             3.83726             2.17584       2       4
   10000       2       2       2       7       9     546       6       6      20     245      16      30            24.50000             3.75000             2.32110             0.20277             1.94702             0.35035           745.98272             3.87088             2.11552       1       5
   10000       2       2       2       7       9     546       6       6      21     234      15      29            23.80000             3.73333             2.32008             0.20944             1.93723             0.33341           759.89028             3.87073             1.99080       1       3
   10000       2       2       2       7       9     546       6       6      22     222      14      20            23.92857             3.78571             2.24301             0.20124             1.95218             0.32008           767.38211             3.90447             1.94081       5       1
   10000       2       2       2       7       9     546       6       6      23     210      13      19            24.23077             3.69231             2.27812             0.20107             1.94964             0.33420           760.35569             3.93392             1.92154       5       2
   10000       2       2       2       7       9     546       6       6      24     193      12      19            24.66667             3.75000             2.27878             0.19786             1.96346             0.33592           729.92688             3.96268             1.97492       6       3
   10000       2       2       2       7       9     546       6       6      25     182      11      18            25.27273             3.72727             2.33290             0.19757             1.94168             0.33733           693.42069             3.98025             1.94789       1       6
   10000       2       2       2       7       9     546       6       6      26     170      10      30            24.60000             3.80000             2.29510             0.20157             1.96761             0.31629           724.32991             3.98692             1.80714       4       3
   10000       2       2       2       7       9     546       6       6      27     160       9      18            24.77778             3.88889             2.30365             0.20067             2.01280             0.33752           700.93411             4.06696             1.67369       4       5
   10000       2       2       2       7       9     546       6       6      28     147       8      23            25.00000             3.87500             2.31414             0.20081             1.99735             0.35130           686.91352             4.06654             1.58431       1       4
   10000       2       2       2       7       9     546       6       6      29     131       7      24            25.14286             3.85714             2.31789             0.20112             1.97213             0.35801           694.04511             4.03325             1.56087       4       2
   10000       2       2       2       7       9     546       6       6      30     118       6      19            26.16667             3.83333             2.38961             0.19981             1.95823             0.37138           650.79692             4.08841             1.54985       3       6
