   10000       2       1       2       5       4     467       6       6       0     467      36       0            20.41667             3.19444             2.11294             0.23015             1.72272             0.31714           954.81477             3.61434             2.49732       0       0
   10000       2       1       2       5       4     467       6       6       1     456      35      16            20.48571             3.22857             2.12291             0.22944             1.73041             0.32365           948.91838             3.61348             2.49693       6       1
   10000       2       1       2       5       4     467       6       6       2     444      34      24            20.29412             3.26471             2.13069             0.23280             1.72609             0.33052           953.20255             3.62066             2.44369       2       1
   10000       2       1       2       5       4     467       6       6       3     435      33      19            20.39394             3.24242             2.10985             0.23033             1.72752             0.32726           951.73500             3.63605             2.42299       4       6
   10000       2       1       2       5       4     467       6       6       4     421      32      21            20.40625             3.15625             2.10562             0.23316             1.70743             0.34050           983.66648             3.60550             2.37111       2       4
   10000       2       1       2       5       4     467       6       6       5     409      31      13            20.41935             3.03226             2.12515             0.23349             1.67705             0.36049           967.15968             3.57695             2.37295       3       4
   10000       2       1       2       5       4     467       6       6       6     403      30      17            20.63333             3.00000             2.13040             0.23204             1.67874             0.35364           967.50258             3.57360             2.31618       4       1
   10000       2       1       2       5       4     467       6       6       7     391      29      21            20.79310             3.10345             2.15159             0.23370             1.70281             0.34818           967.17770             3.60151             2.29332       6       3
   10000       2       1       2       5       4     467       6       6       8     380      28      21            21.03571             3.07143             2.15818             0.22775             1.68538             0.34464           922.41751             3.62273             2.27811       2       5
   10000       2       1       2       5       4     467       6       6       9     368      27      24            20.88889             3.11111             2.16587             0.22925             1.70375             0.34874           919.72986             3.62081             2.27538       5       1
   10000       2       1       2       5       4     467       6       6      10     366      26      11            21.42308             3.15385             2.19919             0.22776             1.71587             0.34274           910.52042             3.55639             2.17613       2       3
   10000       2       1       2       5       4     467       6       6      11     350      25      24            21.56000             3.12000             2.19884             0.22493             1.71243             0.34771           897.70287             3.58463             2.18335       3       5
   10000       2       1       2       5       4     467       6       6      12     331      24      23            21.41667             3.04167             2.19985             0.22589             1.69382             0.35584           898.00981             3.58889             2.17402       4       2
   10000       2       1       2       5       4     467       6       6      13     320      23      14            21.65217             3.00000             2.21642             0.22540             1.69812             0.37362           887.85758             3.59595             2.17581       5       6
   10000       2       1       2       5       4     467       6       6      14     308      22      22            21.50000             3.13636             2.21989             0.22747             1.72323             0.36616           895.69501             3.60440             2.12588       4       5
   10000       2       1       2       5       4     467       6       6      15     288      21      28            20.80952             3.19048             2.18308             0.23340             1.71033             0.34822           963.06473             3.63521             2.07885       1       5
   10000       2       1       2       5       4     467       6       6      16     270      20      20            20.95000             3.20000             2.18724             0.23287             1.69814             0.34828           979.07474             3.62779             2.12953       3       1
   10000       2       1       2       5       4     467       6       6      17     258      19      22            20.63158             3.10526             2.16465             0.25551             1.67074             0.36749          1176.42399             3.64109             2.04863       2       6
   10000       2       1       2       5       4     467       6       6      18     247      18      25            20.33333             3.05556             2.15972             0.26139             1.64625             0.35970          1212.91868             3.63946             1.99459       5       2
   10000       2       1       2       5       4     467       6       6      19     233      17      20            20.05882             3.05882             2.14621             0.26462             1.66863             0.36350          1240.84270             3.63187             1.93122       4       4
   10000       2       1       2       5       4     467       6       6      20     213      16      22            19.93750             2.93750             2.16819             0.27135             1.64289             0.36836          1275.52611             3.63900             1.97514       6       2
   10000       2       1       2       5       4     467       6       6      21     200      15      25            19.06667             2.93333             2.08386             0.27600             1.61744             0.36496          1348.33076             3.68436             1.83443       3       2
   10000       2       1       2       5       4     467       6       6      22     180      14      20            19.00000             2.92857             2.09507             0.27991             1.60853             0.36812          1378.46014             3.71237             1.89403       3       6
   10000       2       1       2       5       4     467       6       6      23     164      13      19            18.61538             3.00000             2.04258             0.28203             1.63953             0.35464          1428.19713             3.68234             1.89723       3       3
   10000       2       1       2       5       4     467       6       6      24     155      12      15            18.83333             2.83333             2.08807             0.28682             1.59889             0.36995          1427.46821             3.74212             1.86210       2       2
   10000       2       1       2       5       4     467       6       6      25     136      11      25            18.45455             2.90909             2.12645             0.29899             1.60260             0.35870          1460.72611             3.74884             1.86729       5       5
   10000       2       1       2       5       4     467       6       6      26     118      10      25            17.50000             2.90000             2.08847             0.30923             1.57863             0.35810          1528.19323             3.77463             1.83741       1       4
   10000       2       1       2       5       4     467       6       6      27     107       9      14            17.44444             2.66667             2.17748             0.32660             1.45745             0.37430          1594.80758             3.80283             1.78628       4       3
   10000       2       1       2       5       4     467       6       6      28      90       8      17            16.50000             2.62500             2.16579             0.34912             1.47507             0.38781          1697.17326             3.90130             1.76639       5       3
   10000       2       1       2       5       4     467       6       6      29      85       7       4            18.28571             2.85714             2.22836             0.26947             1.53491             0.33741           951.63269             4.01990             1.89978       1       6
   10000       2       1       2       5       4     467       6       6      30      74       6      16            18.16667             3.16667             2.20494             0.26731             1.61193             0.34815           931.83476             4.08333             1.83445       5       4
