   10000       2       1       2       5       7     508       6       6       0     508      36       0            20.91667             3.02778             2.17896             0.23201             1.65907             0.34872           966.72845             3.87881             2.34215       0       0
   10000       2       1       2       5       7     508       6       6       1     494      35      22            21.00000             3.02857             2.17068             0.23176             1.66019             0.35099           974.55254             3.89189             2.32212       5       4
   10000       2       1       2       5       7     508       6       6       2     474      34      30            20.88235             3.02941             2.18115             0.23395             1.65870             0.34274           974.82193             3.92448             2.32905       6       3
   10000       2       1       2       5       7     508       6       6       3     465      33      18            20.75758             3.03030             2.16846             0.23388             1.66296             0.33737           985.97360             3.92791             2.29097       6       1
   10000       2       1       2       5       7     508       6       6       4     457      32      14            20.96875             3.06250             2.20221             0.23466             1.65367             0.34701           968.63792             3.94663             2.25681       4       4
   10000       2       1       2       5       7     508       6       6       5     443      31      20            21.03226             3.12903             2.19197             0.23138             1.67743             0.34706           959.20348             3.95335             2.23696       3       6
   10000       2       1       2       5       7     508       6       6       6     428      30      23            21.23333             3.13333             2.20893             0.23001             1.68401             0.34909           938.57843             3.96253             2.23780       3       5
   10000       2       1       2       5       7     508       6       6       7     409      29      23            21.44828             3.06897             2.19574             0.22557             1.66447             0.35987           914.52321             3.92687             2.29013       3       2
   10000       2       1       2       5       7     508       6       6       8     401      28      23            21.46429             3.10714             2.17718             0.22365             1.66000             0.34071           935.89385             3.94605             2.19638       2       4
   10000       2       1       2       5       7     508       6       6       9     393      27      16            21.77778             3.11111             2.19111             0.22156             1.66294             0.34643           914.29987             3.95929             2.17577       5       3
   10000       2       1       2       5       7     508       6       6      10     373      26      29            21.50000             2.96154             2.18157             0.22696             1.63322             0.33638           965.71825             3.92635             2.13415       1       5
   10000       2       1       2       5       7     508       6       6      11     359      25      24            21.28000             2.96000             2.16578             0.23018             1.64069             0.33857           981.26714             3.90239             2.09136       5       1
   10000       2       1       2       5       7     508       6       6      12     352      24       8            21.79167             3.08333             2.21455             0.22817             1.66567             0.34920           891.94340             3.92312             2.08360       2       5
   10000       2       1       2       5       7     508       6       6      13     333      23      31            21.43478             3.04348             2.19507             0.22853             1.64354             0.35346           897.51908             3.91422             2.02962       5       5
   10000       2       1       2       5       7     508       6       6      14     323      22      18            21.50000             3.04545             2.21076             0.23142             1.63378             0.35578           900.20516             3.91207             2.01722       2       6
   10000       2       1       2       5       7     508       6       6      15     305      21      25            21.14286             3.04762             2.19599             0.22958             1.64124             0.32379           859.59065             3.93615             1.96242       4       3
   10000       2       1       2       5       7     508       6       6      16     301      20      14            21.90000             3.00000             2.18371             0.22035             1.65204             0.33459           828.26743             3.98588             1.90666       2       3
   10000       2       1       2       5       7     508       6       6      17     286      19      13            22.26316             2.94737             2.20578             0.21596             1.64215             0.34013           821.53620             3.97989             1.95630       1       6
   10000       2       1       2       5       7     508       6       6      18     271      18      24            22.00000             2.83333             2.18355             0.21752             1.62815             0.33943           828.92625             4.01126             1.91040       5       6
   10000       2       1       2       5       7     508       6       6      19     252      17      27            21.47059             2.82353             2.17027             0.22039             1.66195             0.34520           849.32694             4.01022             1.86014       5       2
   10000       2       1       2       5       7     508       6       6      20     237      16      27            21.06250             2.75000             2.14656             0.22851             1.63376             0.34842           889.71203             4.07499             1.76039       2       1
   10000       2       1       2       5       7     508       6       6      21     232      15       8            21.80000             2.86667             2.18777             0.21886             1.68101             0.34346           839.72460             3.83863             1.70426       3       1
   10000       2       1       2       5       7     508       6       6      22     219      14      22            21.50000             2.92857             2.15386             0.21965             1.67670             0.31819           841.29477             3.83156             1.66169       4       6
   10000       2       1       2       5       7     508       6       6      23     205      13      19            21.46154             3.00000             2.14609             0.22313             1.68281             0.29566           852.10605             3.76667             1.61002       4       2
   10000       2       1       2       5       7     508       6       6      24     198      12       7            22.66667             3.00000             2.22682             0.20978             1.69805             0.30641           793.16341             3.54778             1.66086       4       1
   10000       2       1       2       5       7     508       6       6      25     181      11      23            22.36364             3.18182             2.20157             0.21122             1.75691             0.31471           784.02415             3.60410             1.63058       1       4
   10000       2       1       2       5       7     508       6       6      26     159      10      22            22.40000             3.30000             2.17627             0.20956             1.73777             0.29380           780.15023             3.58876             1.69364       6       2
   10000       2       1       2       5       7     508       6       6      27     143       9      22            21.88889             3.22222             2.21762             0.21597             1.69703             0.29294           790.37399             3.63171             1.62961       2       2
   10000       2       1       2       5       7     508       6       6      28     127       8      16            22.62500             3.12500             2.27145             0.21344             1.68984             0.30456           787.43086             3.51202             1.70831       4       5
   10000       2       1       2       5       7     508       6       6      29     109       7      25            21.71429             3.28571             2.31227             0.23751             1.67912             0.30682           855.64730             3.49096             1.65112       3       4
   10000       2       1       2       5       7     508       6       6      30      96       6      12            23.16667             3.16667             2.32318             0.21326             1.71045             0.32329           780.14142             3.38586             1.76639       3       3
