   10000       2       1       2       7       4     467       6       6       0     467      36       0            20.41667             3.19444             2.11294             0.23015             1.72272             0.31714           954.81477             3.61434             2.49732       0       0
   10000       2       1       2       7       4     467       6       6       1     453      35      29            20.20000             3.14286             2.09576             0.23040             1.71151             0.31584           969.60178             3.61362             2.45989       5       1
   10000       2       1       2       7       4     467       6       6       2     440      34      24            20.11765             3.05882             2.08679             0.23102             1.69086             0.32261           980.07471             3.61143             2.44816       3       1
   10000       2       1       2       7       4     467       6       6       3     428      33      19            20.57576             3.00000             2.11167             0.22773             1.67458             0.33092           955.12658             3.63533             2.49541       5       4
   10000       2       1       2       7       4     467       6       6       4     409      32      20            20.68750             3.00000             2.12872             0.22921             1.67631             0.32932           952.77238             3.63692             2.52106       3       6
   10000       2       1       2       7       4     467       6       6       5     407      31       9            21.19355             2.96774             2.11977             0.21856             1.68592             0.33044           895.25407             3.64800             2.49574       1       6
   10000       2       1       2       7       4     467       6       6       6     398      30      14            21.20000             3.06667             2.10637             0.21681             1.70505             0.32815           894.40674             3.61406             2.45667       6       6
   10000       2       1       2       7       4     467       6       6       7     389      29      13            21.31034             3.13793             2.10625             0.21466             1.71949             0.31248           888.67190             3.60855             2.45248       4       1
   10000       2       1       2       7       4     467       6       6       8     374      28      19            21.28571             3.10714             2.07474             0.21167             1.70793             0.30375           894.72723             3.61111             2.46118       2       6
   10000       2       1       2       7       4     467       6       6       9     362      27      21            21.37037             3.14815             2.06699             0.20910             1.71685             0.30592           886.90057             3.59017             2.43248       3       2
   10000       2       1       2       7       4     467       6       6      10     359      26      15            21.46154             3.19231             2.10602             0.21349             1.73483             0.29785           897.85639             3.49452             2.24859       2       3
   10000       2       1       2       7       4     467       6       6      11     342      25      25            21.40000             3.20000             2.09534             0.21339             1.72654             0.30210           902.42881             3.50680             2.24044       1       5
   10000       2       1       2       7       4     467       6       6      12     330      24      24            21.00000             3.12500             2.07756             0.21601             1.72022             0.30706           928.94384             3.47154             2.18208       1       3
   10000       2       1       2       7       4     467       6       6      13     318      23      30            20.60870             3.00000             2.05918             0.21861             1.69285             0.31242           950.27160             3.46667             2.11202       6       2
   10000       2       1       2       7       4     467       6       6      14     304      22      21            21.04545             3.04545             2.05941             0.21515             1.70008             0.29954           933.33076             3.45637             2.16400       4       4
   10000       2       1       2       7       4     467       6       6      15     289      21      24            21.04762             3.09524             2.06270             0.21649             1.68829             0.30345           940.56117             3.45496             2.13611       5       2
   10000       2       1       2       7       4     467       6       6      16     275      20      24            20.90000             3.25000             2.06531             0.21835             1.71452             0.29639           951.39937             3.46349             2.09035       6       3
   10000       2       1       2       7       4     467       6       6      17     259      19      21            20.73684             3.15789             2.06319             0.22020             1.67585             0.29443           963.86349             3.45581             2.08922       4       2
   10000       2       1       2       7       4     467       6       6      18     245      18      26            20.27778             3.16667             2.06630             0.22622             1.69476             0.29453           993.97341             3.43792             2.01524       2       4
   10000       2       1       2       7       4     467       6       6      19     232      17      17            20.29412             3.00000             2.09422             0.22939             1.66403             0.29205           976.00265             3.49632             1.96493       2       2
   10000       2       1       2       7       4     467       6       6      20     224      16      18            20.31250             3.06250             2.09299             0.22895             1.67843             0.29822           991.67788             3.43520             1.90627       6       5
   10000       2       1       2       7       4     467       6       6      21     214      15      20            20.26667             3.13333             2.11714             0.23462             1.65284             0.30635          1016.67366             3.46674             1.83117       4       3
   10000       2       1       2       7       4     467       6       6      22     200      14      14            20.71429             3.21429             2.11020             0.22705             1.68298             0.29526           990.68069             3.45709             1.89053       6       1
   10000       2       1       2       7       4     467       6       6      23     187      13      22            20.53846             3.23077             2.09099             0.22784             1.66365             0.29365          1000.61766             3.48419             1.84238       2       1
   10000       2       1       2       7       4     467       6       6      24     171      12      31            19.58333             3.16667             2.13342             0.24096             1.66488             0.29576          1034.13951             3.56950             1.69570       3       5
   10000       2       1       2       7       4     467       6       6      25     156      11      14            20.00000             3.09091             2.12909             0.23360             1.64925             0.29538           986.41607             3.58347             1.76217       5       3
   10000       2       1       2       7       4     467       6       6      26     149      10      19            19.80000             3.00000             2.15097             0.23925             1.66599             0.30925           992.07515             3.63227             1.57226       4       6
   10000       2       1       2       7       4     467       6       6      27     130       9      19            19.88889             3.00000             2.10411             0.23413             1.67714             0.31892          1021.56982             3.54102             1.63584       6       4
   10000       2       1       2       7       4     467       6       6      28     109       8      23            19.37500             3.00000             2.10808             0.24291             1.66029             0.32586          1060.80928             3.51382             1.65931       1       4
   10000       2       1       2       7       4     467       6       6      29      95       7      15            19.85714             3.00000             2.09047             0.23367             1.63650             0.34396           976.84629             3.65940             1.72937       2       5
   10000       2       1       2       7       4     467       6       6      30      82       6      22            19.50000             3.00000             2.11790             0.23659             1.64776             0.34768           976.71864             3.68704             1.64981       4       5
