   10000       2       1       2       3       4     508       6       6       0     508      36       0            20.91667             3.02778             2.17896             0.23201             1.65907             0.34872           966.72845             3.87881             2.34215       0       0
   10000       2       1       2       3       4     508       6       6       1     494      35      24            20.97143             3.02857             2.18118             0.23065             1.65448             0.34361           968.02297             3.87652             2.32612       2       2
   10000       2       1       2       3       4     508       6       6       2     486      34      16            21.32353             3.05882             2.16706             0.22472             1.66620             0.33454           956.83815             3.86922             2.30223       3       3
   10000       2       1       2       3       4     508       6       6       3     475      33      18            21.09091             2.96970             2.17098             0.22701             1.65018             0.33556           968.98841             3.85881             2.23405       6       1
   10000       2       1       2       3       4     508       6       6       4     459      32      25            21.15625             2.96875             2.17242             0.22574             1.65802             0.33114           957.55083             3.78332             2.20239       4       2
   10000       2       1       2       3       4     508       6       6       5     449      31      18            21.67742             3.00000             2.21724             0.22540             1.65325             0.33510           935.19011             3.80038             2.19235       4       4
   10000       2       1       2       3       4     508       6       6       6     433      30      29            21.40000             3.00000             2.19790             0.22640             1.65455             0.33685           946.20323             3.83765             2.15570       6       3
   10000       2       1       2       3       4     508       6       6       7     416      29      26            21.51724             2.96552             2.17745             0.22511             1.63455             0.33845           946.36338             3.86147             2.15955       6       5
   10000       2       1       2       3       4     508       6       6       8     401      28      24            21.25000             2.92857             2.16113             0.22649             1.62262             0.33180           962.72504             3.86046             2.14987       4       3
   10000       2       1       2       3       4     508       6       6       9     385      27      29            21.22222             2.88889             2.14824             0.22491             1.60232             0.32125           962.03475             3.87345             2.12712       5       5
   10000       2       1       2       3       4     508       6       6      10     369      26      21            21.19231             2.96154             2.14291             0.22406             1.61891             0.31625           948.80814             3.87371             2.12798       3       4
   10000       2       1       2       3       4     508       6       6      11     361      25       9            21.72000             3.12000             2.18095             0.22114             1.67619             0.32778           823.85690             3.90196             2.07624       2       5
   10000       2       1       2       3       4     508       6       6      12     348      24      23            21.62500             3.12500             2.17400             0.22203             1.67096             0.32999           828.93742             3.89785             2.03843       2       6
   10000       2       1       2       3       4     508       6       6      13     342      23      17            21.69565             3.13043             2.18887             0.22401             1.70180             0.34301           841.67872             3.86023             1.95004       3       1
   10000       2       1       2       3       4     508       6       6      14     327      22      25            21.36364             3.09091             2.17990             0.22733             1.68543             0.34108           847.16165             3.87853             1.89341       3       5
   10000       2       1       2       3       4     508       6       6      15     309      21      19            21.14286             3.14286             2.16848             0.22843             1.70307             0.34533           859.63608             3.90078             1.89402       3       6
   10000       2       1       2       3       4     508       6       6      16     292      20      28            20.75000             3.15000             2.14275             0.22681             1.73490             0.34777           863.70811             3.86928             1.83692       5       2
   10000       2       1       2       3       4     508       6       6      17     290      19      11            21.21053             3.26316             2.18677             0.22530             1.76839             0.34820           861.49995             3.78140             1.80216       4       1
   10000       2       1       2       3       4     508       6       6      18     274      18      21            20.88889             3.22222             2.19824             0.23072             1.78542             0.34419           894.54984             3.74347             1.78842       4       5
   10000       2       1       2       3       4     508       6       6      19     262      17      17            21.11765             3.23529             2.20534             0.23154             1.77759             0.35224           915.68085             3.73963             1.75879       2       4
   10000       2       1       2       3       4     508       6       6      20     253      16      14            21.56250             3.25000             2.22175             0.22680             1.80695             0.35931           907.08110             3.70309             1.72879       6       6
   10000       2       1       2       3       4     508       6       6      21     250      15       9            22.53333             3.13333             2.27632             0.21546             1.80427             0.35418           832.05783             3.70938             1.67544       2       3
   10000       2       1       2       3       4     508       6       6      22     234      14      21            22.28571             3.14286             2.27612             0.21826             1.81976             0.34496           827.45006             3.78588             1.62969       6       4
   10000       2       1       2       3       4     508       6       6      23     213      13      21            22.38462             3.15385             2.23035             0.21318             1.83282             0.35576           827.49490             3.78222             1.67813       3       2
   10000       2       1       2       3       4     508       6       6      24     202      12      20            22.50000             3.08333             2.23831             0.21307             1.80723             0.34803           808.20251             3.79440             1.65309       4       6
   10000       2       1       2       3       4     508       6       6      25     190      11      23            22.36364             3.09091             2.22352             0.21344             1.80956             0.34863           814.57944             3.78353             1.58689       2       1
   10000       2       1       2       3       4     508       6       6      26     178      10      22            22.20000             3.10000             2.21444             0.21456             1.79456             0.34373           831.43761             3.79592             1.52899       5       3
   10000       2       1       2       3       4     508       6       6      27     159       9      19            22.44444             3.00000             2.24515             0.21563             1.75745             0.34621           820.81293             3.85328             1.57630       5       4
   10000       2       1       2       3       4     508       6       6      28     138       8      21            22.62500             3.00000             2.25485             0.21573             1.75213             0.35824           809.93390             3.87329             1.64834       5       6
   10000       2       1       2       3       4     508       6       6      29     117       7      22            22.71429             3.00000             2.25258             0.21568             1.72387             0.34788           808.15051             3.88982             1.72622       6       2
   10000       2       1       2       3       4     508       6       6      30      98       6      19            23.33333             3.00000             2.27560             0.21232             1.74359             0.36125           772.49165             3.62984             1.84726       5       1
