   10000       2       1       2      12      10     487       6       6       0     487      36       0            20.66667             3.16667             2.25710             0.23799             1.67006             0.35268           950.26692             3.56068             2.38376       0       0
   10000       2       1       2      12      10     487       6       6       1     466      35      22            20.88571             3.05714             2.27253             0.23757             1.66861             0.35673           939.15550             3.56977             2.45708       4       4
   10000       2       1       2      12      10     487       6       6       2     458      34      19            20.91176             3.08824             2.26547             0.23700             1.67733             0.35047           939.72797             3.58646             2.41741       6       2
   10000       2       1       2      12      10     487       6       6       3     448      33      18            21.15152             3.12121             2.30966             0.23871             1.67413             0.35463           919.74793             3.60902             2.40073       4       5
   10000       2       1       2      12      10     487       6       6       4     433      32      27            20.84375             3.09375             2.27664             0.23793             1.66394             0.34326           932.81321             3.62090             2.34159       5       5
   10000       2       1       2      12      10     487       6       6       5     423      31      15            21.38710             3.06452             2.32745             0.23850             1.66682             0.35495           896.76165             3.63708             2.36061       2       4
   10000       2       1       2      12      10     487       6       6       6     410      30      20            21.30000             3.06667             2.33479             0.23975             1.67753             0.36213           901.81518             3.63098             2.34406       1       4
   10000       2       1       2      12      10     487       6       6       7     389      29      27            21.37931             3.06897             2.35543             0.24051             1.67903             0.35999           887.70579             3.65773             2.40217       6       3
   10000       2       1       2      12      10     487       6       6       8     367      28      26            21.50000             3.03571             2.35725             0.23916             1.67228             0.36337           879.96103             3.66638             2.42075       4       2
   10000       2       1       2      12      10     487       6       6       9     356      27      25            21.51852             2.96296             2.34629             0.23814             1.65885             0.36084           882.87837             3.67731             2.33368       3       3
   10000       2       1       2      12      10     487       6       6      10     346      26      24            21.57692             2.96154             2.35364             0.23940             1.65528             0.35095           882.80255             3.67665             2.25527       2       2
   10000       2       1       2      12      10     487       6       6      11     330      25      17            21.60000             2.92000             2.35504             0.23764             1.64331             0.34983           880.10726             3.65032             2.24358       4       6
   10000       2       1       2      12      10     487       6       6      12     317      24      26            21.29167             2.91667             2.30261             0.23454             1.63231             0.32864           885.37205             3.66958             2.18622       5       2
   10000       2       1       2      12      10     487       6       6      13     310      23      16            21.52174             2.95652             2.33530             0.23618             1.62430             0.33132           874.15250             3.66517             2.13295       4       1
   10000       2       1       2      12      10     487       6       6      14     299      22      15            21.72727             3.04545             2.33635             0.23397             1.64766             0.33486           861.21831             3.65233             2.12475       2       3
   10000       2       1       2      12      10     487       6       6      15     286      21      18            21.57143             3.14286             2.32079             0.23462             1.66092             0.33161           841.51903             3.71724             2.06374       6       4
   10000       2       1       2      12      10     487       6       6      16     273      20      21            21.30000             3.05000             2.29812             0.23542             1.66070             0.33392           857.93084             3.69991             1.97086       1       6
   10000       2       1       2      12      10     487       6       6      17     259      19      23            20.84211             3.05263             2.26017             0.23753             1.66820             0.32655           875.32044             3.66033             1.90774       1       1
   10000       2       1       2      12      10     487       6       6      18     246      18      25            20.16667             3.16667             2.21251             0.24096             1.67752             0.31982           898.13009             3.67988             1.78805       2       5
   10000       2       1       2      12      10     487       6       6      19     227      17      23            19.76471             3.23529             2.20322             0.24791             1.68975             0.31636           928.60507             3.69407             1.77652       6       5
   10000       2       1       2      12      10     487       6       6      20     202      16      33            18.68750             3.18750             2.15380             0.25444             1.67295             0.30565           955.35039             3.71427             1.75815       2       1
   10000       2       1       2      12      10     487       6       6      21     189      15      19            18.46667             3.20000             2.12744             0.25455             1.65459             0.28892           972.65074             3.74238             1.72667       4       3
   10000       2       1       2      12      10     487       6       6      22     180      14      25            17.71429             3.07143             2.12005             0.26373             1.61568             0.28327          1001.05537             3.76254             1.60646       3       5
   10000       2       1       2      12      10     487       6       6      23     171      13      15            17.46154             3.15385             2.11334             0.26504             1.66757             0.27500          1025.57788             3.75250             1.54847       2       6
   10000       2       1       2      12      10     487       6       6      24     152      12      18            17.25000             3.08333             2.08730             0.26626             1.66521             0.29660          1040.51963             3.76182             1.58703       1       5
   10000       2       1       2      12      10     487       6       6      25     144      11      15            17.18182             3.09091             2.04089             0.26279             1.67673             0.26145          1080.46009             3.73279             1.51485       1       2
   10000       2       1       2      12      10     487       6       6      26     126      10      17            17.10000             3.20000             1.98471             0.25793             1.71148             0.27801          1102.03102             3.71589             1.57051       3       4
   10000       2       1       2      12      10     487       6       6      27     115       9      16            16.66667             3.22222             1.95966             0.26664             1.75350             0.28297          1139.51982             3.79506             1.48575       5       4
   10000       2       1       2      12      10     487       6       6      28     109       8      14            16.87500             3.12500             1.97942             0.27120             1.72269             0.30432          1163.33504             3.75426             1.33493       5       6
   10000       2       1       2      12      10     487       6       6      29     100       7      18            16.14286             3.28571             1.93019             0.27814             1.77321             0.31471          1218.99075             3.83483             1.18067       5       1
   10000       2       1       2      12      10     487       6       6      30      82       6      27            13.66667             3.50000             1.81803             0.30007             1.81362             0.27968          1338.35113             3.81969             1.00000       3       2
