   10000       2       1       2       8       6     508       6       6       0     508      36       0            20.91667             3.02778             2.17896             0.23201             1.65907             0.34872           966.72845             3.87881             2.34215       0       0
   10000       2       1       2       8       6     508       6       6       1     490      35      28            20.65714             3.00000             2.18091             0.23844             1.65736             0.35478           998.43369             3.86973             2.31279       1       5
   10000       2       1       2       8       6     508       6       6       2     474      34      24            20.64706             3.02941             2.16167             0.23432             1.65701             0.34034           984.96585             3.87031             2.30749       5       6
   10000       2       1       2       8       6     508       6       6       3     460      33      24            20.78788             3.03030             2.16781             0.23256             1.65269             0.33586           984.28441             3.86463             2.29911       2       2
   10000       2       1       2       8       6     508       6       6       4     444      32      24            20.59375             3.06250             2.15556             0.23443             1.66385             0.34634           999.25943             3.89085             2.29262       2       1
   10000       2       1       2       8       6     508       6       6       5     426      31      28            20.25806             3.00000             2.14988             0.23786             1.65343             0.36156          1009.98510             3.92612             2.22785       6       3
   10000       2       1       2       8       6     508       6       6       6     419      30      11            20.70000             3.06667             2.16116             0.23308             1.67948             0.34223           997.85015             3.81917             2.19752       3       1
   10000       2       1       2       8       6     508       6       6       7     412      29      15            21.20690             3.06897             2.18294             0.22973             1.67541             0.34969           969.65741             3.82519             2.18940       4       4
   10000       2       1       2       8       6     508       6       6       8     395      28      27            20.89286             3.07143             2.19457             0.23469             1.66561             0.35312           984.47493             3.81941             2.15868       6       2
   10000       2       1       2       8       6     508       6       6       9     379      27      26            20.62963             3.03704             2.17864             0.23682             1.66274             0.34835          1001.88298             3.85506             2.10809       5       4
   10000       2       1       2       8       6     508       6       6      10     364      26      26            20.65385             2.96154             2.18383             0.23626             1.63740             0.34764          1004.34770             3.83138             2.11600       4       3
   10000       2       1       2       8       6     508       6       6      11     362      25      11            21.04000             3.00000             2.19877             0.23146             1.64502             0.34441          1006.80501             3.74099             2.06196       4       1
   10000       2       1       2       8       6     508       6       6      12     355      24      10            21.79167             2.95833             2.23657             0.22512             1.65717             0.33416           915.29099             3.75371             2.03522       2       3
   10000       2       1       2       8       6     508       6       6      13     340      23      28            21.43478             3.00000             2.20245             0.22617             1.66489             0.33004           930.03851             3.69649             1.99910       5       1
   10000       2       1       2       8       6     508       6       6      14     328      22      16            21.63636             3.00000             2.22548             0.22615             1.68397             0.33603           906.57660             3.74017             2.01214       6       4
   10000       2       1       2       8       6     508       6       6      15     311      21      21            21.42857             2.95238             2.22736             0.23065             1.70329             0.34506           935.51955             3.69756             1.98707       5       2
   10000       2       1       2       8       6     508       6       6      16     296      20      24            21.05000             3.00000             2.19371             0.23146             1.72613             0.34846           943.90233             3.71866             1.94795       1       2
   10000       2       1       2       8       6     508       6       6      17     282      19      21            20.89474             3.10526             2.20823             0.23544             1.75505             0.34119           964.11810             3.72998             1.93474       1       3
   10000       2       1       2       8       6     508       6       6      18     269      18      21            20.88889             3.00000             2.21595             0.23487             1.74829             0.34570           960.11470             3.73850             1.85846       3       6
   10000       2       1       2       8       6     508       6       6      19     252      17      27            20.41176             2.94118             2.17162             0.23642             1.71733             0.32834           977.93699             3.80604             1.82213       6       5
   10000       2       1       2       8       6     508       6       6      20     236      16      20            20.62500             2.93750             2.17029             0.23633             1.72742             0.34049           923.10081             3.85987             1.86526       1       4
   10000       2       1       2       8       6     508       6       6      21     212      15      28            19.93333             2.93333             2.18481             0.24497             1.68997             0.34956           944.02110             3.86759             1.87331       5       5
   10000       2       1       2       8       6     508       6       6      22     198      14      28            19.21429             3.00000             2.14411             0.24696             1.74367             0.35368           959.10183             3.88270             1.71989       3       5
   10000       2       1       2       8       6     508       6       6      23     188      13      20            18.23077             3.07692             2.11677             0.25613             1.77802             0.34791          1019.71192             3.88978             1.53311       3       3
   10000       2       1       2       8       6     508       6       6      24     173      12      19            17.75000             3.00000             2.09246             0.26031             1.74512             0.33007          1026.65906             3.86650             1.49640       4       6
   10000       2       1       2       8       6     508       6       6      25     156      11      21            16.72727             3.00000             2.03179             0.26876             1.76113             0.33244          1058.42397             3.83465             1.43740       4       2
   10000       2       1       2       8       6     508       6       6      26     148      10      12            17.10000             3.10000             2.04642             0.25845             1.75504             0.34106           996.59560             3.85286             1.32930       1       6
   10000       2       1       2       8       6     508       6       6      27     142       9      14            17.11111             3.22222             2.07684             0.26116             1.79237             0.35106           964.86272             3.82220             1.13367       2       5
   10000       2       1       2       8       6     508       6       6      28     129       8      20            16.12500             3.25000             2.00022             0.26592             1.81680             0.34342           993.80647             3.86065             1.00000       3       4
   10000       2       1       2       8       6     508       6       6      29     114       7      15            16.28571             3.14286             2.02883             0.26718             1.81103             0.35167           965.13264             3.86732             1.00000       2       6
   10000       2       1       2       8       6     508       6       6      30      99       6      15            16.50000             3.16667             2.01141             0.26091             1.82716             0.31504           955.30097             3.87990             1.00000       6       1
