   10000       2       2       2       3       7     504       6       6       0     504      36       0            21.11111             2.88889             2.22961             0.22955             1.55904             0.32370           873.83773             3.92412             2.46365       0       0
   10000       2       2       2       3       7     504       6       6       1     491      35      22            21.45714             2.94286             2.23456             0.22406             1.57500             0.31967           843.78722             3.94028             2.44970       4       2
   10000       2       2       2       3       7     504       6       6       2     477      34      22            21.76471             2.97059             2.27010             0.22460             1.59929             0.32429           818.74433             3.96671             2.49316       6       4
   10000       2       2       2       3       7     504       6       6       3     461      33      25            22.42424             3.03030             2.31492             0.22144             1.61568             0.34233           779.98362             4.00273             2.54902       2       3
   10000       2       2       2       3       7     504       6       6       4     446      32      17            22.96875             3.03125             2.34222             0.21887             1.64938             0.36045           762.15173             3.98633             2.57255       4       4
   10000       2       2       2       3       7     504       6       6       5     432      31      25            23.32258             2.96774             2.34306             0.21674             1.64369             0.36496           755.32239             4.02059             2.60623       4       1
   10000       2       2       2       3       7     504       6       6       6     419      30      16            23.36667             2.96667             2.33185             0.21387             1.61358             0.36691           747.64364             4.01834             2.57048       4       3
   10000       2       2       2       3       7     504       6       6       7     411      29      22            23.93103             2.96552             2.35149             0.21004             1.60922             0.35578           730.06756             4.04344             2.57485       2       2
   10000       2       2       2       3       7     504       6       6       8     394      28      33            23.57143             2.96429             2.31091             0.20985             1.61970             0.33526           738.25742             4.08953             2.57853       3       3
   10000       2       2       2       3       7     504       6       6       9     380      27      28            23.66667             3.03704             2.32534             0.21144             1.62920             0.33306           733.06433             4.13067             2.56496       3       5
   10000       2       2       2       3       7     504       6       6      10     376      26      16            23.84615             3.07692             2.36422             0.21336             1.65489             0.33934           740.15511             4.06825             2.44336       5       3
   10000       2       2       2       3       7     504       6       6      11     360      25      26            23.96000             3.08000             2.35630             0.21281             1.65430             0.32396           742.96073             4.11005             2.45164       5       2
   10000       2       2       2       3       7     504       6       6      12     340      24      33            23.33333             3.08333             2.33053             0.21577             1.66119             0.33227           760.05216             4.13181             2.43576       6       2
   10000       2       2       2       3       7     504       6       6      13     325      23      23            23.60870             3.04348             2.35491             0.21549             1.64716             0.33610           749.45384             4.16016             2.47688       4       5
   10000       2       2       2       3       7     504       6       6      14     312      22      21            23.68182             3.04545             2.34453             0.21412             1.63059             0.33743           745.72803             4.16837             2.49041       6       3
   10000       2       2       2       3       7     504       6       6      15     301      21      15            24.04762             3.00000             2.34266             0.20986             1.64619             0.33642           736.86825             4.16682             2.48701       2       4
   10000       2       2       2       3       7     504       6       6      16     291      20      28            24.30000             3.00000             2.35218             0.20787             1.65271             0.35481           720.01392             4.18698             2.46554       3       6
   10000       2       2       2       3       7     504       6       6      17     279      19      26            24.73684             3.00000             2.34043             0.20211             1.65481             0.35752           702.61066             4.22387             2.47464       5       5
   10000       2       2       2       3       7     504       6       6      18     259      18      21            24.83333             2.94444             2.33821             0.20101             1.65338             0.36026           692.86208             4.23283             2.53582       5       4
   10000       2       2       2       3       7     504       6       6      19     250      17      25            25.17647             3.05882             2.35919             0.20071             1.66705             0.35218           689.72917             4.22691             2.52384       6       5
   10000       2       2       2       3       7     504       6       6      20     232      16      27            24.93750             3.00000             2.31034             0.19864             1.66095             0.34541           693.79721             4.28563             2.50914       4       6
   10000       2       2       2       3       7     504       6       6      21     226      15      17            25.60000             3.06667             2.33815             0.19360             1.67890             0.34497           688.13491             4.26886             2.37821       2       5
   10000       2       2       2       3       7     504       6       6      22     208      14      28            25.00000             3.07143             2.30833             0.19535             1.68798             0.34144           702.00833             4.33886             2.36588       6       1
   10000       2       2       2       3       7     504       6       6      23     198      13      26            24.76923             3.00000             2.29091             0.19603             1.67615             0.33604           710.84612             4.33939             2.33522       5       6
   10000       2       2       2       3       7     504       6       6      24     183      12      32            24.83333             3.00000             2.28108             0.19392             1.66983             0.35004           699.30315             4.41790             2.23738       2       1
   10000       2       2       2       3       7     504       6       6      25     172      11      25            24.18182             3.00000             2.26834             0.19819             1.69418             0.33585           717.52214             4.47909             2.10355       3       1
   10000       2       2       2       3       7     504       6       6      26     149      10      24            24.10000             2.90000             2.26027             0.19852             1.68376             0.33739           719.81675             4.49110             2.20015       6       6
   10000       2       2       2       3       7     504       6       6      27     124       9      27            23.55556             3.00000             2.25823             0.20294             1.67831             0.33528           711.33641             4.62055             2.26297       5       1
   10000       2       2       2       3       7     504       6       6      28     111       8      23            23.37500             3.12500             2.22768             0.20350             1.70326             0.33204           699.09620             4.78856             2.20930       2       6
   10000       2       2       2       3       7     504       6       6      29     100       7      22            23.57143             3.14286             2.20751             0.20022             1.69226             0.32460           713.52286             4.60952             2.12504       3       2
   10000       2       2       2       3       7     504       6       6      30      89       6      16            24.83333             3.16667             2.26293             0.19192             1.68542             0.31204           666.71555             4.52324             2.11839       3       4
