   10000       2       2       2       9       3     514       6       6       0     514      36       0            21.69444             3.13889             2.30008             0.22645             1.65036             0.33603           860.60524             3.60649             2.37765       0       0
   10000       2       2       2       9       3     514       6       6       1     505      35      21            22.05714             3.14286             2.29293             0.22212             1.67618             0.34058           843.44623             3.62341             2.36773       3       2
   10000       2       2       2       9       3     514       6       6       2     492      34      17            22.35294             3.02941             2.31944             0.22221             1.67346             0.35509           837.42744             3.61785             2.39299       5       4
   10000       2       2       2       9       3     514       6       6       3     476      33      26            22.63636             3.15152             2.33752             0.22187             1.67835             0.34464           832.46019             3.60809             2.38942       2       3
   10000       2       2       2       9       3     514       6       6       4     461      32      27            23.34375             3.12500             2.38279             0.21990             1.67595             0.36088           806.59611             3.60922             2.47093       3       4
   10000       2       2       2       9       3     514       6       6       5     441      31      27            23.45161             3.06452             2.39173             0.22026             1.67555             0.34732           801.73450             3.62107             2.50602       6       2
   10000       2       2       2       9       3     514       6       6       6     427      30      21            23.73333             3.03333             2.40228             0.21817             1.69403             0.37200           796.08908             3.63810             2.53126       2       6
   10000       2       2       2       9       3     514       6       6       7     412      29      23            23.89655             3.00000             2.36416             0.21431             1.69600             0.36623           797.72971             3.65595             2.50836       4       5
   10000       2       2       2       9       3     514       6       6       8     400      28      27            24.10714             2.96429             2.37445             0.21322             1.67513             0.37076           783.23296             3.68015             2.50869       1       3
   10000       2       2       2       9       3     514       6       6       9     389      27      23            24.07407             3.00000             2.36892             0.21368             1.67778             0.36786           780.29362             3.69986             2.45890       1       4
   10000       2       2       2       9       3     514       6       6      10     376      26      23            24.53846             3.03846             2.40399             0.21258             1.68353             0.38483           762.64193             3.72542             2.48581       3       1
   10000       2       2       2       9       3     514       6       6      11     370      25      18            25.24000             3.04000             2.38649             0.20448             1.71014             0.37826           743.15326             3.71873             2.48853       5       3
   10000       2       2       2       9       3     514       6       6      12     356      24      25            25.37500             3.00000             2.37781             0.20324             1.70859             0.37752           738.45030             3.71785             2.48244       6       4
   10000       2       2       2       9       3     514       6       6      13     340      23      21            25.34783             3.04348             2.39875             0.20556             1.73221             0.38984           741.49628             3.76428             2.48255       4       6
   10000       2       2       2       9       3     514       6       6      14     328      22      21            25.27273             3.04545             2.39475             0.20744             1.74440             0.40308           749.39527             3.77180             2.45144       1       6
   10000       2       2       2       9       3     514       6       6      15     320      21      15            25.57143             3.09524             2.41850             0.20510             1.76524             0.40043           736.76736             3.77224             2.41781       6       1
   10000       2       2       2       9       3     514       6       6      16     301      20      27            25.45000             3.15000             2.44477             0.20904             1.76633             0.41265           752.38825             3.72903             2.40801       6       5
   10000       2       2       2       9       3     514       6       6      17     285      19      33            25.10526             3.21053             2.39544             0.20671             1.77667             0.39120           756.03724             3.75138             2.37775       3       5
   10000       2       2       2       9       3     514       6       6      18     273      18      29            24.44444             3.27778             2.35019             0.21024             1.80682             0.39256           780.66633             3.77186             2.31861       2       5
   10000       2       2       2       9       3     514       6       6      19     258      17      22            24.52941             3.35294             2.32561             0.20749             1.80561             0.38466           772.98955             3.72883             2.31169       3       6
   10000       2       2       2       9       3     514       6       6      20     239      16      39            23.93750             3.31250             2.35596             0.21573             1.81404             0.37594           784.97852             3.77860             2.24544       2       1
   10000       2       2       2       9       3     514       6       6      21     232      15      24            23.80000             3.46667             2.29083             0.21283             1.86198             0.35949           789.57930             3.85001             2.09643       5       6
   10000       2       2       2       9       3     514       6       6      22     214      14      29            23.50000             3.42857             2.27008             0.21401             1.84624             0.35965           806.39072             3.83689             2.07137       2       4
   10000       2       2       2       9       3     514       6       6      23     205      13      23            23.92308             3.38462             2.23856             0.20974             1.83366             0.37493           795.80546             3.91092             2.00577       4       1
   10000       2       2       2       9       3     514       6       6      24     189      12      34            23.41667             3.50000             2.27491             0.21687             1.83719             0.37828           817.48848             4.02022             1.94862       4       3
   10000       2       2       2       9       3     514       6       6      25     172      11      29            22.09091             3.45455             2.24179             0.22470             1.83830             0.37315           861.19628             4.05448             1.79702       4       2
   10000       2       2       2       9       3     514       6       6      26     161      10      29            21.40000             3.50000             2.19760             0.22756             1.88241             0.36504           894.22248             4.14313             1.71331       1       2
   10000       2       2       2       9       3     514       6       6      27     148       9      14            22.11111             3.55556             2.20467             0.21820             1.91705             0.35578           896.59198             4.08649             1.76849       1       5
   10000       2       2       2       9       3     514       6       6      28     135       8      25            21.25000             3.50000             2.22108             0.22855             1.93472             0.35573           903.90500             4.20764             1.62158       5       1
   10000       2       2       2       9       3     514       6       6      29     124       7      15            22.14286             3.57143             2.23600             0.21828             1.95601             0.35553           885.38793             4.14075             1.54879       6       3
   10000       2       2       2       9       3     514       6       6      30     109       6      20            22.50000             3.66667             2.27533             0.21957             1.93114             0.35338           888.68117             4.12352             1.51082       5       2
