   10000       2       2       2      10       9     546       6       6       0     546      36       0            21.88889             3.11111             2.26232             0.22006             1.62450             0.32094           843.01106             3.63284             2.18994       0       0
   10000       2       2       2      10       9     546       6       6       1     530      35      16            22.28571             3.17143             2.27474             0.21642             1.64759             0.31994           819.55548             3.62472             2.23925       4       4
   10000       2       2       2      10       9     546       6       6       2     510      34      20            22.44118             3.14706             2.29311             0.21647             1.65776             0.32677           805.66878             3.64421             2.26218       6       2
   10000       2       2       2      10       9     546       6       6       3     488      33      28            22.81818             3.24242             2.29882             0.21252             1.71697             0.33779           789.61480             3.63949             2.34018       3       2
   10000       2       2       2      10       9     546       6       6       4     475      32      22            23.40625             3.25000             2.33796             0.21122             1.72835             0.34009           776.62114             3.63069             2.36491       2       1
   10000       2       2       2      10       9     546       6       6       5     459      31      29            23.45161             3.25806             2.34582             0.21192             1.72312             0.34548           776.87529             3.65300             2.34842       4       2
   10000       2       2       2      10       9     546       6       6       6     444      30      27            23.16667             3.26667             2.32793             0.21238             1.71731             0.33914           783.07690             3.67160             2.33805       5       1
   10000       2       2       2      10       9     546       6       6       7     430      29      16            24.44828             3.34483             2.38388             0.20566             1.73825             0.35873           736.86863             3.67225             2.49049       3       5
   10000       2       2       2      10       9     546       6       6       8     411      28      25            24.28571             3.32143             2.36898             0.20595             1.74676             0.35874           737.03576             3.67874             2.47767       6       1
   10000       2       2       2      10       9     546       6       6       9     398      27      20            24.77778             3.25926             2.41341             0.20604             1.75227             0.36832           721.47761             3.70910             2.48825       6       4
   10000       2       2       2      10       9     546       6       6      10     378      26      23            24.19231             3.26923             2.38644             0.20912             1.76651             0.37455           743.47205             3.72643             2.47543       3       1
   10000       2       2       2      10       9     546       6       6      11     368      25      22            24.40000             3.28000             2.39017             0.20740             1.77827             0.37419           733.98103             3.76039             2.40960       4       5
   10000       2       2       2      10       9     546       6       6      12     347      24      27            24.33333             3.37500             2.41287             0.20952             1.77157             0.37187           738.97021             3.74851             2.38343       4       3
   10000       2       2       2      10       9     546       6       6      13     338      23      33            24.08696             3.52174             2.37026             0.20899             1.81319             0.36526           749.67585             3.80308             2.33457       5       3
   10000       2       2       2      10       9     546       6       6      14     328      22      25            24.45455             3.45455             2.40273             0.20938             1.80429             0.37731           740.15216             3.84355             2.31890       2       3
   10000       2       2       2      10       9     546       6       6      15     314      21      17            24.57143             3.47619             2.41033             0.20869             1.80672             0.37262           741.16914             3.85147             2.32387       4       1
   10000       2       2       2      10       9     546       6       6      16     297      20      28            24.25000             3.50000             2.37619             0.20934             1.81817             0.36656           756.07675             3.88124             2.26726       1       4
   10000       2       2       2      10       9     546       6       6      17     286      19      28            23.89474             3.47368             2.34776             0.21021             1.83884             0.37777           766.60010             3.87511             2.22167       5       5
   10000       2       2       2      10       9     546       6       6      18     274      18      26            23.77778             3.55556             2.33370             0.21164             1.86363             0.37491           775.11578             3.91967             2.15415       1       6
   10000       2       2       2      10       9     546       6       6      19     259      17      24            23.58824             3.52941             2.33060             0.21419             1.85116             0.36544           782.43930             3.96651             2.12264       3       3
   10000       2       2       2      10       9     546       6       6      20     245      16      28            22.93750             3.56250             2.30654             0.21902             1.87973             0.36121           817.60745             4.00890             2.04884       1       2
   10000       2       2       2      10       9     546       6       6      21     234      15      33            22.80000             3.60000             2.29204             0.21783             1.93178             0.36359           813.20093             4.10166             1.98571       2       5
   10000       2       2       2      10       9     546       6       6      22     220      14      15            23.28571             3.42857             2.31346             0.21312             1.91663             0.37824           794.67067             4.09369             2.03161       5       2
   10000       2       2       2      10       9     546       6       6      23     201      13      26            23.00000             3.53846             2.28836             0.21383             1.93646             0.37990           795.58462             4.08113             2.06068       6       3
   10000       2       2       2      10       9     546       6       6      24     189      12      21            23.41667             3.50000             2.28102             0.21004             1.91846             0.37963           794.56883             4.13985             1.98702       4       6
   10000       2       2       2      10       9     546       6       6      25     180      11      22            23.45455             3.54545             2.26188             0.20763             1.96335             0.39070           820.64732             4.06524             1.84435       5       6
   10000       2       2       2      10       9     546       6       6      26     154      10      33            22.40000             3.70000             2.18832             0.21061             1.98088             0.37894           851.27153             4.03524             1.82843       5       4
   10000       2       2       2      10       9     546       6       6      27     146       9      17            22.33333             3.66667             2.20758             0.21101             1.94462             0.39516           826.37563             4.14597             1.68324       3       4
   10000       2       2       2      10       9     546       6       6      28     130       8      24            21.37500             3.75000             2.16517             0.21558             1.93958             0.37571           858.17107             4.27568             1.58388       3       6
   10000       2       2       2      10       9     546       6       6      29     116       7      19            20.71429             3.71429             2.13626             0.21856             2.01929             0.35305           939.20406             4.21568             1.51830       6       5
   10000       2       2       2      10       9     546       6       6      30     101       6      21            20.66667             3.83333             2.11339             0.21729             2.04751             0.35356           941.30537             4.24813             1.51087       6       6
