   10000       2       1       2      12      11     465       6       6       0     465      36       0            20.86111             3.02778             2.26933             0.23432             1.65535             0.34821           866.06184             3.76657             2.53990       0       0
   10000       2       1       2      12      11     465       6       6       1     447      35      31            20.40000             3.05714             2.24727             0.23711             1.65943             0.34085           883.05443             3.74570             2.47154       5       1
   10000       2       1       2      12      11     465       6       6       2     431      34      27            20.20588             3.05882             2.23947             0.23986             1.66282             0.33590           894.85336             3.74174             2.43783       5       5
   10000       2       1       2      12      11     465       6       6       3     414      33      28            19.78788             3.09091             2.22954             0.24520             1.67404             0.33299           927.68748             3.73772             2.37757       4       6
   10000       2       1       2      12      11     465       6       6       4     401      32      25            19.84375             3.12500             2.21700             0.24374             1.69948             0.33571           924.77178             3.75277             2.37256       1       4
   10000       2       1       2      12      11     465       6       6       5     385      31      25            19.67742             3.06452             2.19188             0.24347             1.69094             0.33352           941.17195             3.76458             2.31172       4       4
   10000       2       1       2      12      11     465       6       6       6     372      30      25            19.66667             3.10000             2.17010             0.24262             1.69793             0.33262           944.70436             3.74415             2.29391       3       5
   10000       2       1       2      12      11     465       6       6       7     361      29      25            19.58621             3.10345             2.15390             0.24177             1.69620             0.34225           949.70171             3.74104             2.23654       3       3
   10000       2       1       2      12      11     465       6       6       8     347      28      25            19.53571             3.17857             2.19369             0.24742             1.70410             0.34841           957.68069             3.71588             2.22764       2       4
   10000       2       1       2      12      11     465       6       6       9     329      27      26            19.33333             3.11111             2.17562             0.24871             1.68201             0.33980           962.90467             3.75791             2.22998       1       3
   10000       2       1       2      12      11     465       6       6      10     318      26      23            19.15385             3.23077             2.21265             0.25456             1.69337             0.34273           975.55743             3.75678             2.14187       5       2
   10000       2       1       2      12      11     465       6       6      11     304      25      23            19.12000             3.04000             2.13033             0.24752             1.65244             0.33987           988.48135             3.73605             2.10577       6       4
   10000       2       1       2      12      11     465       6       6      12     288      24      24            18.75000             3.08333             2.15711             0.25608             1.66318             0.34589          1014.23143             3.72646             2.06585       4       3
   10000       2       1       2      12      11     465       6       6      13     276      23      22            18.56522             3.08696             2.11506             0.25397             1.66161             0.33678          1021.55479             3.72381             2.00203       3       1
   10000       2       1       2      12      11     465       6       6      14     267      22      21            18.18182             3.04545             2.08789             0.25777             1.64910             0.32614          1046.82575             3.72376             1.93660       6       2
   10000       2       1       2      12      11     465       6       6      15     253      21      21            17.85714             3.04762             2.11880             0.26392             1.66149             0.33477          1060.31581             3.69133             1.91922       3       6
   10000       2       1       2      12      11     465       6       6      16     239      20      22            17.55000             3.10000             2.06642             0.26313             1.65203             0.31349          1068.35485             3.74692             1.84964       2       5
   10000       2       1       2      12      11     465       6       6      17     236      19      20            17.21053             3.21053             2.07006             0.27116             1.67779             0.31120          1096.74155             3.76618             1.75098       1       6
   10000       2       1       2      12      11     465       6       6      18     219      18      19            16.83333             3.22222             2.08454             0.27878             1.69795             0.30853          1141.31075             3.74747             1.72774       3       2
   10000       2       1       2      12      11     465       6       6      19     210      17      19            16.58824             3.23529             2.04115             0.27891             1.68522             0.29660          1152.05296             3.74344             1.60496       2       1
   10000       2       1       2      12      11     465       6       6      20     198      16      21            15.68750             3.18750             2.03538             0.29428             1.65630             0.29693          1211.49107             3.77523             1.48256       1       2
   10000       2       1       2      12      11     465       6       6      21     179      15      18            15.53333             3.13333             2.03344             0.29749             1.63545             0.30875          1238.91325             3.73098             1.52060       6       1
   10000       2       1       2      12      11     465       6       6      22     175      14      18            15.28571             3.07143             2.01982             0.30109             1.59036             0.29166          1277.47060             3.76887             1.39639       6       6
   10000       2       1       2      12      11     465       6       6      23     161      13      16            15.23077             3.07692             2.01173             0.30245             1.57936             0.28845          1270.90886             3.80487             1.40564       6       5
   10000       2       1       2      12      11     465       6       6      24     146      12      15            15.25000             3.16667             2.01270             0.30385             1.59788             0.28273          1258.71547             3.84628             1.43944       5       6
   10000       2       1       2      12      11     465       6       6      25     131      11      15            15.27273             3.09091             2.00780             0.30463             1.59379             0.28895          1248.76828             3.88691             1.47939       3       4
   10000       2       1       2      12      11     465       6       6      26     118      10      15            14.70000             3.10000             1.98010             0.30934             1.61173             0.28799          1305.13023             3.88927             1.40714       5       4
   10000       2       1       2      12      11     465       6       6      27     112       9      13            14.55556             3.33333             1.97904             0.31301             1.69359             0.29098          1315.87633             3.97810             1.29806       6       3
   10000       2       1       2      12      11     465       6       6      28     101       8      13            14.12500             3.25000             1.91104             0.33013             1.68654             0.27179          1598.67560             4.03421             1.16518       4       1
   10000       2       1       2      12      11     465       6       6      29      93       7       8            15.00000             3.28571             1.98762             0.32117             1.72339             0.26981          1546.84171             3.72770             1.18878       4       5
   10000       2       1       2      12      11     465       6       6      30      88       6       5            16.66667             3.33333             2.15222             0.29136             1.71896             0.27311          1151.47958             3.70150             1.22024       4       2
