   10000       2       2       2       8      10     546       6       6       0     546      36       0            21.88889             3.11111             2.26232             0.22006             1.62450             0.32094           843.01106             3.63284             2.18994       0       0
   10000       2       2       2       8      10     546       6       6       1     523      35      24            22.40000             3.08571             2.28920             0.21731             1.64913             0.32194           819.91595             3.62227             2.30631       5       4
   10000       2       2       2       8      10     546       6       6       2     509      34      20            22.61765             3.05882             2.33675             0.22038             1.64140             0.33343           809.59937             3.63624             2.33112       4       4
   10000       2       2       2       8      10     546       6       6       3     486      33      29            22.51515             3.03030             2.35236             0.22283             1.65730             0.34175           823.10576             3.62904             2.33303       6       5
   10000       2       2       2       8      10     546       6       6       4     464      32      26            23.25000             3.06250             2.33732             0.21421             1.69089             0.34132           787.79336             3.67036             2.46281       2       5
   10000       2       2       2       8      10     546       6       6       5     452      31      21            23.54839             3.12903             2.37997             0.21532             1.70546             0.35087           771.48064             3.69530             2.46010       6       2
   10000       2       2       2       8      10     546       6       6       6     430      30      20            24.20000             3.16667             2.43569             0.21413             1.75509             0.36542           745.45308             3.74609             2.60331       2       2
   10000       2       2       2       8      10     546       6       6       7     411      29      22            24.51724             3.20690             2.45855             0.21331             1.76956             0.37822           740.81857             3.75054             2.63976       4       1
   10000       2       2       2       8      10     546       6       6       8     397      28      27            24.50000             3.17857             2.42871             0.21080             1.77853             0.37842           742.24124             3.78526             2.59600       5       2
   10000       2       2       2       8      10     546       6       6       9     386      27      22            24.66667             3.14815             2.42936             0.20897             1.78444             0.37659           738.21936             3.75803             2.53468       2       1
   10000       2       2       2       8      10     546       6       6      10     374      26      25            24.53846             3.15385             2.39870             0.20760             1.80332             0.38342           745.81743             3.76419             2.54074       5       1
   10000       2       2       2       8      10     546       6       6      11     366      25      23            24.88000             3.12000             2.42025             0.20725             1.82800             0.39017           745.34758             3.74455             2.47644       5       6
   10000       2       2       2       8      10     546       6       6      12     351      24      31            25.16667             3.16667             2.41290             0.20546             1.84517             0.39380           744.17819             3.74448             2.49502       4       3
   10000       2       2       2       8      10     546       6       6      13     338      23      24            25.26087             3.30435             2.37941             0.20143             1.88346             0.39322           739.58822             3.77464             2.47278       3       6
   10000       2       2       2       8      10     546       6       6      14     333      22      18            25.50000             3.27273             2.39689             0.20008             1.87562             0.39955           736.70247             3.75945             2.42695       6       4
   10000       2       2       2       8      10     546       6       6      15     325      21      20            26.04762             3.42857             2.47595             0.20162             1.90020             0.39523           717.13581             3.79490             2.34480       2       3
   10000       2       2       2       8      10     546       6       6      16     311      20      32            25.90000             3.40000             2.43574             0.20029             1.88991             0.38802           724.24930             3.79296             2.27085       3       3
   10000       2       2       2       8      10     546       6       6      17     293      19      21            26.26316             3.42105             2.42027             0.19573             1.91015             0.39023           704.08919             3.79478             2.31726       6       1
   10000       2       2       2       8      10     546       6       6      18     287      18      20            26.55556             3.44444             2.45094             0.19581             1.90847             0.39086           685.86081             3.84779             2.19263       3       4
   10000       2       2       2       8      10     546       6       6      19     277      17      29            26.58824             3.35294             2.51229             0.20058             1.88977             0.40541           682.66486             3.87986             2.10635       2       6
   10000       2       2       2       8      10     546       6       6      20     265      16      16            27.00000             3.43750             2.50564             0.19509             1.91283             0.40952           661.71909             3.89453             2.08476       5       5
   10000       2       2       2       8      10     546       6       6      21     252      15      25            27.13333             3.40000             2.48493             0.19209             1.92966             0.42098           660.10434             3.92887             2.05731       3       1
   10000       2       2       2       8      10     546       6       6      22     244      14      24            27.28571             3.50000             2.51615             0.19272             1.93364             0.41367           662.06393             3.92695             1.95364       3       5
   10000       2       2       2       8      10     546       6       6      23     229      13      29            26.76923             3.53846             2.52579             0.19781             1.94895             0.41558           668.54925             3.97265             1.91096       6       3
   10000       2       2       2       8      10     546       6       6      24     218      12      25            27.00000             3.33333             2.55282             0.19865             1.94416             0.41457           652.49250             3.93609             1.82466       1       3
   10000       2       2       2       8      10     546       6       6      25     207      11      28            27.00000             3.36364             2.49793             0.19544             1.96135             0.40473           653.36470             4.02839             1.68676       1       4
   10000       2       2       2       8      10     546       6       6      26     195      10      27            26.80000             3.30000             2.47145             0.19480             1.93549             0.39657           651.03657             4.07837             1.61394       1       5
   10000       2       2       2       8      10     546       6       6      27     184       9      22            26.77778             3.44444             2.44526             0.19212             1.98182             0.39196           667.99758             4.10648             1.51264       1       2
   10000       2       2       2       8      10     546       6       6      28     161       8      31            26.00000             3.50000             2.44620             0.19757             1.98646             0.39749           689.03757             4.13359             1.47148       1       6
   10000       2       2       2       8      10     546       6       6      29     146       7      27            25.71429             3.57143             2.39079             0.19560             1.97214             0.34885           708.47959             4.18627             1.38711       4       2
   10000       2       2       2       8      10     546       6       6      30     132       6      27            24.83333             3.50000             2.37326             0.20238             2.00014             0.33823           755.18715             4.29232             1.23925       4       6
