   10000       2       2       2       1      11     508       6       6       0     508      36       0            20.91667             3.02778             2.17896             0.23201             1.65907             0.34872           966.72845             3.87881             2.34215       0       0
   10000       2       2       2       1      11     508       6       6       1     493      35      29            20.80000             3.02857             2.17965             0.23364             1.66877             0.35009           970.86213             3.89820             2.31768       6       2
   10000       2       2       2       1      11     508       6       6       2     482      34      30            21.02941             3.02941             2.19334             0.23192             1.68856             0.35303           963.53249             3.86503             2.31624       5       2
   10000       2       2       2       1      11     508       6       6       3     462      33      32            20.84848             3.12121             2.26803             0.24139             1.70854             0.35823           958.32878             3.85060             2.39418       5       1
   10000       2       2       2       1      11     508       6       6       4     449      32      28            20.81250             3.15625             2.25120             0.24026             1.71982             0.35876           959.22369             3.87459             2.38244       6       3
   10000       2       2       2       1      11     508       6       6       5     428      31      30            20.64516             3.06452             2.21003             0.23696             1.71094             0.36193           953.47187             3.87840             2.34266       4       3
   10000       2       2       2       1      11     508       6       6       6     416      30      28            21.23333             3.06667             2.23123             0.23046             1.73325             0.38032           885.32671             3.85632             2.36190       1       5
   10000       2       2       2       1      11     508       6       6       7     400      29      31            21.17241             3.10345             2.22894             0.22899             1.78341             0.38448           826.09425             3.92501             2.35756       1       4
   10000       2       2       2       1      11     508       6       6       8     390      28      28            21.89286             3.32143             2.27470             0.22700             1.82833             0.38210           798.01390             3.93930             2.43139       5       4
   10000       2       2       2       1      11     508       6       6       9     368      27      31            21.29630             3.40741             2.25996             0.23144             1.82541             0.37817           811.60419             3.97049             2.39573       6       5
   10000       2       2       2       1      11     508       6       6      10     357      26      30            21.19231             3.42308             2.26822             0.23293             1.83878             0.39693           805.71824             3.98389             2.34555       5       6
   10000       2       2       2       1      11     508       6       6      11     347      25      29            21.92000             3.36000             2.27429             0.22670             1.83860             0.40618           785.49726             3.99332             2.40652       4       5
   10000       2       2       2       1      11     508       6       6      12     329      24      32            21.50000             3.29167             2.26690             0.22946             1.83420             0.40420           794.70293             3.99945             2.38750       5       5
   10000       2       2       2       1      11     508       6       6      13     314      23      28            21.39130             3.39130             2.26551             0.23188             1.85766             0.39351           788.10963             4.02408             2.36876       3       5
   10000       2       2       2       1      11     508       6       6      14     300      22      27            21.27273             3.36364             2.26842             0.23454             1.87486             0.40426           798.88231             4.04144             2.33010       2       4
   10000       2       2       2       1      11     508       6       6      15     286      21      27            22.23810             3.38095             2.27012             0.22010             1.90527             0.41143           734.60538             3.99461             2.29632       3       2
   10000       2       2       2       1      11     508       6       6      16     274      20      32            21.50000             3.40000             2.25452             0.22675             1.91324             0.41704           759.58234             4.00395             2.23265       3       4
   10000       2       2       2       1      11     508       6       6      17     260      19      26            21.26316             3.52632             2.25004             0.22944             1.96238             0.43760           767.87754             4.03379             2.21548       3       6
   10000       2       2       2       1      11     508       6       6      18     244      18      26            20.77778             3.50000             2.23602             0.23416             1.95514             0.43197           777.66871             4.03101             2.20058       4       6
   10000       2       2       2       1      11     508       6       6      19     233      17      25            20.35294             3.64706             2.23312             0.23889             1.97579             0.42949           782.29011             4.11042             2.14435       4       2
   10000       2       2       2       1      11     508       6       6      20     216      16      25            20.06250             3.62500             2.20940             0.24013             1.95084             0.41727           791.25527             4.13392             2.12254       5       3
   10000       2       2       2       1      11     508       6       6      21     201      15      24            19.80000             3.60000             2.17891             0.24068             1.93597             0.40450           795.88627             4.16201             2.07831       4       4
   10000       2       2       2       1      11     508       6       6      22     191      14      24            19.57143             3.35714             2.17343             0.24211             1.87324             0.40931           794.91903             4.26081             1.98047       2       6
   10000       2       2       2       1      11     508       6       6      23     171      13      23            19.30769             3.30769             2.17674             0.24584             1.85999             0.40583           785.36584             4.33879             2.03183       6       4
   10000       2       2       2       1      11     508       6       6      24     162      12      18            19.41667             3.41667             2.17295             0.24454             1.88264             0.40044           790.54778             4.31488             2.02019       1       6
   10000       2       2       2       1      11     508       6       6      25     144      11      18            19.54545             3.36364             2.15837             0.24181             1.85592             0.39406           795.81189             4.36345             2.11293       6       6
   10000       2       2       2       1      11     508       6       6      26     130      10      17            19.80000             3.40000             2.15068             0.23805             1.85402             0.38346           779.67673             4.37041             2.15528       2       5
   10000       2       2       2       1      11     508       6       6      27     122       9      16            20.44444             3.44444             2.16684             0.23317             1.85623             0.37798           771.37428             4.12949             2.10136       4       1
   10000       2       2       2       1      11     508       6       6      28     116       8      17            21.25000             3.37500             2.22413             0.23285             1.86398             0.39157           785.32156             4.03560             1.98450       3       1
   10000       2       2       2       1      11     508       6       6      29     108       7      15            22.42857             3.42857             2.29245             0.22623             1.90963             0.42188           742.32160             4.09086             1.99840       3       3
   10000       2       2       2       1      11     508       6       6      30      95       6      14            23.83333             3.33333             2.33928             0.21247             1.91850             0.47040           718.63322             3.80336             2.14642       6       1
