   10000       2       1       2       8      11     467       6       6       0     467      36       0            20.41667             3.19444             2.11294             0.23015             1.72272             0.31714           954.81477             3.61434             2.49732       0       0
   10000       2       1       2       8      11     467       6       6       1     450      35      29            20.48571             3.17143             2.08744             0.22627             1.71910             0.31160           949.62403             3.60619             2.50821       5       5
   10000       2       1       2       8      11     467       6       6       2     435      34      29            20.23529             3.20588             2.11013             0.23137             1.72325             0.31173           959.59428             3.60513             2.47145       5       1
   10000       2       1       2       8      11     467       6       6       3     423      33      29            20.06061             3.18182             2.09429             0.23135             1.71899             0.31340           969.54066             3.60735             2.45002       6       2
   10000       2       1       2       8      11     467       6       6       4     403      32      28            19.78125             3.09375             2.09616             0.23477             1.71229             0.31599           988.92243             3.59582             2.40935       6       4
   10000       2       1       2       8      11     467       6       6       5     389      31      26            19.61290             3.12903             2.09053             0.23365             1.71838             0.30816           981.56372             3.58485             2.34635       1       4
   10000       2       1       2       8      11     467       6       6       6     371      30      26            19.53333             3.06667             2.10029             0.23617             1.70524             0.31470           984.17564             3.59942             2.34545       3       5
   10000       2       1       2       8      11     467       6       6       7     358      29      27            19.44828             3.06897             2.10549             0.23844             1.70762             0.31983           989.92846             3.59763             2.31730       4       4
   10000       2       1       2       8      11     467       6       6       8     344      28      26            19.32143             3.14286             2.09673             0.23906             1.72890             0.32441          1001.33847             3.58266             2.26634       3       3
   10000       2       1       2       8      11     467       6       6       9     328      27      26            19.07407             3.11111             2.07581             0.24067             1.71858             0.31342          1023.26326             3.58432             2.21529       4       2
   10000       2       1       2       8      11     467       6       6      10     318      26      25            18.76923             3.07692             2.04203             0.24295             1.69877             0.32072          1050.93892             3.58097             2.13347       3       1
   10000       2       1       2       8      11     467       6       6      11     309      25      25            18.44000             3.08000             2.03934             0.24751             1.68880             0.32104          1079.58085             3.59138             2.05127       4       6
   10000       2       1       2       8      11     467       6       6      12     298      24      25            17.79167             3.12500             2.01963             0.25361             1.69240             0.31279          1110.26674             3.62823             1.91775       2       2
   10000       2       1       2       8      11     467       6       6      13     277      23      24            17.30435             3.08696             1.98484             0.26298             1.67498             0.30288          1238.02932             3.65091             1.90143       1       5
   10000       2       1       2       8      11     467       6       6      14     266      22      23            17.09091             3.09091             1.95346             0.28271             1.66357             0.30920          1498.64586             3.65566             1.80568       2       6
   10000       2       1       2       8      11     467       6       6      15     253      21      23            16.71429             3.09524             1.94745             0.28859             1.66126             0.30709          1533.68862             3.68533             1.75596       2       1
   10000       2       1       2       8      11     467       6       6      16     242      20      23            16.30000             3.10000             1.92851             0.29290             1.66933             0.29964          1570.91298             3.68203             1.66109       1       2
   10000       2       1       2       8      11     467       6       6      17     227      19      20            16.00000             3.10526             1.89200             0.29436             1.66256             0.31053          1611.12616             3.68609             1.62542       5       2
   10000       2       1       2       8      11     467       6       6      18     210      18      19            15.83333             3.05556             1.87223             0.29715             1.65561             0.31321          1645.14728             3.70689             1.64028       3       6
   10000       2       1       2       8      11     467       6       6      19     194      17      19            15.41176             3.00000             1.84637             0.30093             1.62786             0.32041          1664.18025             3.79352             1.61972       2       5
   10000       2       1       2       8      11     467       6       6      20     181      16      18            15.00000             3.06250             1.82465             0.30843             1.62237             0.33462          1751.30269             3.78192             1.58103       1       3
   10000       2       1       2       8      11     467       6       6      21     167      15      18            14.73333             3.13333             1.80859             0.31219             1.63062             0.33246          1795.29468             3.79778             1.56258       6       3
   10000       2       1       2       8      11     467       6       6      22     153      14      19            14.14286             3.07143             1.76976             0.31994             1.62696             0.34220          1871.75470             3.86876             1.50674       5       4
   10000       2       1       2       8      11     467       6       6      23     145      13      16            13.76923             3.00000             1.75242             0.32842             1.57390             0.32493          1962.18373             3.91692             1.43410       4       3
   10000       2       1       2       8      11     467       6       6      24     134      12      15            13.41667             3.00000             1.77952             0.34251             1.55823             0.34459          2016.25968             3.98609             1.35308       3       4
   10000       2       1       2       8      11     467       6       6      25     119      11      14            13.27273             3.09091             1.74641             0.34570             1.58750             0.33595          2081.66032             4.04262             1.38917       6       1
   10000       2       1       2       8      11     467       6       6      26     109      10      14            12.90000             3.20000             1.73316             0.35527             1.65984             0.35221          2166.45690             4.13553             1.31567       5       6
   10000       2       1       2       8      11     467       6       6      27     100       9      15            12.11111             3.11111             1.67636             0.37396             1.60505             0.35695          2388.67219             4.12499             1.17615       6       5
   10000       2       1       2       8      11     467       6       6      28      93       8      11            11.75000             3.00000             1.72879             0.40653             1.60727             0.36728          2600.87270             3.91340             1.02124       2       3
   10000       2       1       2       8      11     467       6       6      29      84       7      10            12.00000             3.00000             1.76148             0.41699             1.61465             0.35625          2714.29148             3.93301             1.00000       4       1
   10000       2       1       2       8      11     467       6       6      30      81       6       3            13.50000             3.33333             1.88839             0.31982             1.71710             0.33229          1452.74299             4.03920             1.00000       1       6
