   10000       2       2       2       4       6     546       6       6       0     546      36       0            21.88889             3.11111             2.26232             0.22006             1.62450             0.32094           843.01106             3.63284             2.18994       0       0
   10000       2       2       2       4       6     546       6       6       1     523      35      20            22.45714             3.14286             2.32090             0.21990             1.65776             0.33182           819.49480             3.65514             2.34362       2       2
   10000       2       2       2       4       6     546       6       6       2     510      34      25            22.91176             3.14706             2.35462             0.21844             1.66286             0.34773           795.09041             3.68485             2.37135       6       3
   10000       2       2       2       4       6     546       6       6       3     489      33      28            22.27273             3.15152             2.33684             0.22384             1.67038             0.35513           818.11229             3.69727             2.27860       1       1
   10000       2       2       2       4       6     546       6       6       4     470      32      23            22.78125             3.12500             2.35628             0.22025             1.65890             0.36161           795.57411             3.71554             2.36728       5       1
   10000       2       2       2       4       6     546       6       6       5     448      31      23            22.74194             3.22581             2.38866             0.22442             1.68700             0.35869           799.86082             3.71669             2.40184       1       4
   10000       2       2       2       4       6     546       6       6       6     424      30      19            23.23333             3.20000             2.38017             0.21969             1.70817             0.37367           786.28386             3.74601             2.53214       4       5
   10000       2       2       2       4       6     546       6       6       7     408      29      28            23.93103             3.17241             2.37996             0.21300             1.73062             0.38563           757.36035             3.77838             2.56271       2       5
   10000       2       2       2       4       6     546       6       6       8     386      28      27            23.78571             3.28571             2.36555             0.21343             1.77571             0.39274           768.79296             3.79236             2.57473       6       5
   10000       2       2       2       4       6     546       6       6       9     370      27      18            23.74074             3.33333             2.35206             0.21274             1.78689             0.39950           774.16375             3.78186             2.55437       4       6
   10000       2       2       2       4       6     546       6       6      10     358      26      27            23.50000             3.34615             2.32666             0.21337             1.80252             0.39083           794.22444             3.75372             2.52134       5       6
   10000       2       2       2       4       6     546       6       6      11     350      25      16            23.88000             3.36000             2.34302             0.21030             1.82027             0.38832           787.80196             3.72358             2.51574       2       1
   10000       2       2       2       4       6     546       6       6      12     333      24      21            23.95833             3.37500             2.37679             0.21293             1.83907             0.40034           786.49551             3.75242             2.46339       5       2
   10000       2       2       2       4       6     546       6       6      13     318      23      22            24.00000             3.34783             2.37496             0.21092             1.84277             0.39312           775.64286             3.77931             2.48206       5       3
   10000       2       2       2       4       6     546       6       6      14     308      22      22            24.04545             3.40909             2.38934             0.21202             1.82726             0.39980           772.18670             3.82002             2.44446       2       3
   10000       2       2       2       4       6     546       6       6      15     300      21      14            24.42857             3.38095             2.38223             0.20734             1.84124             0.38891           746.92219             3.86462             2.43317       4       4
   10000       2       2       2       4       6     546       6       6      16     287      20      26            24.10000             3.35000             2.37590             0.21026             1.84258             0.38967           748.22037             3.82995             2.37571       1       3
   10000       2       2       2       4       6     546       6       6      17     279      19      19            24.68421             3.26316             2.41813             0.20775             1.81311             0.39503           731.68915             3.78053             2.36816       6       4
   10000       2       2       2       4       6     546       6       6      18     267      18      26            24.55556             3.27778             2.38736             0.20726             1.83288             0.41166           732.65397             3.81870             2.36754       6       2
   10000       2       2       2       4       6     546       6       6      19     257      17      29            24.17647             3.29412             2.36341             0.20808             1.83643             0.39881           741.68141             3.84884             2.28374       1       6
   10000       2       2       2       4       6     546       6       6      20     245      16      21            24.43750             3.31250             2.37882             0.20778             1.85147             0.39468           743.87689             3.86063             2.23572       4       1
   10000       2       2       2       4       6     546       6       6      21     234      15      19            25.06667             3.33333             2.40748             0.20499             1.86378             0.40925           740.81290             3.87113             2.19228       4       3
   10000       2       2       2       4       6     546       6       6      22     220      14      20            25.00000             3.28571             2.42774             0.20644             1.84851             0.41124           736.21680             3.87060             2.15656       1       5
   10000       2       2       2       4       6     546       6       6      23     212      13      22            25.23077             3.30769             2.41288             0.20324             1.86950             0.41287           723.02471             3.83590             2.07044       6       6
   10000       2       2       2       4       6     546       6       6      24     199      12      26            25.33333             3.33333             2.38154             0.20073             1.84441             0.41872           718.20543             3.88789             2.00646       2       6
   10000       2       2       2       4       6     546       6       6      25     191      11      24            26.18182             3.27273             2.48650             0.20182             1.82205             0.42216           703.81543             3.85724             1.90943       4       2
   10000       2       2       2       4       6     546       6       6      26     171      10      34            24.80000             3.30000             2.43378             0.20896             1.86807             0.42838           748.71829             3.85634             1.83270       5       4
   10000       2       2       2       4       6     546       6       6      27     153       9      26            24.66667             3.11111             2.45808             0.21269             1.82242             0.44164           750.18700             3.88750             1.81610       2       4
   10000       2       2       2       4       6     546       6       6      28     135       8      21            25.12500             3.12500             2.43848             0.20664             1.85022             0.44117           711.41173             3.89195             1.86223       6       1
   10000       2       2       2       4       6     546       6       6      29     120       7      18            26.14286             3.14286             2.48870             0.20141             1.83514             0.42856           675.64042             3.82165             1.91482       5       5
   10000       2       2       2       4       6     546       6       6      30     106       6      20            27.16667             3.16667             2.52522             0.19485             1.86273             0.41984           677.40165             3.73823             1.98014       1       2
