   10000       2       1       2       3       6     535       6       6       0     535      36       0            22.11111             3.11111             2.31878             0.22761             1.62375             0.35631           910.11748             3.38373             2.28553       0       0
   10000       2       1       2       3       6     535       6       6       1     526      35      19            22.37143             3.05714             2.31167             0.22299             1.61464             0.35686           892.28314             3.37693             2.25557       2       5
   10000       2       1       2       3       6     535       6       6       2     510      34      26            22.20588             3.05882             2.29915             0.22485             1.61154             0.35896           903.44039             3.34587             2.24165       2       6
   10000       2       1       2       3       6     535       6       6       3     498      33      22            22.24242             3.09091             2.29406             0.22399             1.61947             0.36267           906.57011             3.33182             2.22329       4       6
   10000       2       1       2       3       6     535       6       6       4     479      32      26            22.40625             3.09375             2.30524             0.22515             1.61378             0.37029           904.28421             3.34884             2.22122       2       3
   10000       2       1       2       3       6     535       6       6       5     464      31      18            22.64516             3.03226             2.33591             0.22580             1.60553             0.37272           886.46110             3.36570             2.23516       3       1
   10000       2       1       2       3       6     535       6       6       6     445      30      29            22.50000             3.10000             2.34438             0.22815             1.62107             0.37661           887.11453             3.37436             2.22156       3       5
   10000       2       1       2       3       6     535       6       6       7     425      29      31            22.13793             3.10345             2.30862             0.22867             1.61241             0.37947           897.69940             3.39778             2.18819       3       4
   10000       2       1       2       3       6     535       6       6       8     414      28      24            22.39286             3.21429             2.29903             0.22605             1.62988             0.36760           895.78372             3.38168             2.14801       5       5
   10000       2       1       2       3       6     535       6       6       9     402      27      23            22.25926             3.22222             2.27843             0.22584             1.62772             0.36646           901.96367             3.39088             2.13354       6       6
   10000       2       1       2       3       6     535       6       6      10     387      26      24            22.15385             3.19231             2.28356             0.22843             1.63252             0.37474           915.26295             3.37337             2.05776       4       2
   10000       2       1       2       3       6     535       6       6      11     375      25      23            21.96000             3.20000             2.26452             0.22837             1.63399             0.38345           921.70906             3.39486             2.03184       6       5
   10000       2       1       2       3       6     535       6       6      12     365      24      25            22.00000             3.25000             2.27932             0.23081             1.64730             0.38700           927.15362             3.39104             1.97744       5       1
   10000       2       1       2       3       6     535       6       6      13     349      23      30            21.95652             3.17391             2.29782             0.23353             1.64577             0.39022           931.01897             3.38655             1.93337       5       3
   10000       2       1       2       3       6     535       6       6      14     338      22      16            22.18182             3.22727             2.27522             0.22752             1.65839             0.39359           923.54293             3.38095             1.94874       4       1
   10000       2       1       2       3       6     535       6       6      15     324      21      26            21.90476             3.19048             2.24314             0.22732             1.65064             0.38477           930.86986             3.38296             1.89326       6       3
   10000       2       1       2       3       6     535       6       6      16     313      20      20            22.00000             3.20000             2.24980             0.22722             1.64586             0.38726           940.32696             3.36645             1.87438       5       2
   10000       2       1       2       3       6     535       6       6      17     292      19      25            21.57895             3.10526             2.22311             0.23060             1.62175             0.37267           951.71213             3.42218             1.84964       3       2
   10000       2       1       2       3       6     535       6       6      18     273      18      23            21.50000             3.05556             2.23861             0.23178             1.61978             0.36152           944.11827             3.42018             1.87925       2       4
   10000       2       1       2       3       6     535       6       6      19     248      17      26            21.17647             3.00000             2.22673             0.23446             1.59048             0.35770           958.93412             3.43378             1.91847       5       6
   10000       2       1       2       3       6     535       6       6      20     234      16      19            21.18750             3.00000             2.26651             0.24003             1.59236             0.35356           960.14762             3.44069             1.91629       6       4
   10000       2       1       2       3       6     535       6       6      21     223      15      21            21.00000             3.00000             2.26705             0.25004             1.59318             0.35363           997.70434             3.48314             1.79541       2       1
   10000       2       1       2       3       6     535       6       6      22     209      14      20            20.78571             2.92857             2.25617             0.25128             1.57586             0.34357          1006.16620             3.53388             1.76196       3       3
   10000       2       1       2       3       6     535       6       6      23     198      13      13            21.30769             2.92308             2.31107             0.24228             1.58205             0.33975           933.82171             3.54553             1.76905       2       2
   10000       2       1       2       3       6     535       6       6      24     184      12      19            21.58333             3.00000             2.29149             0.23819             1.56440             0.34656           916.39267             3.56340             1.78551       5       4
   10000       2       1       2       3       6     535       6       6      25     161      11      31            20.27273             3.00000             2.24226             0.24642             1.59656             0.34311           965.92419             3.55023             1.74791       6       2
   10000       2       1       2       3       6     535       6       6      26     147      10      29            18.70000             2.90000             2.17334             0.25619             1.59935             0.32862          1036.43403             3.54348             1.63643       4       4
   10000       2       1       2       3       6     535       6       6      27     128       9      20            18.55556             2.77778             2.17665             0.25966             1.60161             0.33589          1050.04327             3.58117             1.69625       3       6
   10000       2       1       2       3       6     535       6       6      28     106       8      23            18.00000             2.75000             2.12265             0.26247             1.59727             0.32106          1076.20950             3.63278             1.77164       4       5
   10000       2       1       2       3       6     535       6       6      29      93       7      13            18.71429             2.71429             2.21709             0.26517             1.57545             0.34312          1095.25545             3.53457             1.88188       6       1
   10000       2       1       2       3       6     535       6       6      30      71       6      22            18.16667             2.66667             2.23055             0.27545             1.53644             0.35269          1124.46225             3.53648             2.02886       4       3
