   10000       2       1       2      12       7     504       6       6       0     504      36       0            21.11111             2.88889             2.22961             0.22955             1.55904             0.32370           873.83775             3.92412             2.46365       0       0
   10000       2       1       2      12       7     504       6       6       1     490      35      22            21.05714             2.91429             2.23216             0.23081             1.56793             0.32425           878.09100             3.91242             2.44242       1       1
   10000       2       1       2      12       7     504       6       6       2     476      34      23            21.05882             2.94118             2.23056             0.23046             1.56881             0.31218           880.12843             3.93101             2.40597       4       1
   10000       2       1       2      12       7     504       6       6       3     461      33      24            20.93939             2.90909             2.24556             0.23422             1.56213             0.31669           888.84191             3.92226             2.38956       6       5
   10000       2       1       2      12       7     504       6       6       4     441      32      21            20.93750             2.81250             2.24620             0.23182             1.55101             0.32050           872.23402             3.90824             2.38728       3       3
   10000       2       1       2      12       7     504       6       6       5     426      31      24            21.16129             2.87097             2.20636             0.22514             1.55683             0.32324           862.76320             3.92092             2.38764       3       5
   10000       2       1       2      12       7     504       6       6       6     401      30      21            21.30000             2.90000             2.27651             0.23106             1.57757             0.31962           845.18719             3.95421             2.52694       6       4
   10000       2       1       2      12       7     504       6       6       7     389      29      26            21.13793             2.86207             2.22627             0.22889             1.58061             0.31775           857.73039             3.93330             2.50713       5       6
   10000       2       1       2      12       7     504       6       6       8     382      28      14            21.21429             2.82143             2.25692             0.22983             1.59788             0.32212           855.02280             3.94603             2.42538       3       2
   10000       2       1       2      12       7     504       6       6       9     375      27      17            21.29630             2.88889             2.24504             0.22844             1.61664             0.30995           856.50220             3.91935             2.26043       2       4
   10000       2       1       2      12       7     504       6       6      10     361      26      25            21.19231             2.92308             2.20895             0.22805             1.61617             0.29718           874.77404             3.89464             2.18334       1       3
   10000       2       1       2      12       7     504       6       6      11     352      25      15            21.32000             2.96000             2.21189             0.22748             1.63846             0.31057           874.22850             3.86036             2.16246       3       4
   10000       2       1       2      12       7     504       6       6      12     332      24      22            21.12500             2.95833             2.22361             0.23099             1.64369             0.31262           873.99261             3.92191             2.15855       5       1
   10000       2       1       2      12       7     504       6       6      13     323      23      15            21.60870             2.91304             2.24917             0.22949             1.66445             0.31666           851.85401             3.89423             2.13857       6       3
   10000       2       1       2      12       7     504       6       6      14     306      22      26            21.45455             3.00000             2.23491             0.22897             1.69799             0.32205           855.40230             3.87325             2.13419       1       4
   10000       2       1       2      12       7     504       6       6      15     293      21      25            21.61905             3.04762             2.24084             0.23022             1.70213             0.31540           847.75203             3.91318             2.09997       2       6
   10000       2       1       2      12       7     504       6       6      16     271      20      27            21.20000             3.20000             2.22905             0.23421             1.70590             0.30324           862.11882             3.91890             2.07178       4       5
   10000       2       1       2      12       7     504       6       6      17     258      19      19            21.15789             3.10526             2.23734             0.23554             1.69372             0.29646           862.58957             3.93046             2.04211       5       5
   10000       2       1       2      12       7     504       6       6      18     247      18      23            20.83333             3.11111             2.26001             0.24033             1.70652             0.30473           865.41289             3.96838             1.98798       2       1
   10000       2       1       2      12       7     504       6       6      19     234      17      20            21.11765             3.23529             2.27956             0.23808             1.69413             0.29409           846.65140             3.98382             1.95977       4       2
   10000       2       1       2      12       7     504       6       6      20     220      16      25            20.50000             3.25000             2.22076             0.24055             1.69315             0.27731           867.00915             3.96777             1.86647       5       4
   10000       2       1       2      12       7     504       6       6      21     202      15      29            19.20000             3.26667             2.14015             0.24654             1.70342             0.26112           915.52725             3.99298             1.77174       6       2
   10000       2       1       2      12       7     504       6       6      22     192      14      16            19.35714             3.35714             2.14816             0.24720             1.71582             0.28570           908.92781             4.11063             1.72836       4       4
   10000       2       1       2      12       7     504       6       6      23     171      13      30            18.00000             3.23077             2.11289             0.26063             1.70563             0.25884           968.67228             4.17090             1.67037       4       6
   10000       2       1       2      12       7     504       6       6      24     159      12      19            17.83333             3.50000             2.07904             0.25742             1.78379             0.29835           959.05156             4.16612             1.62527       2       3
   10000       2       1       2      12       7     504       6       6      25     156      11      16            17.72727             3.54545             2.11818             0.26543             1.72667             0.28199          1016.54857             4.08462             1.45665       5       3
   10000       2       1       2      12       7     504       6       6      26     141      10      19            17.60000             3.50000             2.07360             0.26287             1.69933             0.27130          1026.70701             4.10959             1.45519       5       2
   10000       2       1       2      12       7     504       6       6      27     127       9      14            18.00000             3.44444             2.08178             0.25789             1.69157             0.28435           995.07982             4.09108             1.50577       4       3
   10000       2       1       2      12       7     504       6       6      28     113       8      27            15.75000             3.50000             2.01515             0.28495             1.67614             0.25891          1149.69119             4.05625             1.22711       1       5
   10000       2       1       2      12       7     504       6       6      29     106       7      14            15.57143             3.57143             2.04122             0.29324             1.66724             0.25500          1211.26994             4.02455             1.07188       1       2
   10000       2       1       2      12       7     504       6       6      30      84       6      22            14.50000             3.50000             1.99221             0.30465             1.70861             0.26417          1269.19419             4.18631             1.08386       6       1
