   10000       2       2       1       1       6     467       6       6       0     467      36       0            20.41667             3.19444             2.11294             0.23015             1.72272             0.31714           954.81457             3.61434             2.49732       0       0
   10000       2       2       1       1       6     467       6       6       1     460      35      21            20.91429             3.14286             2.13394             0.22549             1.71865             0.32793           919.35493             3.64199             2.53085       2       5
   10000       2       2       1       1       6     467       6       6       2     445      34      28            21.44118             3.20588             2.16777             0.22074             1.72569             0.33800           871.34885             3.62179             2.54878       1       4
   10000       2       2       1       1       6     467       6       6       3     435      33      24            21.54545             3.30303             2.15455             0.21795             1.73709             0.33336           858.42745             3.64483             2.55166       2       1
   10000       2       2       1       1       6     467       6       6       4     421      32      23            22.31250             3.34375             2.24195             0.21834             1.78039             0.35995           825.50335             3.64783             2.62738       3       3
   10000       2       2       1       1       6     467       6       6       5     406      31      15            22.58065             3.41935             2.27684             0.22024             1.81199             0.37572           830.16027             3.63640             2.64816       6       5
   10000       2       2       1       1       6     467       6       6       6     391      30      19            22.50000             3.36667             2.27903             0.22090             1.78653             0.38772           822.47898             3.68711             2.65928       5       3
   10000       2       2       1       1       6     467       6       6       7     379      29      23            22.79310             3.27586             2.28277             0.21899             1.79196             0.39227           814.77293             3.69019             2.67031       5       4
   10000       2       2       1       1       6     467       6       6       8     371      28      19            22.89286             3.32143             2.27888             0.21787             1.79967             0.39468           817.26770             3.65110             2.61051       2       4
   10000       2       2       1       1       6     467       6       6       9     360      27      28            22.81481             3.29630             2.27595             0.21886             1.84075             0.39243           821.72995             3.65250             2.59497       6       2
   10000       2       2       1       1       6     467       6       6      10     353      26      14            23.11538             3.30769             2.28078             0.21617             1.85212             0.38623           807.62353             3.66170             2.56492       1       1
   10000       2       2       1       1       6     467       6       6      11     344      25      19            23.72000             3.24000             2.30880             0.21258             1.82903             0.37777           765.86200             3.66186             2.57930       4       6
   10000       2       2       1       1       6     467       6       6      12     329      24      30            23.75000             3.29167             2.28385             0.20959             1.84138             0.38258           761.45429             3.66618             2.57771       3       2
   10000       2       2       1       1       6     467       6       6      13     316      23      29            23.56522             3.34783             2.29104             0.21138             1.85779             0.39215           761.90365             3.67579             2.50411       5       5
   10000       2       2       1       1       6     467       6       6      14     301      22      27            23.40909             3.36364             2.27143             0.21070             1.87103             0.40195           762.89277             3.69482             2.47920       4       5
   10000       2       2       1       1       6     467       6       6      15     299      21      20            23.90476             3.38095             2.28860             0.20662             1.87985             0.41178           742.50605             3.69394             2.38924       4       1
   10000       2       2       1       1       6     467       6       6      16     290      20      29            23.90000             3.30000             2.29825             0.20712             1.89085             0.40981           732.29692             3.72667             2.35679       1       5
   10000       2       2       1       1       6     467       6       6      17     272      19      23            23.84211             3.31579             2.28552             0.20876             1.90292             0.40535           740.15034             3.75554             2.37369       2       6
   10000       2       2       1       1       6     467       6       6      18     257      18      28            23.33333             3.38889             2.25504             0.21049             1.92034             0.40275           755.16043             3.75027             2.28787       4       2
   10000       2       2       1       1       6     467       6       6      19     239      17      23            22.88235             3.29412             2.22228             0.21291             1.95975             0.40910           763.78247             3.78561             2.24653       1       2
   10000       2       2       1       1       6     467       6       6      20     227      16      21            23.00000             3.37500             2.24095             0.21434             1.98399             0.39838           758.32916             3.78805             2.21567       3       1
   10000       2       2       1       1       6     467       6       6      21     209      15      36            22.20000             3.20000             2.19606             0.21689             1.96149             0.41799           771.31227             3.80550             2.16455       3       5
   10000       2       2       1       1       6     467       6       6      22     202      14      20            22.14286             3.28571             2.22087             0.21976             1.99431             0.40305           793.98942             3.75854             2.07553       2       3
   10000       2       2       1       1       6     467       6       6      23     190      13      28            21.76923             3.38462             2.20405             0.22170             2.03051             0.39239           805.05243             3.74633             2.00930       6       3
   10000       2       2       1       1       6     467       6       6      24     183      12      19            22.25000             3.41667             2.22287             0.21920             2.02433             0.38713           797.56401             3.73961             1.90637       4       3
   10000       2       2       1       1       6     467       6       6      25     165      11      32            21.36364             3.45455             2.21169             0.22536             2.03165             0.36820           822.21613             3.75983             1.82502       3       6
   10000       2       2       1       1       6     467       6       6      26     157      10      19            21.40000             3.50000             2.23370             0.22539             2.03623             0.38657           811.22310             3.80700             1.70982       6       1
   10000       2       2       1       1       6     467       6       6      27     144       9      29            20.22222             3.44444             2.17763             0.23238             2.03647             0.37689           854.51047             3.79679             1.54104       4       4
   10000       2       2       1       1       6     467       6       6      28     130       8      17            20.62500             3.62500             2.20911             0.23153             2.03723             0.35189           829.38806             3.79645             1.53612       3       4
   10000       2       2       1       1       6     467       6       6      29     109       7      23            20.28571             3.42857             2.13960             0.22959             1.98277             0.36769           864.49931             3.73705             1.55582       6       4
   10000       2       2       1       1       6     467       6       6      30      98       6      23            20.00000             3.50000             2.06634             0.22824             2.03345             0.33593           899.90294             3.71731             1.46167       5       2
   10000       2       2       1       1       6     467       6       6      31      85       5      19            19.20000             3.80000             2.00578             0.24088             2.19462             0.39341          1031.34782             3.90108             1.26734       5       6
   10000       2       2       1       1       6     467       6       6      32      59       4      28            17.00000             3.75000             1.96957             0.26109             2.21550             0.38990          1135.67717             3.87221             1.27051       5       1
   10000       2       2       1       1       6     467       6       6      33      44       3      20            16.00000             3.66667             1.99275             0.28145             2.19962             0.39707          1145.95766             4.07212             1.15584       2       2
   10000       2       2       1       1       6     467       6       6      34      33       2      15            16.50000             3.50000             1.98913             0.27931             2.15657             0.38131          1172.46534             4.29265             1.00000       1       6
   10000       2       2       1       1       6     467       6       6      35      23       1      10            23.00000             3.00000             2.47826             0.22530             2.09091             0.31818           630.96204             4.03826             1.00000       6       6
   10000       2       2       1       1       6     467       6       6      36       0       0      23             0.00000             0.00000             0.00000             0.00000             0.00000             0.00000             0.00000             0.00000             0.00000       1       3
