   10000       2       2       2       7       7     465       6       6       0     465      36       0            20.86111             3.02778             2.26933             0.23432             1.65535             0.34821           866.06190             3.76657             2.53990       0       0
   10000       2       2       2       7       7     465       6       6       1     460      35      19            21.11429             2.97143             2.29863             0.23485             1.64874             0.36126           858.35712             3.77196             2.51616       6       2
   10000       2       2       2       7       7     465       6       6       2     447      34      25            21.14706             3.02941             2.29719             0.23352             1.66963             0.35709           850.14986             3.79558             2.50281       2       6
   10000       2       2       2       7       7     465       6       6       3     437      33      16            21.48485             3.15152             2.30842             0.22992             1.69308             0.35560           834.17709             3.79263             2.51172       5       4
   10000       2       2       2       7       7     465       6       6       4     427      32      15            21.68750             3.31250             2.29338             0.22610             1.73562             0.35129           823.66589             3.80034             2.51066       1       6
   10000       2       2       2       7       7     465       6       6       5     417      31      24            21.80645             3.29032             2.27450             0.22297             1.73818             0.34958           820.71574             3.81092             2.49395       6       4
   10000       2       2       2       7       7     465       6       6       6     406      30      22            22.26667             3.36667             2.31554             0.22231             1.76177             0.36402           790.76402             3.81798             2.51570       3       1
   10000       2       2       2       7       7     465       6       6       7     400      29      18            22.96552             3.34483             2.32026             0.21728             1.77290             0.36421           783.14460             3.82432             2.50193       4       2
   10000       2       2       2       7       7     465       6       6       8     394      28      17            23.25000             3.35714             2.33458             0.21539             1.77897             0.36843           772.10091             3.83446             2.46184       6       3
   10000       2       2       2       7       7     465       6       6       9     388      27      17            23.62963             3.37037             2.34149             0.21154             1.79269             0.38196           760.38572             3.84817             2.44595       1       5
   10000       2       2       2       7       7     465       6       6      10     375      26      26            24.03846             3.42308             2.36605             0.20907             1.81908             0.39128           734.15197             3.84425             2.45123       3       6
   10000       2       2       2       7       7     465       6       6      11     372      25      21            24.36000             3.44000             2.35847             0.20492             1.83503             0.39594           726.62462             3.85168             2.40256       6       6
   10000       2       2       2       7       7     465       6       6      12     360      24      21            24.41667             3.41667             2.38619             0.20653             1.82202             0.39676           714.20155             3.87562             2.40265       6       5
   10000       2       2       2       7       7     465       6       6      13     356      23      18            24.52174             3.30435             2.36232             0.20263             1.79559             0.40010           710.73693             3.87238             2.32003       4       1
   10000       2       2       2       7       7     465       6       6      14     346      22      30            24.45455             3.27273             2.35152             0.20206             1.78390             0.39328           710.23350             3.88109             2.24697       5       2
   10000       2       2       2       7       7     465       6       6      15     337      21      24            25.14286             3.19048             2.38080             0.19910             1.79337             0.39495           684.22571             3.90595             2.22096       1       4
   10000       2       2       2       7       7     465       6       6      16     317      20      33            24.55000             3.20000             2.33352             0.19957             1.79642             0.37926           702.56885             3.87364             2.22820       5       1
   10000       2       2       2       7       7     465       6       6      17     310      19      24            24.89474             3.26316             2.35869             0.19938             1.78712             0.37499           684.92141             3.88029             2.12841       2       5
   10000       2       2       2       7       7     465       6       6      18     298      18      26            25.22222             3.27778             2.37617             0.19912             1.82769             0.38889           670.80468             3.86266             2.12468       4       4
   10000       2       2       2       7       7     465       6       6      19     287      17      28            24.64706             3.41176             2.39295             0.20459             1.84660             0.39219           690.83932             3.90240             2.03628       4       3
   10000       2       2       2       7       7     465       6       6      20     274      16      30            24.87500             3.31250             2.41826             0.20532             1.84160             0.39628           673.74298             3.97976             2.03305       1       3
   10000       2       2       2       7       7     465       6       6      21     253      15      23            25.00000             3.33333             2.42057             0.20474             1.81296             0.38950           657.97511             4.00655             2.07120       5       3
   10000       2       2       2       7       7     465       6       6      22     238      14      25            25.14286             3.14286             2.39595             0.20209             1.76541             0.39627           657.20403             4.02147             2.00139       2       4
   10000       2       2       2       7       7     465       6       6      23     217      13      21            25.38462             3.15385             2.42927             0.20251             1.77679             0.36702           659.04560             4.03406             2.03406       4       5
   10000       2       2       2       7       7     465       6       6      24     202      12      30            26.50000             3.16667             2.48084             0.19686             1.82402             0.39517           628.37957             4.06925             2.09147       2       3
   10000       2       2       2       7       7     465       6       6      25     191      11      26            26.36364             3.27273             2.53910             0.20244             1.84889             0.40125           614.64560             4.14477             1.94785       2       1
   10000       2       2       2       7       7     465       6       6      26     172      10      27            25.30000             3.30000             2.42228             0.20331             1.87737             0.39742           652.76819             4.14632             1.85391       3       5
   10000       2       2       2       7       7     465       6       6      27     152       9      20            25.88889             3.22222             2.47599             0.20328             1.84035             0.42403           649.69944             4.12025             1.94879       6       1
   10000       2       2       2       7       7     465       6       6      28     138       8      30            26.00000             3.25000             2.49040             0.20418             1.84824             0.42074           641.12137             4.15240             1.86595       2       2
   10000       2       2       2       7       7     465       6       6      29     130       7      28            26.14286             3.28571             2.50625             0.20342             1.88597             0.45748           641.03887             4.15364             1.70048       3       2
   10000       2       2       2       7       7     465       6       6      30     106       6      31            24.33333             3.16667             2.48144             0.21771             1.88626             0.43798           708.09272             4.10753             1.61505       4       6
