   10000       2       1       2       1      11     509       6       6       0     509      36       0            22.55556             2.97222             2.25679             0.22020             1.60747             0.37073           901.40119             3.36120             2.56709       0       0
   10000       2       1       2       1      11     509       6       6       1     483      35      37            22.28571             2.94286             2.26994             0.22332             1.59467             0.37121           901.98081             3.38184             2.57093       5       1
   10000       2       1       2       1      11     509       6       6       2     465      34      33            22.00000             3.00000             2.24424             0.22451             1.60299             0.36166           911.89101             3.39673             2.52801       2       6
   10000       2       1       2       1      11     509       6       6       3     450      33      32            21.72727             3.06061             2.20948             0.22363             1.60495             0.34795           916.19763             3.41863             2.48255       1       5
   10000       2       1       2       1      11     509       6       6       4     431      32      32            21.59375             3.00000             2.25227             0.22898             1.59313             0.36331           920.09757             3.43641             2.44866       4       5
   10000       2       1       2       1      11     509       6       6       5     415      31      29            21.58065             2.93548             2.23215             0.22770             1.57893             0.36280           923.61402             3.43301             2.41919       5       3
   10000       2       1       2       1      11     509       6       6       6     400      30      29            21.53333             2.90000             2.23445             0.22870             1.57496             0.36650           923.89864             3.45498             2.40133       2       4
   10000       2       1       2       1      11     509       6       6       7     386      29      29            21.17241             2.89655             2.23130             0.22987             1.56473             0.36166           926.95065             3.44355             2.35677       3       5
   10000       2       1       2       1      11     509       6       6       8     371      28      28            21.03571             2.92857             2.19608             0.22660             1.57045             0.36449           929.18781             3.44649             2.30798       5       4
   10000       2       1       2       1      11     509       6       6       9     354      27      28            20.62963             2.92593             2.21369             0.23267             1.57811             0.37182           946.01170             3.44590             2.26962       6       2
   10000       2       1       2       1      11     509       6       6      10     341      26      28            20.42308             2.92308             2.21099             0.23528             1.59029             0.37644           958.89426             3.43033             2.21234       4       2
   10000       2       1       2       1      11     509       6       6      11     326      25      28            20.04000             2.92000             2.19876             0.23889             1.57861             0.37932           965.53981             3.41915             2.10340       3       3
   10000       2       1       2       1      11     509       6       6      12     312      24      25            19.79167             3.08333             2.18785             0.24060             1.58685             0.37097           972.23622             3.40958             2.09338       6       4
   10000       2       1       2       1      11     509       6       6      13     300      23      26            19.34783             3.13043             2.15825             0.24282             1.59710             0.37226           990.46996             3.40676             2.01466       6       6
   10000       2       1       2       1      11     509       6       6      14     290      22      24            18.86364             3.18182             2.14343             0.24949             1.62688             0.36841          1030.03814             3.39839             1.88360       3       1
   10000       2       1       2       1      11     509       6       6      15     280      21      23            18.42857             3.19048             2.11920             0.25383             1.64190             0.36782          1054.22463             3.39978             1.80390       5       5
   10000       2       1       2       1      11     509       6       6      16     270      20      23            17.90000             3.25000             2.07422             0.25658             1.66483             0.36358          1081.59168             3.41937             1.72857       4       6
   10000       2       1       2       1      11     509       6       6      17     258      19      22            17.47368             3.31579             2.06629             0.26935             1.68055             0.36507          1123.45708             3.48221             1.64148       4       4
   10000       2       1       2       1      11     509       6       6      18     240      18      21            17.27778             3.33333             2.07008             0.27325             1.68989             0.36591          1141.40643             3.46548             1.65396       6       3
   10000       2       1       2       1      11     509       6       6      19     220      17      21            17.05882             3.35294             2.04059             0.27420             1.69223             0.36391          1169.12163             3.44048             1.68557       5       2
   10000       2       1       2       1      11     509       6       6      20     204      16      20            16.87500             3.31250             2.03063             0.27686             1.69274             0.36362          1179.20154             3.48917             1.69847       2       5
   10000       2       1       2       1      11     509       6       6      21     189      15      17            16.86667             3.26667             2.02091             0.27718             1.67225             0.36703          1178.03427             3.52309             1.71893       3       4
   10000       2       1       2       1      11     509       6       6      22     176      14      17            16.78571             3.42857             2.02253             0.27947             1.71202             0.34872          1147.01278             3.59840             1.70680       1       4
   10000       2       1       2       1      11     509       6       6      23     162      13      16            16.84615             3.38462             2.03388             0.28174             1.69499             0.34478          1155.64588             3.60536             1.73992       3       6
   10000       2       1       2       1      11     509       6       6      24     146      12      16            16.91667             3.41667             2.02108             0.28091             1.70846             0.34573          1141.73123             3.64038             1.80158       6       1
   10000       2       1       2       1      11     509       6       6      25     132      11      15            17.09091             3.36364             2.02906             0.28134             1.70793             0.34469          1142.80886             3.67344             1.86096       5       6
   10000       2       1       2       1      11     509       6       6      26     118      10      14            17.40000             3.20000             2.03911             0.27981             1.69411             0.36378          1105.83903             3.77800             1.94706       1       6
   10000       2       1       2       1      11     509       6       6      27     104       9      14            17.77778             3.11111             2.05933             0.27915             1.66867             0.37001          1096.60684             3.81728             2.05229       6       5
   10000       2       1       2       1      11     509       6       6      28      92       8      13            18.37500             3.12500             2.07636             0.27398             1.68976             0.39543          1055.28380             3.91181             2.16746       4       1
   10000       2       1       2       1      11     509       6       6      29      82       7      12            19.28571             3.28571             2.09321             0.26438             1.68351             0.40933          1035.93966             3.85627             2.25448       3       2
   10000       2       1       2       1      11     509       6       6      30      76       6       6            21.50000             3.50000             2.20653             0.21845             1.73077             0.40394           791.25934             3.79123             2.46356       4       3
