   10000       2       2       2       9       6     503       6       6       0     503      36       0            22.55556             3.00000             2.29326             0.21934             1.68768             0.35119           834.45777             3.74064             2.54979       0       0
   10000       2       2       2       9       6     503       6       6       1     497      35      17            22.74286             3.05714             2.30341             0.21849             1.69385             0.34929           823.69654             3.75352             2.51920       1       6
   10000       2       2       2       9       6     503       6       6       2     486      34      21            22.88235             3.05882             2.32272             0.21923             1.69532             0.35046           823.90298             3.77230             2.51731       2       6
   10000       2       2       2       9       6     503       6       6       3     467      33      32            23.27273             2.96970             2.34693             0.21695             1.69700             0.36449           797.32475             3.78590             2.61906       5       3
   10000       2       2       2       9       6     503       6       6       4     454      32      22            23.46875             3.09375             2.34099             0.21357             1.73852             0.36335           786.72494             3.79663             2.58343       3       1
   10000       2       2       2       9       6     503       6       6       5     431      31      28            23.19355             3.00000             2.32919             0.21470             1.71072             0.36356           789.70709             3.80556             2.60520       3       6
   10000       2       2       2       9       6     503       6       6       6     421      30      25            23.06667             3.03333             2.30961             0.21528             1.73212             0.35025           797.55921             3.84456             2.52570       5       1
   10000       2       2       2       9       6     503       6       6       7     411      29      30            23.89655             3.06897             2.31556             0.20585             1.75479             0.34926           755.42292             3.84243             2.61631       4       2
   10000       2       2       2       9       6     503       6       6       8     398      28      26            23.57143             3.07143             2.28998             0.20686             1.73777             0.35006           768.42379             3.85485             2.56335       4       1
   10000       2       2       2       9       6     503       6       6       9     385      27      27            23.48148             3.03704             2.28252             0.20706             1.74506             0.36043           770.42055             3.89135             2.53935       6       2
   10000       2       2       2       9       6     503       6       6      10     367      26      29            24.03846             3.15385             2.33469             0.20765             1.78173             0.36405           757.94988             3.92273             2.62188       5       4
   10000       2       2       2       9       6     503       6       6      11     346      25      24            24.36000             3.20000             2.30703             0.20250             1.78880             0.38617           738.87570             3.93950             2.66639       4       5
   10000       2       2       2       9       6     503       6       6      12     332      24      28            24.25000             3.29167             2.30475             0.20361             1.81844             0.40238           727.32636             3.94612             2.65663       2       5
   10000       2       2       2       9       6     503       6       6      13     320      23      23            24.21739             3.30435             2.29098             0.20306             1.82870             0.39579           726.91932             3.91845             2.59923       1       5
   10000       2       2       2       9       6     503       6       6      14     307      22      13            24.54545             3.18182             2.34263             0.20383             1.78807             0.38997           725.99354             3.98262             2.64372       2       4
   10000       2       2       2       9       6     503       6       6      15     291      21      25            24.61905             3.23810             2.33178             0.20206             1.80274             0.38053           715.64430             4.02797             2.67098       6       4
   10000       2       2       2       9       6     503       6       6      16     282      20      23            24.50000             3.35000             2.29163             0.19849             1.82328             0.36598           714.11115             4.07251             2.60643       4       6
   10000       2       2       2       9       6     503       6       6      17     275      19      24            24.57895             3.36842             2.27932             0.19743             1.84528             0.35755           710.22745             4.10843             2.53356       4       3
   10000       2       2       2       9       6     503       6       6      18     269      18      24            24.77778             3.44444             2.28199             0.19577             1.85655             0.36934           713.80345             4.11662             2.44092       3       2
   10000       2       2       2       9       6     503       6       6      19     262      17      21            25.41176             3.47059             2.32977             0.19440             1.88231             0.36303           670.53877             4.09205             2.38375       1       3
   10000       2       2       2       9       6     503       6       6      20     251      16      25            25.25000             3.31250             2.32876             0.19647             1.84379             0.36051           681.48366             4.13325             2.36291       5       6
   10000       2       2       2       9       6     503       6       6      21     233      15      20            25.46667             3.33333             2.35286             0.19655             1.84789             0.37146           679.58999             4.18489             2.42363       6       1
   10000       2       2       2       9       6     503       6       6      22     222      14      26            25.21429             3.28571             2.38119             0.20181             1.86373             0.39931           686.77816             4.15770             2.20980       2       3
   10000       2       2       2       9       6     503       6       6      23     208      13      31            24.61538             3.23077             2.31655             0.20161             1.87450             0.39946           701.53428             4.19345             2.08646       6       5
   10000       2       2       2       9       6     503       6       6      24     199      12      21            24.41667             3.25000             2.37468             0.21057             1.91467             0.40598           716.59122             4.17485             1.93022       1       2
   10000       2       2       2       9       6     503       6       6      25     183      11      28            23.27273             3.54545             2.24691             0.22227             2.04792             0.40254           867.65423             4.13300             1.75728       2       1
   10000       2       2       2       9       6     503       6       6      26     168      10      23            23.20000             3.50000             2.22453             0.22117             2.06848             0.43059           888.45668             4.11439             1.68658       3       5
   10000       2       2       2       9       6     503       6       6      27     151       9      26            22.88889             3.55556             2.22868             0.22634             2.05387             0.43398           886.75036             4.19048             1.67831       5       2
   10000       2       2       2       9       6     503       6       6      28     125       8      30            22.00000             3.50000             2.18643             0.23251             2.04767             0.42789           906.81500             4.31847             1.70773       6       3
   10000       2       2       2       9       6     503       6       6      29     106       7      32            19.14286             3.57143             2.04002             0.24655             2.09398             0.42259          1002.97340             4.51005             1.50331       3       4
   10000       2       2       2       9       6     503       6       6      30      89       6      19            19.00000             3.66667             2.01627             0.24867             2.10621             0.43154           988.50797             4.59095             1.48311       1       4
