   10000       2       2       2       4       3     525       6       6       0     525      36       0            21.69444             2.91667             2.24134             0.22026             1.60306             0.30909           825.34604             4.00950             2.38234       0       0
   10000       2       2       2       4       3     525       6       6       1     509      35      24            21.77143             2.97143             2.26167             0.22202             1.62651             0.32061           801.06650             4.01447             2.38633       5       6
   10000       2       2       2       4       3     525       6       6       2     494      34      22            22.02941             3.02941             2.25636             0.21973             1.65372             0.31934           792.87121             4.02172             2.42436       4       5
   10000       2       2       2       4       3     525       6       6       3     478      33      28            22.30303             3.03030             2.26399             0.22021             1.65252             0.32227           792.01194             4.02953             2.43739       6       4
   10000       2       2       2       4       3     525       6       6       4     467      32      27            22.40625             2.93750             2.26632             0.21915             1.63388             0.32302           788.11289             4.01453             2.43545       5       4
   10000       2       2       2       4       3     525       6       6       5     453      31      22            22.67742             2.93548             2.30820             0.22100             1.64079             0.33465           767.58164             4.03841             2.45863       1       1
   10000       2       2       2       4       3     525       6       6       6     434      30      26            22.93333             2.93333             2.28947             0.21663             1.65207             0.34224           755.06474             4.06644             2.50628       2       1
   10000       2       2       2       4       3     525       6       6       7     416      29      21            23.34483             2.89655             2.30953             0.21425             1.65925             0.35677           740.29646             4.08688             2.57266       1       4
   10000       2       2       2       4       3     525       6       6       8     408      28      15            23.60714             3.00000             2.32678             0.21267             1.69289             0.35418           731.83646             4.08902             2.53347       1       2
   10000       2       2       2       4       3     525       6       6       9     400      27      19            24.29630             3.03704             2.32963             0.20735             1.72584             0.36538           708.57432             4.13018             2.53230       5       2
   10000       2       2       2       4       3     525       6       6      10     381      26      28            24.07692             3.07692             2.33430             0.20612             1.71338             0.35541           693.32314             4.16895             2.48700       5       5
   10000       2       2       2       4       3     525       6       6      11     372      25      21            24.60000             2.92000             2.39684             0.20660             1.68225             0.36649           663.03603             4.20646             2.50286       4       2
   10000       2       2       2       4       3     525       6       6      12     354      24      27            24.54167             2.91667             2.39490             0.20696             1.68610             0.36181           663.65050             4.25438             2.49839       6       3
   10000       2       2       2       4       3     525       6       6      13     343      23      29            24.47826             3.08696             2.38628             0.20774             1.71482             0.35747           668.76301             4.28677             2.37051       2       3
   10000       2       2       2       4       3     525       6       6      14     329      22      29            24.31818             3.09091             2.34705             0.20730             1.74016             0.35811           678.18850             4.32891             2.33134       4       3
   10000       2       2       2       4       3     525       6       6      15     318      21      27            24.38095             3.14286             2.39956             0.21127             1.75837             0.36880           679.30994             4.35308             2.27301       2       5
   10000       2       2       2       4       3     525       6       6      16     305      20      21            24.30000             3.10000             2.39304             0.21188             1.73772             0.37017           691.43535             4.34734             2.21180       2       2
   10000       2       2       2       4       3     525       6       6      17     295      19      19            24.47368             3.05263             2.36615             0.20795             1.73287             0.36999           697.38572             4.34150             2.14970       2       4
   10000       2       2       2       4       3     525       6       6      18     290      18      11            24.83333             3.16667             2.39804             0.20670             1.76534             0.36496           696.18365             4.33729             2.12404       6       6
   10000       2       2       2       4       3     525       6       6      19     281      17      16            25.29412             3.11765             2.41693             0.20325             1.75057             0.36546           671.43205             4.33563             2.10998       5       3
   10000       2       2       2       4       3     525       6       6      20     266      16      21            25.62500             3.25000             2.46381             0.20338             1.78045             0.36523           661.98683             4.31184             2.10342       2       6
   10000       2       2       2       4       3     525       6       6      21     256      15      24            25.66667             3.26667             2.45719             0.20277             1.78594             0.36181           652.86210             4.34478             2.02634       4       6
   10000       2       2       2       4       3     525       6       6      22     244      14      29            25.57143             3.21429             2.45172             0.20313             1.79386             0.35347           657.85663             4.31532             1.94206       1       5
   10000       2       2       2       4       3     525       6       6      23     224      13      20            25.84615             3.15385             2.45487             0.20118             1.78425             0.36762           651.99905             4.24412             1.98444       6       5
   10000       2       2       2       4       3     525       6       6      24     209      12      27            25.58333             3.33333             2.42959             0.20158             1.81667             0.38985           669.46542             4.27396             1.91134       4       1
   10000       2       2       2       4       3     525       6       6      25     189      11      30            25.00000             3.27273             2.41776             0.20394             1.80301             0.36125           680.87216             4.24917             1.85088       4       4
   10000       2       2       2       4       3     525       6       6      26     173      10      32            24.00000             3.40000             2.37177             0.20813             1.88018             0.35600           699.80856             4.31107             1.75610       6       1
   10000       2       2       2       4       3     525       6       6      27     159       9      23            23.88889             3.44444             2.35914             0.20811             1.90779             0.36849           700.75063             4.27142             1.67644       1       6
   10000       2       2       2       4       3     525       6       6      28     142       8      23            24.00000             3.37500             2.33267             0.20486             1.89627             0.36910           723.80371             4.23601             1.68506       6       2
   10000       2       2       2       4       3     525       6       6      29     124       7      20            24.42857             3.42857             2.34420             0.20172             1.91747             0.35559           665.40615             4.31875             1.74471       1       3
   10000       2       2       2       4       3     525       6       6      30      99       6      25            24.33333             3.33333             2.35307             0.20336             1.87594             0.35930           648.95876             4.44126             1.86883       5       1
