   10000       2       2       2       9       1     508       6       6       0     508      36       0            20.91667             3.02778             2.17896             0.23201             1.65907             0.34872           966.72845             3.87881             2.34215       0       0
   10000       2       2       2       9       1     508       6       6       1     478      35      21            21.22857             3.02857             2.19281             0.22710             1.66509             0.35063           929.15471             3.93807             2.48072       4       2
   10000       2       2       2       9       1     508       6       6       2     460      34      28            21.32353             3.00000             2.19050             0.22663             1.68043             0.35170           926.72571             3.95460             2.50306       6       3
   10000       2       2       2       9       1     508       6       6       3     446      33      20            22.00000             3.15152             2.22580             0.22213             1.73494             0.35495           821.59962             3.94507             2.56532       2       4
   10000       2       2       2       9       1     508       6       6       4     438      32      23            22.28125             3.18750             2.22879             0.21893             1.75185             0.35420           802.37593             3.95495             2.53679       3       4
   10000       2       2       2       9       1     508       6       6       5     423      31      18            23.03226             3.19355             2.21673             0.21132             1.74364             0.36023           764.92198             4.01513             2.63171       4       6
   10000       2       2       2       9       1     508       6       6       6     415      30      27            23.46667             3.23333             2.25467             0.21219             1.77233             0.36710           754.69780             4.01935             2.62827       1       3
   10000       2       2       2       9       1     508       6       6       7     411      29      11            24.20690             3.31034             2.27373             0.20552             1.78624             0.36882           736.79503             3.89988             2.63002       3       1
   10000       2       2       2       9       1     508       6       6       8     402      28      12            24.67857             3.32143             2.29093             0.19865             1.78499             0.37455           708.61711             3.90634             2.61125       1       6
   10000       2       2       2       9       1     508       6       6       9     384      27      25            24.59259             3.11111             2.30337             0.20014             1.74494             0.37183           716.24581             3.98660             2.61911       4       3
   10000       2       2       2       9       1     508       6       6      10     371      26      30            24.42308             3.07692             2.31893             0.20380             1.76302             0.36401           724.85471             3.97804             2.59708       1       5
   10000       2       2       2       9       1     508       6       6      11     355      25      21            24.68000             3.04000             2.32054             0.20150             1.76411             0.36932           715.29694             3.98098             2.62980       3       6
   10000       2       2       2       9       1     508       6       6      12     334      24      32            24.37500             3.04167             2.28578             0.20130             1.74534             0.36663           717.12251             4.00439             2.62643       1       4
   10000       2       2       2       9       1     508       6       6      13     328      23      22            24.86957             3.04348             2.29957             0.19890             1.74222             0.36905           705.75599             4.01286             2.60268       5       3
   10000       2       2       2       9       1     508       6       6      14     317      22      31            24.77273             3.22727             2.28099             0.19965             1.78476             0.36433           704.23006             4.02628             2.56622       6       2
   10000       2       2       2       9       1     508       6       6      15     309      21      19            25.33333             3.28571             2.26966             0.19504             1.80774             0.35423           690.60936             4.05792             2.56314       2       3
   10000       2       2       2       9       1     508       6       6      16     295      20      26            26.00000             3.35000             2.29731             0.19397             1.79504             0.36318           685.63281             4.07982             2.59712       4       5
   10000       2       2       2       9       1     508       6       6      17     281      19      34            25.10526             3.26316             2.26913             0.19965             1.78809             0.36774           718.45773             4.11405             2.47585       5       1
   10000       2       2       2       9       1     508       6       6      18     270      18      16            25.55556             3.27778             2.29432             0.19745             1.80745             0.38112           711.91365             4.04579             2.43519       5       2
   10000       2       2       2       9       1     508       6       6      19     261      17      30            25.41176             3.23529             2.29078             0.19934             1.78463             0.37691           720.06105             4.10547             2.31361       3       2
   10000       2       2       2       9       1     508       6       6      20     243      16      28            24.68750             3.12500             2.26308             0.20245             1.74487             0.37743           731.40350             4.13694             2.22728       2       1
   10000       2       2       2       9       1     508       6       6      21     223      15      30            24.46667             3.13333             2.29896             0.20925             1.74100             0.39613           731.80675             4.22302             2.24038       6       5
   10000       2       2       2       9       1     508       6       6      22     215      14      37            24.07143             3.14286             2.26101             0.20853             1.77039             0.40093           738.14904             4.26176             2.04978       5       6
   10000       2       2       2       9       1     508       6       6      23     202      13      15            24.69231             3.15385             2.31979             0.20743             1.79068             0.40006           723.73006             4.17215             2.05002       4       1
   10000       2       2       2       9       1     508       6       6      24     181      12      33            23.58333             3.16667             2.28344             0.21229             1.81134             0.40846           743.37058             4.23237             1.97999       3       5
   10000       2       2       2       9       1     508       6       6      25     171      11      20            23.81818             3.18182             2.29120             0.21217             1.80462             0.37982           746.60299             4.22941             1.93605       2       5
   10000       2       2       2       9       1     508       6       6      26     159      10      15            24.60000             3.20000             2.31391             0.20448             1.81599             0.38323           735.44937             4.10701             1.93769       6       1
   10000       2       2       2       9       1     508       6       6      27     145       9      27            23.22222             3.22222             2.32445             0.22014             1.83541             0.41570           773.38667             4.22589             1.76330       1       2
   10000       2       2       2       9       1     508       6       6      28     129       8      38            21.25000             3.37500             2.23521             0.23001             1.85954             0.41053           827.82586             4.32809             1.63508       5       4
   10000       2       2       2       9       1     508       6       6      29     116       7      15            22.00000             3.42857             2.25729             0.22351             1.85398             0.40662           791.17346             4.35713             1.63540       2       6
   10000       2       2       2       9       1     508       6       6      30     103       6      30            20.66667             3.50000             2.20295             0.23076             1.82964             0.39968           804.56875             4.37898             1.39060       6       4
