   10000       2       1       2       1       5     525       6       6       0     525      36       0            21.69444             2.91667             2.24134             0.22026             1.60306             0.30909           825.34604             4.00950             2.38234       0       0
   10000       2       1       2       1       5     525       6       6       1     516      35      10            21.82857             2.97143             2.27239             0.22143             1.62002             0.31394           806.43509             4.00023             2.34559       6       6
   10000       2       1       2       1       5     525       6       6       2     504      34      19            22.02941             3.00000             2.28264             0.22084             1.62195             0.31786           794.82704             4.02282             2.33237       4       6
   10000       2       1       2       1       5     525       6       6       3     492      33      18            22.00000             3.00000             2.26645             0.21917             1.62469             0.31632           798.87320             4.02594             2.27188       5       4
   10000       2       1       2       1       5     525       6       6       4     481      32      18            21.87500             2.96875             2.26884             0.22044             1.62467             0.31642           797.89996             4.03907             2.19168       5       2
   10000       2       1       2       1       5     525       6       6       5     472      31      20            22.35484             2.87097             2.27494             0.21757             1.60867             0.31564           795.06964             4.00837             2.15810       3       2
   10000       2       1       2       1       5     525       6       6       6     457      30      18            22.43333             2.93333             2.32427             0.22145             1.60848             0.32903           787.10566             4.01297             2.15827       4       4
   10000       2       1       2       1       5     525       6       6       7     438      29      23            22.37931             2.93103             2.31897             0.22107             1.61063             0.33256           786.14756             4.04613             2.16266       5       1
   10000       2       1       2       1       5     525       6       6       8     422      28      22            22.46429             2.89286             2.32862             0.22256             1.61370             0.33333           794.95972             4.04116             2.13073       2       6
   10000       2       1       2       1       5     525       6       6       9     406      27      27            22.48148             2.96296             2.33106             0.22204             1.61747             0.32138           790.86552             4.03823             2.14009       6       4
   10000       2       1       2       1       5     525       6       6      10     387      26      21            22.46154             2.96154             2.32303             0.22103             1.61459             0.32914           790.09362             4.04083             2.11303       1       4
   10000       2       1       2       1       5     525       6       6      11     374      25      22            22.44000             2.96000             2.28249             0.21783             1.61485             0.32260           800.15066             4.03700             2.05742       2       4
   10000       2       1       2       1       5     525       6       6      12     364      24      24            22.50000             2.91667             2.28677             0.21759             1.61489             0.32682           795.18544             4.00690             2.00809       3       4
   10000       2       1       2       1       5     525       6       6      13     347      23      32            22.00000             2.95652             2.30129             0.22349             1.61323             0.31612           820.24371             3.94129             1.94334       3       5
   10000       2       1       2       1       5     525       6       6      14     332      22      28            21.45455             2.95455             2.27547             0.22744             1.63558             0.31347           843.61986             3.95935             1.89339       1       5
   10000       2       1       2       1       5     525       6       6      15     318      21      19            21.66667             3.00000             2.26516             0.22347             1.61852             0.31430           837.40146             3.92241             1.91384       6       5
   10000       2       1       2       1       5     525       6       6      16     304      20      28            21.30000             2.95000             2.25494             0.22666             1.61705             0.31262           858.92830             3.92230             1.86127       6       2
   10000       2       1       2       1       5     525       6       6      17     291      19      18            21.31579             3.00000             2.22321             0.22262             1.61864             0.30173           855.44820             3.92711             1.83276       3       1
   10000       2       1       2       1       5     525       6       6      18     273      18      21            21.00000             2.94444             2.22277             0.22680             1.61834             0.32443           885.40480             3.91984             1.81935       4       1
   10000       2       1       2       1       5     525       6       6      19     260      17      24            20.58824             2.94118             2.20526             0.22943             1.60904             0.30857           900.43114             3.96080             1.75445       5       3
   10000       2       1       2       1       5     525       6       6      20     243      16      21            20.56250             3.00000             2.21131             0.23052             1.62627             0.31692           904.08848             3.91365             1.76602       3       6
   10000       2       1       2       1       5     525       6       6      21     232      15      19            20.73333             3.06667             2.21401             0.23066             1.62291             0.30499           891.53720             3.95365             1.74538       4       2
   10000       2       1       2       1       5     525       6       6      22     222      14      22            20.14286             2.92857             2.21025             0.24113             1.62477             0.30939           918.14965             4.02092             1.62145       5       5
   10000       2       1       2       1       5     525       6       6      23     205      13      17            20.38462             3.07692             2.21483             0.23830             1.65935             0.30127           906.98826             4.03330             1.66925       6       1
   10000       2       1       2       1       5     525       6       6      24     188      12      19            19.91667             2.91667             2.17130             0.23906             1.65521             0.32540           936.32286             4.07363             1.63084       4       3
   10000       2       1       2       1       5     525       6       6      25     170      11      19            20.00000             3.09091             2.13055             0.23439             1.69190             0.31487           935.74567             4.04529             1.67664       1       6
   10000       2       1       2       1       5     525       6       6      26     153      10      17            20.30000             3.00000             2.16496             0.23532             1.68900             0.35020           929.87652             4.02996             1.74431       6       3
   10000       2       1       2       1       5     525       6       6      27     140       9      14            21.00000             3.00000             2.18329             0.22728             1.68379             0.35813           894.77131             3.89853             1.81052       4       5
   10000       2       1       2       1       5     525       6       6      28     126       8      14            21.87500             3.00000             2.19106             0.21504             1.65933             0.37525           852.14009             3.88549             1.91184       5       6
   10000       2       1       2       1       5     525       6       6      29     107       7      21            21.71429             3.14286             2.20095             0.21769             1.70766             0.33705           838.94061             3.92222             1.97450       3       3
   10000       2       1       2       1       5     525       6       6      30      93       6      15            22.83333             3.00000             2.25126             0.20918             1.67640             0.31287           819.73716             3.70012             2.11667       2       5
