   10000       2       1       2       6      10     523       6       6       0     523      36       0            22.19444             3.02778             2.32437             0.22473             1.62973             0.34372           814.90618             3.76329             2.41033       0       0
   10000       2       1       2       6      10     523       6       6       1     509      35      23            22.00000             3.02857             2.32320             0.22739             1.61656             0.33032           830.90461             3.75498             2.37136       1       6
   10000       2       1       2       6      10     523       6       6       2     493      34      23            21.85294             3.00000             2.31661             0.22804             1.60924             0.32631           836.08583             3.76526             2.34013       6       4
   10000       2       1       2       6      10     523       6       6       3     478      33      21            22.15152             2.93939             2.33154             0.22685             1.59275             0.32771           827.02492             3.77380             2.39873       1       5
   10000       2       1       2       6      10     523       6       6       4     468      32      18            22.21875             2.90625             2.31260             0.22420             1.58635             0.32733           825.35274             3.76706             2.38005       6       1
   10000       2       1       2       6      10     523       6       6       5     453      31      21            22.25806             2.90323             2.32399             0.22459             1.57183             0.32829           818.54768             3.74264             2.34483       3       5
   10000       2       1       2       6      10     523       6       6       6     444      30      23            22.36667             2.96667             2.32023             0.22460             1.58140             0.32431           825.64374             3.70876             2.26537       5       2
   10000       2       1       2       6      10     523       6       6       7     431      29      29            22.00000             3.00000             2.35492             0.23143             1.59036             0.32743           843.36994             3.70585             2.19603       4       1
   10000       2       1       2       6      10     523       6       6       8     419      28      19            21.92857             3.03571             2.35788             0.23239             1.58093             0.33880           856.46398             3.68732             2.14847       3       6
   10000       2       1       2       6      10     523       6       6       9     407      27      21            22.07407             3.00000             2.32686             0.22714             1.58861             0.33437           845.69279             3.69989             2.10423       2       2
   10000       2       1       2       6      10     523       6       6      10     396      26      17            22.46154             3.03846             2.33996             0.22377             1.60579             0.31650           840.49449             3.68006             2.07645       5       6
   10000       2       1       2       6      10     523       6       6      11     377      25      23            22.56000             3.00000             2.36882             0.22564             1.58367             0.33053           835.03935             3.67142             2.10645       5       1
   10000       2       1       2       6      10     523       6       6      12     362      24      26            22.29167             3.08333             2.32251             0.22420             1.59498             0.32231           849.38162             3.69320             2.08671       6       5
   10000       2       1       2       6      10     523       6       6      13     349      23      20            22.39130             3.13043             2.29640             0.22142             1.60473             0.30698           848.85621             3.71083             2.05856       1       2
   10000       2       1       2       6      10     523       6       6      14     335      22      25            22.36364             3.09091             2.31940             0.22397             1.59576             0.29714           844.69788             3.69725             2.01410       4       3
   10000       2       1       2       6      10     523       6       6      15     317      21      28            22.33333             3.23810             2.30809             0.22375             1.59904             0.29187           838.92124             3.73547             2.02333       1       3
   10000       2       1       2       6      10     523       6       6      16     303      20      20            22.30000             3.25000             2.29791             0.22222             1.61362             0.29636           846.93641             3.70987             2.00721       1       4
   10000       2       1       2       6      10     523       6       6      17     284      19      28            22.42105             3.21053             2.26813             0.22018             1.61033             0.31021           847.40937             3.72942             2.00489       5       4
   10000       2       1       2       6      10     523       6       6      18     270      18      21            22.50000             3.11111             2.29291             0.22087             1.60392             0.31665           842.84080             3.75225             2.00508       5       3
   10000       2       1       2       6      10     523       6       6      19     253      17      32            21.64706             3.17647             2.24394             0.22553             1.62315             0.31449           880.46040             3.75392             1.90646       2       5
   10000       2       1       2       6      10     523       6       6      20     241      16      25            21.18750             3.18750             2.24276             0.23335             1.61188             0.31065           919.67739             3.80646             1.81971       2       1
   10000       2       1       2       6      10     523       6       6      21     229      15      16            21.00000             3.13333             2.24017             0.23410             1.60804             0.31098           940.85123             3.78689             1.74760       4       2
   10000       2       1       2       6      10     523       6       6      22     218      14      22            20.71429             3.21429             2.21466             0.23519             1.62095             0.30616           955.77042             3.79311             1.71338       6       2
   10000       2       1       2       6      10     523       6       6      23     205      13      12            21.30769             3.23077             2.25546             0.23011             1.63292             0.30257           913.28853             3.78485             1.76826       2       6
   10000       2       1       2       6      10     523       6       6      24     185      12      20            21.41667             3.16667             2.24721             0.22859             1.62865             0.30147           912.44619             3.82561             1.83228       6       6
   10000       2       1       2       6      10     523       6       6      25     169      11      30            21.63636             3.18182             2.22039             0.22560             1.61379             0.29403           905.35512             3.84929             1.79288       3       4
   10000       2       1       2       6      10     523       6       6      26     140      10      22            21.10000             3.10000             2.24515             0.23089             1.59366             0.31054           921.22800             3.88978             1.93455       6       3
   10000       2       1       2       6      10     523       6       6      27     120       9      24            20.55556             3.00000             2.16582             0.22851             1.56217             0.28394           958.17196             3.95404             1.94376       2       4
   10000       2       1       2       6      10     523       6       6      28     102       8      18            20.62500             2.87500             2.16258             0.22787             1.54925             0.28684           919.35446             4.05171             2.03487       1       1
   10000       2       1       2       6      10     523       6       6      29      86       7      22            19.42857             2.85714             2.11638             0.23390             1.51551             0.29442           924.67484             4.02707             1.94540       5       5
   10000       2       1       2       6      10     523       6       6      30      71       6      19            18.66667             2.66667             2.03048             0.23760             1.44214             0.27102           947.89900             4.17327             1.92224       2       3
