   10000       2       2       2       8       4     508       6       6       0     508      36       0            20.91667             3.02778             2.17896             0.23201             1.65907             0.34872           966.72845             3.87881             2.34215       0       0
   10000       2       2       2       8       4     508       6       6       1     500      35      13            21.11429             3.02857             2.18737             0.22692             1.64822             0.34348           923.83597             3.89079             2.30989       1       6
   10000       2       2       2       8       4     508       6       6       2     487      34      24            21.20588             3.05882             2.21500             0.23180             1.67305             0.36358           927.25040             3.85999             2.29600       1       5
   10000       2       2       2       8       4     508       6       6       3     467      33      14            21.69697             3.09091             2.20785             0.22341             1.71624             0.35175           855.50668             3.79238             2.34795       3       3
   10000       2       2       2       8       4     508       6       6       4     448      32      21            22.53125             3.06250             2.24896             0.21789             1.70546             0.36670           802.50651             3.83474             2.48118       3       5
   10000       2       2       2       8       4     508       6       6       5     435      31      28            22.77419             3.06452             2.24277             0.21504             1.72203             0.37799           789.33367             3.85432             2.49170       6       3
   10000       2       2       2       8       4     508       6       6       6     423      30      25            22.66667             3.10000             2.24406             0.21678             1.74522             0.38920           787.55869             3.89355             2.45277       6       4
   10000       2       2       2       8       4     508       6       6       7     403      29      30            23.48276             3.17241             2.31180             0.21673             1.74800             0.40633           764.50169             3.90394             2.54011       5       5
   10000       2       2       2       8       4     508       6       6       8     391      28      23            23.64286             3.21429             2.29061             0.21367             1.78086             0.39266           763.40624             3.93372             2.50220       2       6
   10000       2       2       2       8       4     508       6       6       9     382      27      27            23.59259             3.11111             2.29122             0.21501             1.78727             0.38779           760.59609             3.96334             2.43152       5       4
   10000       2       2       2       8       4     508       6       6      10     370      26      25            23.84615             3.15385             2.32666             0.21640             1.77404             0.41001           740.62414             3.95206             2.42828       2       1
   10000       2       2       2       8       4     508       6       6      11     351      25      30            23.92000             3.04000             2.32566             0.21679             1.74302             0.41321           742.62021             3.94051             2.43958       4       3
   10000       2       2       2       8       4     508       6       6      12     335      24      25            23.62500             3.04167             2.31381             0.21942             1.74382             0.42080           752.35810             3.97408             2.42237       5       6
   10000       2       2       2       8       4     508       6       6      13     323      23      17            23.60870             3.08696             2.31441             0.21830             1.75204             0.40713           751.50356             3.96156             2.39388       6       1
   10000       2       2       2       8       4     508       6       6      14     309      22      32            23.31818             3.13636             2.30761             0.22003             1.77378             0.40828           754.17431             3.96451             2.34271       4       4
   10000       2       2       2       8       4     508       6       6      15     294      21      24            24.00000             3.19048             2.30240             0.20781             1.79935             0.41838           723.62668             4.06066             2.42589       4       2
   10000       2       2       2       8       4     508       6       6      16     287      20      11            25.30000             3.30000             2.32430             0.19746             1.83329             0.42512           670.67657             4.09766             2.47909       2       3
   10000       2       2       2       8       4     508       6       6      17     276      19      28            24.94737             3.36842             2.34779             0.20285             1.84052             0.42882           670.67906             4.15745             2.39224       1       2
   10000       2       2       2       8       4     508       6       6      18     265      18      27            25.05556             3.50000             2.32085             0.19934             1.86106             0.40571           666.36335             4.13288             2.31927       5       1
   10000       2       2       2       8       4     508       6       6      19     254      17      28            25.23529             3.47059             2.30963             0.19642             1.87379             0.37952           659.62601             4.15571             2.28272       1       3
   10000       2       2       2       8       4     508       6       6      20     248      16      14            25.62500             3.37500             2.32295             0.19094             1.87033             0.38172           627.36153             4.16373             2.21639       2       5
   10000       2       2       2       8       4     508       6       6      21     242      15      22            25.80000             3.46667             2.36185             0.19371             1.92937             0.39334           631.71072             4.06028             2.10876       4       1
   10000       2       2       2       8       4     508       6       6      22     226      14      23            25.14286             3.50000             2.36278             0.19889             1.98069             0.40064           654.36561             4.11278             2.06757       5       2
   10000       2       2       2       8       4     508       6       6      23     219      13      23            25.76923             3.53846             2.39859             0.19831             1.97849             0.39030           638.49179             4.13863             2.01852       3       4
   10000       2       2       2       8       4     508       6       6      24     208      12      22            26.00000             3.66667             2.45093             0.20144             2.01103             0.40792           610.83509             4.16699             1.96351       4       6
   10000       2       2       2       8       4     508       6       6      25     204      11      18            26.72727             3.72727             2.43964             0.19285             2.05453             0.39250           611.69042             4.06702             1.79522       3       1
   10000       2       2       2       8       4     508       6       6      26     185      10      39            25.30000             3.80000             2.38550             0.19755             2.09535             0.40965           620.17957             4.14412             1.69717       1       4
   10000       2       2       2       8       4     508       6       6      27     170       9      22            25.44444             3.77778             2.37458             0.19550             2.11329             0.41833           618.53795             4.12009             1.64348       3       6
   10000       2       2       2       8       4     508       6       6      28     150       8      31            23.62500             3.62500             2.35511             0.20981             2.06429             0.43679           643.79348             4.23481             1.55527       6       5
   10000       2       2       2       8       4     508       6       6      29     141       7      23            23.57143             3.57143             2.34614             0.20952             2.04100             0.43562           633.96322             4.35987             1.40046       2       2
   10000       2       2       2       8       4     508       6       6      30     121       6      25            23.33333             3.50000             2.38268             0.21479             2.00049             0.44509           620.61030             4.34024             1.35113       6       2
