   10000       2       2       2       4       2     514       6       6       0     514      36       0            21.69444             3.13889             2.30008             0.22645             1.65036             0.33603           860.60524             3.60649             2.37765       0       0
   10000       2       2       2       4       2     514       6       6       1     499      35      23            22.00000             3.11429             2.33351             0.22648             1.66058             0.34531           843.24768             3.59874             2.37617       5       6
   10000       2       2       2       4       2     514       6       6       2     481      34      23            21.82353             3.14706             2.32493             0.22786             1.64797             0.34986           853.08425             3.58494             2.37511       4       5
   10000       2       2       2       4       2     514       6       6       3     462      33      23            22.42424             3.12121             2.35056             0.22665             1.65363             0.35857           839.18267             3.60219             2.49169       4       3
   10000       2       2       2       4       2     514       6       6       4     449      32      21            22.62500             3.09375             2.34405             0.22390             1.65765             0.37024           837.53021             3.61226             2.48811       2       6
   10000       2       2       2       4       2     514       6       6       5     439      31      24            22.67742             2.96774             2.35979             0.22517             1.64916             0.36813           837.30732             3.64192             2.42358       5       4
   10000       2       2       2       4       2     514       6       6       6     426      30      22            22.73333             3.06667             2.33267             0.22206             1.65798             0.35792           834.59391             3.66211             2.41112       1       1
   10000       2       2       2       4       2     514       6       6       7     408      29      26            22.75862             3.10345             2.33487             0.22013             1.64903             0.33632           831.02452             3.66049             2.43933       6       2
   10000       2       2       2       4       2     514       6       6       8     393      28      20            23.03571             3.10714             2.33009             0.21757             1.65411             0.34069           813.70969             3.69429             2.50243       1       3
   10000       2       2       2       4       2     514       6       6       9     376      27      22            22.70370             3.18519             2.31539             0.22152             1.68288             0.33445           842.90938             3.70250             2.44338       1       5
   10000       2       2       2       4       2     514       6       6      10     369      26      26            23.19231             3.19231             2.34134             0.21940             1.69277             0.34092           837.67150             3.67318             2.38193       2       3
   10000       2       2       2       4       2     514       6       6      11     361      25      15            23.40000             3.24000             2.35362             0.21839             1.70233             0.34355           831.41972             3.67484             2.34923       6       1
   10000       2       2       2       4       2     514       6       6      12     353      24      15            23.70833             3.20833             2.34588             0.21351             1.70165             0.35257           818.30242             3.64932             2.34494       1       6
   10000       2       2       2       4       2     514       6       6      13     339      23      27            23.91304             3.13043             2.40499             0.21688             1.70801             0.36690           810.91332             3.67169             2.33486       4       2
   10000       2       2       2       4       2     514       6       6      14     329      22      19            23.90909             3.13636             2.37818             0.21474             1.72576             0.37352           824.56270             3.66590             2.24202       6       3
   10000       2       2       2       4       2     514       6       6      15     315      21      26            23.61905             3.23810             2.37481             0.22048             1.73078             0.36285           851.19750             3.65711             2.17733       5       2
   10000       2       2       2       4       2     514       6       6      16     300      20      23            24.10000             3.30000             2.40156             0.21860             1.73153             0.37249           841.51889             3.65710             2.19517       2       5
   10000       2       2       2       4       2     514       6       6      17     290      19      21            24.00000             3.26316             2.40234             0.21904             1.72577             0.38579           836.38554             3.67203             2.13763       1       4
   10000       2       2       2       4       2     514       6       6      18     275      18      29            23.61111             3.22222             2.41717             0.22390             1.75368             0.39055           844.50796             3.74198             2.07554       2       2
   10000       2       2       2       4       2     514       6       6      19     257      17      31            23.35294             3.17647             2.37894             0.22353             1.73111             0.40711           856.21690             3.74401             2.04557       2       1
   10000       2       2       2       4       2     514       6       6      20     248      16      18            23.68750             3.18750             2.37418             0.21990             1.74168             0.40416           848.12578             3.75053             2.01917       1       2
   10000       2       2       2       4       2     514       6       6      21     237      15      31            23.33333             3.20000             2.38344             0.22424             1.72036             0.40556           862.28517             3.85125             1.97322       4       1
   10000       2       2       2       4       2     514       6       6      22     229      14      13            24.07143             3.21429             2.38416             0.21246             1.73856             0.41072           839.47327             3.82446             1.97757       5       3
   10000       2       2       2       4       2     514       6       6      23     206      13      28            24.23077             3.23077             2.35602             0.21105             1.73363             0.39395           847.40452             3.80639             2.06725       2       4
   10000       2       2       2       4       2     514       6       6      24     190      12      20            24.33333             3.25000             2.37148             0.21096             1.72886             0.40554           817.65110             3.82550             2.06284       5       1
   10000       2       2       2       4       2     514       6       6      25     182      11      22            24.90909             3.18182             2.36147             0.20529             1.78094             0.40493           805.64012             3.77878             1.98541       4       4
   10000       2       2       2       4       2     514       6       6      26     173      10      16            25.60000             3.20000             2.40601             0.20298             1.81047             0.40906           781.24380             3.84433             1.88137       4       6
   10000       2       2       2       4       2     514       6       6      27     164       9      20            26.33333             3.33333             2.43174             0.19813             1.87451             0.41262           759.81312             3.82033             1.81713       5       5
   10000       2       2       2       4       2     514       6       6      28     149       8      29            26.25000             3.12500             2.50146             0.20568             1.83883             0.41900           771.73952             3.82769             1.78196       6       5
   10000       2       2       2       4       2     514       6       6      29     131       7      22            26.71429             3.14286             2.48315             0.20110             1.86246             0.40654           767.44634             3.79009             1.79660       6       4
   10000       2       2       2       4       2     514       6       6      30     113       6      19            28.00000             3.16667             2.50566             0.19138             1.87658             0.41874           719.20313             3.71479             1.89603       6       6
