   10000       2       2       2       2       3     502       6       6       0     502      36       0            21.30556             2.97222             2.18550             0.22404             1.60095             0.31630           871.56841             3.81060             2.43201       0       0
   10000       2       2       2       2       3     502       6       6       1     498      35      17            22.25714             2.97143             2.24827             0.22008             1.62817             0.33959           833.14305             3.80086             2.50378       5       4
   10000       2       2       2       2       3     502       6       6       2     472      34      31            22.35294             3.17647             2.28187             0.22172             1.66908             0.33193           818.75050             3.82237             2.57924       2       1
   10000       2       2       2       2       3     502       6       6       3     454      33      22            22.48485             3.24242             2.30296             0.22299             1.70215             0.34529           811.46863             3.87035             2.59481       5       2
   10000       2       2       2       2       3     502       6       6       4     438      32      11            22.65625             3.21875             2.30106             0.21883             1.70909             0.34816           801.65711             3.85771             2.63737       1       5
   10000       2       2       2       2       3     502       6       6       5     425      31      24            22.77419             3.22581             2.30218             0.21854             1.72891             0.36399           799.03450             3.84998             2.59652       5       5
   10000       2       2       2       2       3     502       6       6       6     414      30      17            22.80000             3.33333             2.32755             0.22039             1.74263             0.36361           803.28780             3.83538             2.55203       1       4
   10000       2       2       2       2       3     502       6       6       7     399      29      26            22.79310             3.31034             2.34151             0.22172             1.73920             0.37498           801.71889             3.82069             2.50598       4       1
   10000       2       2       2       2       3     502       6       6       8     390      28      15            23.35714             3.32143             2.34383             0.21701             1.74549             0.36509           800.01874             3.82198             2.52085       4       5
   10000       2       2       2       2       3     502       6       6       9     375      27      29            23.81481             3.33333             2.37167             0.21570             1.76215             0.36563           784.64234             3.81812             2.55576       2       6
   10000       2       2       2       2       3     502       6       6      10     364      26      25            24.57692             3.15385             2.41392             0.21363             1.75608             0.37594           758.02038             3.83187             2.54829       2       3
   10000       2       2       2       2       3     502       6       6      11     347      25      24            24.88000             3.20000             2.47823             0.21550             1.74926             0.37628           727.63679             3.84845             2.57322       5       3
   10000       2       2       2       2       3     502       6       6      12     341      24      18            25.08333             3.25000             2.46943             0.21287             1.75213             0.37036           714.52917             3.88278             2.51951       3       1
   10000       2       2       2       2       3     502       6       6      13     332      23      25            25.39130             3.21739             2.48595             0.21225             1.74820             0.37264           706.75425             3.89041             2.47503       6       5
   10000       2       2       2       2       3     502       6       6      14     321      22      27            25.31818             3.22727             2.45057             0.20915             1.75282             0.37001           703.35157             3.86947             2.42019       6       3
   10000       2       2       2       2       3     502       6       6      15     312      21      26            25.42857             3.19048             2.44809             0.20769             1.73723             0.37650           710.17044             3.83172             2.37026       4       6
   10000       2       2       2       2       3     502       6       6      16     300      20      32            25.25000             3.15000             2.43716             0.20879             1.74736             0.38155           719.28094             3.84565             2.31426       2       2
   10000       2       2       2       2       3     502       6       6      17     284      19      26            25.05263             3.15789             2.42207             0.20993             1.73191             0.37687           730.35360             3.84142             2.29902       1       6
   10000       2       2       2       2       3     502       6       6      18     270      18      35            24.72222             3.11111             2.43348             0.21306             1.71442             0.38253           730.48462             3.89736             2.27114       2       5
   10000       2       2       2       2       3     502       6       6      19     250      17      31            23.88235             3.11765             2.40514             0.21745             1.73075             0.38153           753.44931             3.94599             2.28357       6       6
   10000       2       2       2       2       3     502       6       6      20     244      16      22            23.87500             3.12500             2.40713             0.21946             1.75715             0.39988           749.50044             3.99054             2.19024       6       1
   10000       2       2       2       2       3     502       6       6      21     233      15      16            24.06667             3.13333             2.43506             0.21760             1.72833             0.40983           742.49339             4.01973             2.17103       1       3
   10000       2       2       2       2       3     502       6       6      22     220      14      18            24.42857             3.14286             2.43758             0.21460             1.73599             0.40468           735.37746             4.00233             2.15843       5       1
   10000       2       2       2       2       3     502       6       6      23     202      13      33            23.76923             3.30769             2.42103             0.21845             1.73066             0.39809           737.20357             3.97865             2.07939       2       4
   10000       2       2       2       2       3     502       6       6      24     194      12      13            24.66667             3.25000             2.45314             0.20865             1.70821             0.39654           722.90264             3.93854             2.10494       6       2
   10000       2       2       2       2       3     502       6       6      25     176      11      23            24.81818             3.27273             2.46667             0.20858             1.71475             0.39953           692.69641             3.93265             2.12491       5       6
   10000       2       2       2       2       3     502       6       6      26     165      10      23            24.80000             3.30000             2.50420             0.21469             1.79611             0.41883           714.34269             3.86106             2.06925       3       5
   10000       2       2       2       2       3     502       6       6      27     152       9      20            25.33333             3.33333             2.50070             0.20901             1.79100             0.43613           695.70521             3.83218             2.04548       3       6
   10000       2       2       2       2       3     502       6       6      28     140       8      28            25.37500             3.37500             2.49569             0.20906             1.78434             0.44382           692.04101             3.89492             2.03595       1       1
   10000       2       2       2       2       3     502       6       6      29     116       7      29            24.85714             3.28571             2.50246             0.21395             1.74843             0.45110           708.04027             3.94613             2.08500       1       2
   10000       2       2       2       2       3     502       6       6      30      96       6      23            25.16667             3.33333             2.54273             0.21535             1.74438             0.46568           733.33736             3.79613             2.20944       6       4
