   10000       2       1       2       8       6     535       6       6       0     535      36       0            22.11111             3.11111             2.31878             0.22761             1.62375             0.35631           910.11748             3.38373             2.28553       0       0
   10000       2       1       2       8       6     535       6       6       1     521      35      23            22.00000             3.11429             2.32745             0.23056             1.62323             0.35046           919.87344             3.40541             2.23493       2       1
   10000       2       1       2       8       6     535       6       6       2     506      34      22            21.91176             3.11765             2.32583             0.23040             1.62496             0.34967           914.06695             3.41244             2.18399       3       3
   10000       2       1       2       8       6     535       6       6       3     503      33      11            22.51515             3.18182             2.33655             0.22311             1.63444             0.33858           868.08875             3.41700             2.16993       1       3
   10000       2       1       2       8       6     535       6       6       4     493      32      19            23.03125             3.25000             2.37005             0.22113             1.65394             0.32925           850.69651             3.39580             2.17153       5       5
   10000       2       1       2       8       6     535       6       6       5     475      31      24            22.80645             3.22581             2.35737             0.22279             1.63523             0.32614           869.73925             3.40420             2.16931       1       2
   10000       2       1       2       8       6     535       6       6       6     461      30      26            22.70000             3.16667             2.34404             0.22242             1.63373             0.32845           870.73728             3.40488             2.13771       6       3
   10000       2       1       2       8       6     535       6       6       7     445      29      23            22.48276             3.17241             2.32028             0.22295             1.62816             0.32552           884.62178             3.42134             2.10672       2       3
   10000       2       1       2       8       6     535       6       6       8     437      28      22            22.71429             3.17857             2.30970             0.22229             1.62120             0.32437           872.92806             3.42540             2.06727       1       5
   10000       2       1       2       8       6     535       6       6       9     428      27      12            22.96296             3.22222             2.33293             0.21867             1.63914             0.32197           864.30099             3.33762             2.04943       1       6
   10000       2       1       2       8       6     535       6       6      10     421      26      13            23.42308             3.19231             2.34349             0.21413             1.65762             0.32450           834.06068             3.33541             2.05958       2       2
   10000       2       1       2       8       6     535       6       6      11     406      25      27            23.36000             3.20000             2.32878             0.21371             1.66893             0.31502           838.26793             3.32654             2.01725       6       2
   10000       2       1       2       8       6     535       6       6      12     394      24      15            23.41667             3.25000             2.37122             0.21612             1.68371             0.32706           847.39648             3.26697             2.00162       6       1
   10000       2       1       2       8       6     535       6       6      13     381      23      21            23.69565             3.17391             2.40011             0.21628             1.66947             0.32946           838.12099             3.26661             1.99015       5       1
   10000       2       1       2       8       6     535       6       6      14     365      22      27            23.81818             3.31818             2.40163             0.21600             1.70583             0.33603           837.48745             3.24811             1.94250       4       2
   10000       2       1       2       8       6     535       6       6      15     346      21      26            23.57143             3.38095             2.38820             0.21771             1.71195             0.34067           848.58813             3.25777             1.89968       3       6
   10000       2       1       2       8       6     535       6       6      16     333      20      28            23.70000             3.40000             2.38143             0.21642             1.73353             0.33982           853.10587             3.24022             1.82880       4       4
   10000       2       1       2       8       6     535       6       6      17     316      19      25            24.05263             3.36842             2.38836             0.21480             1.75139             0.32717           839.67733             3.24212             1.82671       3       5
   10000       2       1       2       8       6     535       6       6      18     300      18      28            23.44444             3.33333             2.36511             0.21845             1.73267             0.32317           861.45199             3.25856             1.74939       5       6
   10000       2       1       2       8       6     535       6       6      19     286      17      18            23.17647             3.35294             2.29836             0.21333             1.74119             0.30949           879.21129             3.25178             1.70721       4       1
   10000       2       1       2       8       6     535       6       6      20     275      16      20            23.18750             3.31250             2.33196             0.21539             1.72732             0.31379           868.37225             3.30194             1.65012       2       5
   10000       2       1       2       8       6     535       6       6      21     253      15      22            23.26667             3.26667             2.32790             0.21470             1.72022             0.31922           871.84528             3.24879             1.69346       2       6
   10000       2       1       2       8       6     535       6       6      22     240      14      25            23.00000             3.28571             2.30620             0.21604             1.72907             0.30685           884.02505             3.27368             1.60705       6       5
   10000       2       1       2       8       6     535       6       6      23     226      13      22            22.76923             3.38462             2.32356             0.22053             1.76501             0.32542           908.50177             3.22534             1.58041       4       6
   10000       2       1       2       8       6     535       6       6      24     209      12      24            22.66667             3.41667             2.27311             0.21593             1.75019             0.30136           906.63452             3.21812             1.55252       4       3
   10000       2       1       2       8       6     535       6       6      25     196      11      20            22.63636             3.45455             2.30062             0.21997             1.71860             0.29439           898.90184             3.26722             1.51358       3       1
   10000       2       1       2       8       6     535       6       6      26     182      10      20            22.20000             3.40000             2.32592             0.22662             1.72738             0.31016           928.48937             3.24877             1.41397       1       4
   10000       2       1       2       8       6     535       6       6      27     167       9      21            22.11111             3.33333             2.34665             0.23172             1.70097             0.30976           933.89445             3.24027             1.35540       6       4
   10000       2       1       2       8       6     535       6       6      28     145       8      29            20.75000             3.25000             2.22242             0.23470             1.66359             0.30005           986.31016             3.29757             1.27705       3       4
   10000       2       1       2       8       6     535       6       6      29     129       7      19            20.14286             3.28571             2.24944             0.23970             1.65834             0.28197           996.21720             3.30769             1.15306       5       4
   10000       2       1       2       8       6     535       6       6      30     117       6      22            19.50000             3.33333             2.21906             0.24389             1.67562             0.29308          1062.96520             3.25622             1.00000       5       2
