   10000       2       1       1       1       1     509       6       6       0     509      36       0            22.55556             2.97222             2.25679             0.22020             1.60747             0.37073           901.40110             3.36120             2.56709       0       0
   10000       2       1       1       1       1     509       6       6       1     501      35      25            22.71429             2.97143             2.23324             0.21618             1.60984             0.35786           889.94071             3.37700             2.52283       2       5
   10000       2       1       1       1       1     509       6       6       2     493      34      17            22.82353             2.94118             2.23991             0.21643             1.60079             0.35896           902.67856             3.30724             2.49917       1       1
   10000       2       1       1       1       1     509       6       6       3     484      33      13            23.03030             2.93939             2.27363             0.21720             1.59200             0.35165           892.90295             3.29023             2.46836       1       2
   10000       2       1       1       1       1     509       6       6       4     477      32      23            23.00000             2.93750             2.28996             0.21879             1.59521             0.34984           899.87902             3.29078             2.40427       3       6
   10000       2       1       1       1       1     509       6       6       5     455      31      31            22.67742             2.93548             2.29040             0.22253             1.58986             0.34890           911.99783             3.29717             2.41452       2       6
   10000       2       1       1       1       1     509       6       6       6     453      30       7            23.20000             3.00000             2.30505             0.21302             1.59939             0.35048           876.32045             3.26147             2.32044       4       3
   10000       2       1       1       1       1     509       6       6       7     440      29      27            23.37931             3.03448             2.27896             0.21040             1.60630             0.35599           879.65250             3.25062             2.27048       5       4
   10000       2       1       1       1       1     509       6       6       8     422      28      23            23.25000             3.07143             2.30143             0.21424             1.61985             0.35942           888.23090             3.23984             2.24291       4       6
   10000       2       1       1       1       1     509       6       6       9     406      27      18            23.37037             3.07407             2.32913             0.21544             1.62257             0.36008           880.06779             3.24295             2.24823       6       1
   10000       2       1       1       1       1     509       6       6      10     387      26      34            23.11538             3.07692             2.29534             0.21459             1.62279             0.36675           886.72550             3.26507             2.23363       4       5
   10000       2       1       1       1       1     509       6       6      11     374      25      21            23.36000             2.96000             2.34325             0.21732             1.61417             0.38770           895.55619             3.24175             2.11983       3       2
   10000       2       1       1       1       1     509       6       6      12     361      24      21            23.75000             3.08333             2.32042             0.20997             1.63321             0.38185           859.13325             3.22411             2.19306       3       3
   10000       2       1       1       1       1     509       6       6      13     351      23      19            23.82609             3.13043             2.35389             0.21195             1.63168             0.38980           837.75302             3.24231             2.16551       4       4
   10000       2       1       1       1       1     509       6       6      14     341      22      19            24.00000             3.22727             2.34211             0.20967             1.65959             0.37404           843.26722             3.23138             2.11836       5       6
   10000       2       1       1       1       1     509       6       6      15     328      21      26            23.85714             3.14286             2.31493             0.20990             1.64895             0.36203           853.60190             3.24236             2.02317       2       3
   10000       2       1       1       1       1     509       6       6      16     312      20      19            23.90000             3.15000             2.31448             0.20898             1.65907             0.34954           851.71717             3.23709             2.03689       2       2
   10000       2       1       1       1       1     509       6       6      17     298      19      29            23.94737             3.15789             2.31344             0.20913             1.66104             0.35162           861.50741             3.21998             1.98779       6       3
   10000       2       1       1       1       1     509       6       6      18     277      18      17            23.94444             3.11111             2.28141             0.20487             1.62343             0.35109           856.92744             3.22253             2.04764       1       3
   10000       2       1       1       1       1     509       6       6      19     258      17      23            23.29412             3.11765             2.28174             0.21019             1.62836             0.33847           868.59425             3.20897             1.98714       4       2
   10000       2       1       1       1       1     509       6       6      20     238      16      26            22.93750             3.12500             2.24593             0.21208             1.61918             0.32890           888.15420             3.21144             1.99120       3       5
   10000       2       1       1       1       1     509       6       6      21     223      15      32            22.00000             3.06667             2.23339             0.22299             1.62188             0.33465           948.24960             3.25013             1.88758       2       4
   10000       2       1       1       1       1     509       6       6      22     202      14      36            20.78571             3.14286             2.15959             0.22921             1.62371             0.32979          1006.18390             3.30418             1.79092       1       5
   10000       2       1       1       1       1     509       6       6      23     184      13      29            19.92308             3.15385             2.13255             0.23587             1.61344             0.32253          1025.67050             3.32617             1.67867       5       1
   10000       2       1       1       1       1     509       6       6      24     175      12      28            18.66667             3.25000             2.08336             0.24513             1.62987             0.29925          1094.61744             3.32611             1.50202       6       5
   10000       2       1       1       1       1     509       6       6      25     161      11      14            19.09091             3.09091             2.08640             0.23896             1.60321             0.30548          1053.59798             3.39706             1.54766       1       6
   10000       2       1       1       1       1     509       6       6      26     149      10      16            19.40000             2.90000             2.12629             0.24036             1.57020             0.30269          1036.75536             3.40097             1.54387       5       5
   10000       2       1       1       1       1     509       6       6      27     139       9      10            20.33333             3.00000             2.18925             0.22962             1.60060             0.29302           900.03034             3.46484             1.58583       1       4
   10000       2       1       1       1       1     509       6       6      28     119       8      22            20.12500             2.87500             2.14447             0.22794             1.56258             0.30084           902.58892             3.45705             1.62137       6       4
   10000       2       1       1       1       1     509       6       6      29     107       7      26            18.28571             3.00000             2.09746             0.25067             1.59570             0.25989          1026.20332             3.42566             1.35688       3       1
   10000       2       1       1       1       1     509       6       6      30      89       6      18            18.33333             3.00000             2.10444             0.25215             1.52831             0.23458          1016.12445             3.52464             1.41637       3       4
   10000       2       1       1       1       1     509       6       6      31      72       5      18            18.40000             3.00000             2.13644             0.25683             1.49280             0.22267          1012.16537             3.42684             1.46969       2       1
   10000       2       1       1       1       1     509       6       6      32      57       4      20            16.75000             3.25000             2.14960             0.28827             1.56770             0.24173          1109.31829             3.33538             1.30100       6       2
   10000       2       1       1       1       1     509       6       6      33      36       3      24            12.00000             3.00000             1.86018             0.36803             1.55682             0.19949          1600.65135             3.45563             1.00000       5       3
   10000       2       1       1       1       1     509       6       6      34      19       2      17             9.50000             3.00000             1.67262             0.41234             1.52273             0.17424          1821.52314             3.54429             1.00000       6       6
   10000       2       1       1       1       1     509       6       6      35      12       1       7            12.00000             3.00000             1.91667             0.34848             1.54545             0.18182          1552.10235             2.98477             1.00000       5       2
   10000       2       1       1       1       1     509       6       6      36       0       0      12             0.00000             0.00000             0.00000             0.00000             0.00000             0.00000             0.00000             0.00000             0.00000       4       1
