   10000       2       2       2       4       4     465       6       6       0     465      36       0            20.86111             3.02778             2.26933             0.23432             1.65535             0.34821           866.06190             3.76657             2.53990       0       0
   10000       2       2       2       4       4     465       6       6       1     460      35      19            21.11429             2.97143             2.29863             0.23485             1.64874             0.36126           858.35712             3.77196             2.51616       6       2
   10000       2       2       2       4       4     465       6       6       2     454      34      14            21.35294             3.02941             2.30765             0.23295             1.67022             0.36620           846.78579             3.74155             2.48595       4       5
   10000       2       2       2       4       4     465       6       6       3     445      33      32            21.18182             3.15152             2.27625             0.23183             1.68827             0.35992           851.77429             3.74330             2.40916       5       1
   10000       2       2       2       4       4     465       6       6       4     431      32      26            21.18750             3.12500             2.28555             0.23308             1.71848             0.37003           840.76435             3.75102             2.37855       5       3
   10000       2       2       2       4       4     465       6       6       5     420      31      19            21.54839             3.12903             2.33042             0.23419             1.73857             0.36855           826.52829             3.75949             2.39902       1       2
   10000       2       2       2       4       4     465       6       6       6     404      30      22            21.93333             3.13333             2.36544             0.23411             1.76568             0.38341           812.05145             3.74931             2.44055       2       4
   10000       2       2       2       4       4     465       6       6       7     394      29      18            22.06897             3.13793             2.35580             0.23229             1.76850             0.39112           812.74603             3.75987             2.44368       1       1
   10000       2       2       2       4       4     465       6       6       8     377      28      25            22.67857             3.14286             2.37332             0.22748             1.79799             0.39968           782.85231             3.83910             2.49058       5       5
   10000       2       2       2       4       4     465       6       6       9     369      27      21            22.66667             3.14815             2.36760             0.22753             1.78479             0.40064           791.23540             3.85874             2.46792       6       6
   10000       2       2       2       4       4     465       6       6      10     352      26      22            22.65385             3.11538             2.38783             0.22992             1.76809             0.40983           799.56155             3.84358             2.50347       6       1
   10000       2       2       2       4       4     465       6       6      11     339      25      26            22.92000             3.08000             2.40062             0.22794             1.76638             0.41146           788.79686             3.85778             2.50075       4       3
   10000       2       2       2       4       4     465       6       6      12     329      24      27            23.00000             3.20833             2.41688             0.22888             1.78814             0.40606           783.96234             3.88279             2.47276       1       4
   10000       2       2       2       4       4     465       6       6      13     326      23      12            23.47826             3.26087             2.42899             0.22316             1.77053             0.40420           757.00713             3.88877             2.40604       6       3
   10000       2       2       2       4       4     465       6       6      14     312      22      27            23.00000             3.27273             2.44297             0.23006             1.79030             0.41384           783.55357             3.85748             2.34934       4       6
   10000       2       2       2       4       4     465       6       6      15     297      21      22            22.90476             3.23810             2.44259             0.23132             1.77744             0.41993           786.52342             3.87163             2.32658       4       4
   10000       2       2       2       4       4     465       6       6      16     291      20      16            23.25000             3.30000             2.42068             0.22478             1.78847             0.40362           770.21173             3.84649             2.27811       5       6
   10000       2       2       2       4       4     465       6       6      17     279      19      25            23.73684             3.31579             2.42446             0.21918             1.80659             0.40089           743.72021             3.89052             2.26423       2       5
   10000       2       2       2       4       4     465       6       6      18     268      18      27            23.55556             3.33333             2.45418             0.22536             1.82947             0.40600           749.12964             3.91500             2.21002       2       6
   10000       2       2       2       4       4     465       6       6      19     248      17      30            23.11765             3.23529             2.43227             0.22721             1.81909             0.39608           762.55653             3.93908             2.21284       5       2
   10000       2       2       2       4       4     465       6       6      20     235      16      24            23.25000             3.18750             2.44185             0.22769             1.83255             0.40479           754.07359             3.97173             2.21894       6       5
   10000       2       2       2       4       4     465       6       6      21     226      15      29            23.86667             3.06667             2.44870             0.22358             1.84204             0.40812           730.03357             3.99881             2.18786       2       3
   10000       2       2       2       4       4     465       6       6      22     217      14      19            24.42857             3.00000             2.45546             0.21988             1.85136             0.42492           701.18763             4.04832             2.14425       2       1
   10000       2       2       2       4       4     465       6       6      23     205      13      18            24.69231             3.15385             2.40319             0.21223             1.89752             0.39958           702.92067             4.06306             2.12298       4       1
   10000       2       2       2       4       4     465       6       6      24     195      12      19            24.33333             3.16667             2.32416             0.21833             1.89977             0.40250           801.58293             4.10707             1.96071       1       5
   10000       2       2       2       4       4     465       6       6      25     182      11      26            23.45455             3.09091             2.29069             0.22514             1.88175             0.40818           842.82712             4.09252             1.89539       5       4
   10000       2       2       2       4       4     465       6       6      26     163      10      22            23.60000             3.10000             2.26645             0.22363             1.88421             0.40229           865.51943             4.01109             1.91260       6       4
   10000       2       2       2       4       4     465       6       6      27     158       9      15            25.55556             2.88889             2.32470             0.21223             1.81962             0.42321           836.80765             3.95953             1.89216       4       2
   10000       2       2       2       4       4     465       6       6      28     149       8      19            25.87500             2.87500             2.40424             0.21686             1.81480             0.42672           841.56282             3.97387             1.77109       2       2
   10000       2       2       2       4       4     465       6       6      29     143       7       8            28.28571             3.00000             2.49947             0.18470             1.89330             0.42819           618.85778             3.96419             1.78342       1       6
   10000       2       2       2       4       4     465       6       6      30     113       6      34            27.33333             3.00000             2.47147             0.18825             1.86036             0.42379           621.25289             4.07658             1.86769       1       3
