   10000       2       1       2       2       1     523       6       6       0     523      36       0            22.19444             3.02778             2.32437             0.22473             1.62973             0.34372           814.90618             3.76329             2.41033       0       0
   10000       2       1       2       2       1     523       6       6       1     507      35      23            22.05714             3.00000             2.32913             0.22631             1.62040             0.34050           819.42790             3.77352             2.38111       6       4
   10000       2       1       2       2       1     523       6       6       2     492      34      24            21.97059             3.00000             2.30603             0.22590             1.62224             0.34253           825.81287             3.79135             2.36339       6       6
   10000       2       1       2       2       1     523       6       6       3     472      33      31            21.90909             2.96970             2.30084             0.22568             1.62358             0.34830           825.47239             3.80713             2.35795       2       5
   10000       2       1       2       2       1     523       6       6       4     462      32      22            22.00000             3.00000             2.31122             0.22774             1.61729             0.34775           829.67017             3.77197             2.30762       4       6
   10000       2       1       2       2       1     523       6       6       5     451      31      12            22.16129             3.00000             2.32810             0.22459             1.61818             0.34870           818.43061             3.75979             2.32222       5       6
   10000       2       1       2       2       1     523       6       6       6     436      30      24            22.03333             3.00000             2.32152             0.22523             1.61206             0.33730           824.76721             3.75281             2.31096       1       5
   10000       2       1       2       2       1     523       6       6       7     424      29      22            22.10345             3.03448             2.31278             0.22420             1.61812             0.33864           829.44947             3.73524             2.26867       4       1
   10000       2       1       2       2       1     523       6       6       8     408      28      20            21.96429             3.07143             2.30623             0.22531             1.62000             0.34163           845.70267             3.72381             2.24444       3       6
   10000       2       1       2       2       1     523       6       6       9     392      27      23            21.70370             3.03704             2.29524             0.22875             1.60556             0.33589           872.64399             3.71176             2.23798       1       6
   10000       2       1       2       2       1     523       6       6      10     383      26      19            21.80769             3.00000             2.28871             0.22720             1.59559             0.33279           873.36012             3.70383             2.20132       6       1
   10000       2       1       2       2       1     523       6       6      11     371      25      23            21.96000             3.04000             2.28324             0.22498             1.58464             0.32847           869.25709             3.68163             2.16220       5       3
   10000       2       1       2       2       1     523       6       6      12     357      24      19            21.95833             3.00000             2.28737             0.22632             1.58075             0.33156           874.54127             3.64451             2.13645       3       5
   10000       2       1       2       2       1     523       6       6      13     339      23      23            21.52174             3.00000             2.29291             0.23292             1.58073             0.32598           902.37648             3.63475             2.12457       6       3
   10000       2       1       2       2       1     523       6       6      14     327      22      21            21.68182             2.95455             2.27669             0.22951             1.57774             0.32456           891.89123             3.64820             2.06749       2       2
   10000       2       1       2       2       1     523       6       6      15     309      21      23            21.71429             3.04762             2.24607             0.22490             1.60809             0.32138           887.45985             3.66664             2.09038       5       4
   10000       2       1       2       2       1     523       6       6      16     298      20      30            21.35000             2.95000             2.26155             0.23014             1.61042             0.33552           907.78731             3.63171             2.00753       5       2
   10000       2       1       2       2       1     523       6       6      17     280      19      27            21.05263             2.94737             2.24277             0.23192             1.60348             0.33349           925.35576             3.65546             1.98827       2       1
   10000       2       1       2       2       1     523       6       6      18     268      18      14            21.44444             3.00000             2.24032             0.22602             1.61353             0.33239           902.79474             3.65339             2.02221       6       2
   10000       2       1       2       2       1     523       6       6      19     253      17      19            21.11765             3.00000             2.26559             0.23282             1.62877             0.32325           936.99630             3.60323             1.95503       4       5
   10000       2       1       2       2       1     523       6       6      20     242      16      22            21.00000             3.06250             2.24264             0.23336             1.64341             0.30894           952.50277             3.62651             1.90591       1       2
   10000       2       1       2       2       1     523       6       6      21     224      15      18            21.20000             3.00000             2.24037             0.23097             1.63240             0.32051           924.66008             3.65288             1.96683       1       1
   10000       2       1       2       2       1     523       6       6      22     205      14      27            20.50000             3.07143             2.23126             0.23676             1.61988             0.31831           940.15783             3.70566             1.91687       1       3
   10000       2       1       2       2       1     523       6       6      23     190      13      27            20.76923             3.07692             2.21490             0.23422             1.62346             0.29614           935.93233             3.71138             1.86807       2       4
   10000       2       1       2       2       1     523       6       6      24     181      12      13            20.91667             3.25000             2.23836             0.23579             1.65955             0.30341           928.96138             3.74613             1.77760       3       1
   10000       2       1       2       2       1     523       6       6      25     168      11      20            20.72727             3.27273             2.22031             0.23753             1.65108             0.32022           951.46769             3.83131             1.75349       6       5
   10000       2       1       2       2       1     523       6       6      26     147      10      23            20.40000             3.30000             2.17168             0.23700             1.64146             0.30976           968.67667             3.83884             1.80391       5       1
   10000       2       1       2       2       1     523       6       6      27     131       9      17            20.77778             3.33333             2.17615             0.23420             1.64329             0.31641           934.04330             3.77936             1.88074       5       5
   10000       2       1       2       2       1     523       6       6      28     120       8      11            22.00000             3.37500             2.24537             0.22407             1.66120             0.31346           836.37539             3.75845             1.99083       2       6
   10000       2       1       2       2       1     523       6       6      29     104       7      16            22.85714             3.28571             2.24729             0.21305             1.67947             0.35443           823.42777             3.72116             2.13238       1       4
   10000       2       1       2       2       1     523       6       6      30      90       6      22            22.33333             3.16667             2.27494             0.22114             1.67686             0.37966           822.64940             3.81178             2.12909       2       3
