   10000       2       1       2       4       2     496       6       6       0     496      36       0            21.13889             3.02778             2.22575             0.23036             1.59494             0.35659           936.79100             3.61014             2.41911       0       0
   10000       2       1       2       4       2     496       6       6       1     474      35      27            20.97143             3.00000             2.20383             0.23187             1.59576             0.35448           961.42831             3.62019             2.43161       1       1
   10000       2       1       2       4       2     496       6       6       2     465      34      17            21.29412             2.97059             2.19695             0.22657             1.57702             0.34968           954.93799             3.58865             2.43159       4       3
   10000       2       1       2       4       2     496       6       6       3     454      33      22            21.33333             2.96970             2.22241             0.22919             1.57865             0.36545           962.43658             3.56346             2.37061       2       4
   10000       2       1       2       4       2     496       6       6       4     442      32      26            21.34375             3.00000             2.21606             0.22852             1.60178             0.34892           967.97237             3.56750             2.34100       4       4
   10000       2       1       2       4       2     496       6       6       5     432      31      21            21.00000             3.06452             2.18304             0.22950             1.61043             0.34329           991.77545             3.57074             2.27306       6       6
   10000       2       1       2       4       2     496       6       6       6     424      30      14            21.20000             3.16667             2.20313             0.22994             1.64803             0.33738           996.85273             3.49122             2.21640       6       3
   10000       2       1       2       4       2     496       6       6       7     411      29      19            21.10345             3.10345             2.21235             0.23153             1.65221             0.34222           997.64080             3.50622             2.19707       1       4
   10000       2       1       2       4       2     496       6       6       8     395      28      23            21.07143             3.10714             2.20171             0.23225             1.65596             0.34133          1002.12672             3.50346             2.18199       1       5
   10000       2       1       2       4       2     496       6       6       9     379      27      23            21.03704             3.03704             2.20381             0.23313             1.64620             0.34407          1007.72251             3.50946             2.16113       5       1
   10000       2       1       2       4       2     496       6       6      10     362      26      31            20.73077             2.96154             2.16624             0.23390             1.62908             0.33092          1029.22873             3.53480             2.09598       2       2
   10000       2       1       2       4       2     496       6       6      11     353      25      10            21.08000             3.00000             2.20308             0.23058             1.62394             0.34628          1016.39208             3.50985             2.09696       1       6
   10000       2       1       2       4       2     496       6       6      12     340      24      24            20.87500             3.04167             2.17543             0.23072             1.64613             0.34636          1027.03605             3.54135             2.06099       1       3
   10000       2       1       2       4       2     496       6       6      13     325      23      22            21.08696             3.04348             2.16722             0.23040             1.65373             0.34481          1026.40227             3.53253             2.06490       2       6
   10000       2       1       2       4       2     496       6       6      14     306      22      31            20.63636             3.04545             2.14099             0.23397             1.62759             0.33843          1055.32780             3.55690             2.00303       4       6
   10000       2       1       2       4       2     496       6       6      15     300      21       8            21.23810             3.09524             2.16061             0.22309             1.65869             0.33811           949.69788             3.58778             2.00387       2       1
   10000       2       1       2       4       2     496       6       6      16     285      20      24            21.10000             3.00000             2.15030             0.22425             1.66093             0.33769           952.67091             3.61143             1.97135       6       5
   10000       2       1       2       4       2     496       6       6      17     278      19      14            21.47368             3.00000             2.17957             0.22085             1.64718             0.34369           929.65365             3.60103             1.94326       4       5
   10000       2       1       2       4       2     496       6       6      18     264      18      14            21.88889             3.00000             2.21426             0.21927             1.64588             0.34267           888.62547             3.64047             1.99566       1       2
   10000       2       1       2       4       2     496       6       6      19     250      17      17            22.11765             2.88235             2.25410             0.22060             1.62810             0.36236           888.65854             3.62138             2.01591       6       4
   10000       2       1       2       4       2     496       6       6      20     235      16      21            22.37500             3.12500             2.26361             0.22087             1.66201             0.35632           850.35714             3.68124             2.01032       5       4
   10000       2       1       2       4       2     496       6       6      21     227      15      21            22.46667             3.06667             2.29686             0.22271             1.66867             0.36501           845.61890             3.71359             1.89317       5       2
   10000       2       1       2       4       2     496       6       6      22     204      14      29            21.42857             3.07143             2.23908             0.23013             1.67401             0.35644           910.26683             3.72176             1.87217       5       5
   10000       2       1       2       4       2     496       6       6      23     191      13      13            22.07692             3.07692             2.27429             0.22500             1.68739             0.35446           850.81867             3.77863             1.93926       5       6
   10000       2       1       2       4       2     496       6       6      24     179      12      13            22.83333             3.00000             2.30062             0.21627             1.66829             0.36316           814.90901             3.76296             1.99744       5       3
   10000       2       1       2       4       2     496       6       6      25     161      11      30            21.81818             3.09091             2.27795             0.22423             1.65901             0.34120           855.00840             3.79973             1.90872       4       2
   10000       2       1       2       4       2     496       6       6      26     146      10      18            21.90000             2.90000             2.24995             0.22180             1.60771             0.31983           843.74424             3.79050             1.92286       2       3
   10000       2       1       2       4       2     496       6       6      27     130       9      20            21.88889             3.00000             2.20340             0.21580             1.62420             0.31186           808.20617             3.87001             1.93310       4       1
   10000       2       1       2       4       2     496       6       6      28     118       8      17            22.00000             3.00000             2.18984             0.20947             1.64023             0.32655           851.47568             3.52770             1.90798       2       5
   10000       2       1       2       4       2     496       6       6      29     101       7      26            21.00000             3.00000             2.14798             0.21562             1.63256             0.31413           870.48255             3.53942             1.89498       6       2
   10000       2       1       2       4       2     496       6       6      30      81       6      20            21.16667             3.00000             2.12264             0.21120             1.62396             0.34016           874.95277             3.58284             2.04414       6       1
