   10000       2       1       2      11      11     502       6       6       0     502      36       0            21.30556             2.97222             2.18748             0.22435             1.60095             0.31844           871.56849             3.81060             2.43201       0       0
   10000       2       1       2      11      11     502       6       6       1     481      35      26            21.17143             3.00000             2.18917             0.22637             1.61038             0.31841           877.00217             3.80241             2.44067       6       6
   10000       2       1       2      11      11     502       6       6       2     473      34      25            21.17647             3.00000             2.17320             0.22516             1.61547             0.30769           875.72804             3.81806             2.39348       2       2
   10000       2       1       2      11      11     502       6       6       3     456      33      25            21.21212             3.09091             2.18580             0.22680             1.63409             0.30000           882.14123             3.79079             2.38489       6       3
   10000       2       1       2      11      11     502       6       6       4     441      32      25            21.12500             3.15625             2.17613             0.22754             1.62951             0.29848           885.88084             3.81246             2.35813       3       1
   10000       2       1       2      11      11     502       6       6       5     428      31      25            21.25806             3.19355             2.15922             0.22225             1.62040             0.29780           870.78212             3.81240             2.33951       2       6
   10000       2       1       2      11      11     502       6       6       6     411      30      24            21.20000             3.10000             2.17778             0.22372             1.61984             0.30614           874.16424             3.79938             2.31161       4       2
   10000       2       1       2      11      11     502       6       6       7     394      29      25            20.86207             3.03448             2.14652             0.22694             1.61683             0.30856           905.97527             3.76606             2.25550       5       2
   10000       2       1       2      11      11     502       6       6       8     374      28      24            20.60714             3.03571             2.15347             0.23062             1.62568             0.30958           922.01461             3.76640             2.25022       1       2
   10000       2       1       2      11      11     502       6       6       9     359      27      25            20.62963             3.07407             2.14312             0.22869             1.63387             0.29064           919.76036             3.77054             2.22406       2       3
   10000       2       1       2      11      11     502       6       6      10     348      26      23            20.46154             3.11538             2.12179             0.22960             1.64533             0.29054           917.95028             3.79816             2.16182       3       3
   10000       2       1       2      11      11     502       6       6      11     341      25      22            20.60000             3.12000             2.12346             0.22844             1.63860             0.29059           915.84154             3.79751             2.11035       5       4
   10000       2       1       2      11      11     502       6       6      12     334      24      22            20.91667             3.08333             2.11405             0.22607             1.64258             0.29967           919.62789             3.79065             2.05990       4       6
   10000       2       1       2      11      11     502       6       6      13     325      23      24            20.91304             3.13043             2.15550             0.23155             1.64302             0.29832           931.33560             3.77925             1.95930       3       5
   10000       2       1       2      11      11     502       6       6      14     307      22      24            20.54545             3.13636             2.15405             0.23614             1.68797             0.30354           938.84941             3.76553             1.89260       4       4
   10000       2       1       2      11      11     502       6       6      15     288      21      21            20.14286             3.09524             2.13480             0.24138             1.69272             0.31042           970.57804             3.77285             1.91294       1       6
   10000       2       1       2      11      11     502       6       6      16     278      20      21            19.95000             3.10000             2.10746             0.24088             1.69442             0.29682           985.24586             3.74946             1.86994       6       5
   10000       2       1       2      11      11     502       6       6      17     270      19      20            19.84211             3.05263             2.09709             0.24192             1.67428             0.29004           992.40474             3.77269             1.84438       4       3
   10000       2       1       2      11      11     502       6       6      18     255      18      20            19.55556             3.11111             2.06376             0.24324             1.69703             0.28326          1016.80413             3.80557             1.81783       4       1
   10000       2       1       2      11      11     502       6       6      19     241      17      20            19.23529             3.17647             2.04168             0.24602             1.71063             0.27981          1017.69639             3.88029             1.78698       5       6
   10000       2       1       2      11      11     502       6       6      20     228      16      21            18.87500             3.18750             2.05700             0.25462             1.72420             0.27891          1077.54505             3.73075             1.75455       4       5
   10000       2       1       2      11      11     502       6       6      21     217      15      19            18.33333             3.06667             2.07725             0.27028             1.64215             0.26434          1154.34096             3.71770             1.55665       1       4
   10000       2       1       2      11      11     502       6       6      22     206      14      19            17.78571             3.14286             2.01550             0.28552             1.67314             0.26731          1322.61032             3.82502             1.37617       6       1
   10000       2       1       2      11      11     502       6       6      23     190      13      18            17.76923             3.07692             2.00139             0.28771             1.64800             0.27430          1363.29115             3.78962             1.38837       6       4
   10000       2       1       2      11      11     502       6       6      24     172      12      18            17.75000             3.08333             1.96447             0.28772             1.65298             0.28245          1394.01837             3.76311             1.42073       3       6
   10000       2       1       2      11      11     502       6       6      25     162      11      15            17.72727             3.09091             1.93109             0.28752             1.66128             0.26808          1473.98848             3.75116             1.33641       3       4
   10000       2       1       2      11      11     502       6       6      26     147      10      14            18.00000             3.00000             1.95851             0.29150             1.62695             0.27641          1476.01452             3.82474             1.37201       3       2
   10000       2       1       2      11      11     502       6       6      27     138       9      10            19.11111             2.88889             1.95093             0.26985             1.61019             0.30068          1419.90207             3.80296             1.39518       1       3
   10000       2       1       2      11      11     502       6       6      28     128       8       9            20.25000             2.62500             2.05008             0.26675             1.53245             0.29681          1376.50648             3.69977             1.44749       5       1
   10000       2       1       2      11      11     502       6       6      29     122       7       9            21.57143             2.71429             2.12080             0.25142             1.57924             0.30914          1326.68774             3.71734             1.30656       1       5
   10000       2       1       2      11      11     502       6       6      30     117       6       5            24.33333             3.00000             2.30223             0.20963             1.67578             0.31900           939.94911             3.40497             1.35765       6       2
