   10000       2       2       2       8       1     546       6       6       0     546      36       0            21.88889             3.11111             2.26232             0.22006             1.62450             0.32094           843.01106             3.63284             2.18994       0       0
   10000       2       2       2       8       1     546       6       6       1     532      35      21            22.60000             3.14286             2.30913             0.21721             1.64379             0.33308           814.03963             3.64221             2.25481       5       2
   10000       2       2       2       8       1     546       6       6       2     518      34      18            23.00000             3.17647             2.32032             0.21473             1.66680             0.34786           799.94394             3.66838             2.28177       5       5
   10000       2       2       2       8       1     546       6       6       3     504      33      20            22.81818             3.15152             2.32249             0.21630             1.65344             0.34286           804.78857             3.67219             2.21797       6       4
   10000       2       2       2       8       1     546       6       6       4     481      32      22            23.12500             3.18750             2.36954             0.21785             1.68038             0.36301           792.92911             3.68347             2.28121       1       4
   10000       2       2       2       8       1     546       6       6       5     460      31      27            24.09677             3.22581             2.36664             0.20770             1.71988             0.35918           747.78076             3.70262             2.39258       2       5
   10000       2       2       2       8       1     546       6       6       6     446      30      26            24.13333             3.20000             2.37421             0.20804             1.71474             0.35209           749.38647             3.70400             2.35961       4       1
   10000       2       2       2       8       1     546       6       6       7     435      29      28            23.96552             3.20690             2.38001             0.20986             1.72119             0.35932           755.54311             3.72638             2.32111       1       6
   10000       2       2       2       8       1     546       6       6       8     421      28      24            24.60714             3.17857             2.38547             0.20541             1.73146             0.36936           735.58984             3.74045             2.39647       2       3
   10000       2       2       2       8       1     546       6       6       9     406      27      18            24.48148             3.11111             2.39445             0.20657             1.73277             0.37121           729.32734             3.74156             2.35251       4       4
   10000       2       2       2       8       1     546       6       6      10     385      26      26            24.30769             3.15385             2.41462             0.20982             1.75393             0.37891           744.45379             3.74753             2.37153       1       2
   10000       2       2       2       8       1     546       6       6      11     364      25      28            24.40000             3.20000             2.39341             0.20752             1.78426             0.37458           745.91469             3.76556             2.40120       4       3
   10000       2       2       2       8       1     546       6       6      12     352      24      27            24.41667             3.29167             2.40615             0.20853             1.79270             0.37880           738.70031             3.80470             2.36437       6       3
   10000       2       2       2       8       1     546       6       6      13     341      23      23            24.43478             3.30435             2.38455             0.20623             1.80794             0.38183           734.09907             3.83565             2.35537       6       2
   10000       2       2       2       8       1     546       6       6      14     333      22      23            24.63636             3.27273             2.39395             0.20584             1.80446             0.39194           734.08764             3.84224             2.31264       4       2
   10000       2       2       2       8       1     546       6       6      15     321      21      27            24.61905             3.23810             2.41379             0.20801             1.79666             0.39801           729.65079             3.88625             2.25859       3       4
   10000       2       2       2       8       1     546       6       6      16     314      20      21            24.70000             3.25000             2.40235             0.20617             1.81870             0.39800           743.16005             3.82909             2.18123       6       5
   10000       2       2       2       8       1     546       6       6      17     300      19      24            24.84211             3.26316             2.43831             0.20850             1.81462             0.40357           736.47849             3.84849             2.16321       2       6
   10000       2       2       2       8       1     546       6       6      18     282      18      30            24.22222             3.22222             2.42722             0.21392             1.79776             0.40000           755.65311             3.86988             2.15362       5       4
   10000       2       2       2       8       1     546       6       6      19     265      17      22            24.05882             3.29412             2.44058             0.21571             1.80480             0.40224           758.31327             3.88825             2.12653       3       1
   10000       2       2       2       8       1     546       6       6      20     248      16      25            23.68750             3.37500             2.40126             0.21693             1.84008             0.40614           762.53317             3.89923             2.13452       6       1
   10000       2       2       2       8       1     546       6       6      21     237      15      18            24.13333             3.33333             2.40704             0.21353             1.83418             0.41845           743.01446             3.93986             1.99444       2       2
   10000       2       2       2       8       1     546       6       6      22     223      14      28            23.50000             3.28571             2.39241             0.21757             1.78638             0.41407           758.43847             3.98307             1.94173       3       3
   10000       2       2       2       8       1     546       6       6      23     209      13      21            23.53846             3.30769             2.41617             0.21953             1.77732             0.41870           751.05864             4.00328             1.93680       1       5
   10000       2       2       2       8       1     546       6       6      24     201      12      25            23.33333             3.25000             2.43183             0.22285             1.78466             0.42581           765.63439             3.99332             1.86220       2       1
   10000       2       2       2       8       1     546       6       6      25     190      11      24            24.18182             3.45455             2.35454             0.20885             1.81641             0.41867           752.73051             4.02837             1.81680       4       6
   10000       2       2       2       8       1     546       6       6      26     177      10      31            23.00000             3.40000             2.35896             0.21862             1.92263             0.42120           795.07046             4.01420             1.63668       3       5
   10000       2       2       2       8       1     546       6       6      27     168       9      18            23.55556             3.44444             2.39884             0.21677             1.90096             0.42225           771.66973             4.04171             1.53995       3       6
   10000       2       2       2       8       1     546       6       6      28     149       8      20            24.00000             3.37500             2.36120             0.20834             1.90831             0.42898           764.54803             4.06719             1.59392       5       1
   10000       2       2       2       8       1     546       6       6      29     139       7      24            23.85714             3.42857             2.39851             0.21391             2.00788             0.43247           811.23616             3.97858             1.44028       5       6
   10000       2       2       2       8       1     546       6       6      30     120       6      25            23.66667             3.33333             2.39827             0.21623             2.02308             0.43510           795.00883             3.98518             1.35294       1       3
