   10000       2       1       2       3       3     535       6       6       0     535      36       0            22.11111             3.11111             2.31878             0.22761             1.62375             0.35631           910.11748             3.38373             2.28553       0       0
   10000       2       1       2       3       3     535       6       6       1     527      35      15            22.37143             3.11429             2.33948             0.22658             1.62896             0.35700           895.79658             3.39013             2.24779       2       2
   10000       2       1       2       3       3     535       6       6       2     511      34      25            22.58824             3.08824             2.36901             0.22671             1.63219             0.36674           881.71773             3.37531             2.24124       5       3
   10000       2       1       2       3       3     535       6       6       3     497      33      26            22.66667             3.12121             2.37580             0.22565             1.65227             0.36673           878.67686             3.35578             2.20640       4       4
   10000       2       1       2       3       3     535       6       6       4     480      32      22            22.81250             3.12500             2.38611             0.22448             1.65863             0.37103           874.92756             3.34507             2.20991       4       6
   10000       2       1       2       3       3     535       6       6       5     465      31      24            22.64516             3.09677             2.34365             0.22306             1.66002             0.36805           885.51876             3.34752             2.18799       4       5
   10000       2       1       2       3       3     535       6       6       6     453      30      20            22.80000             3.06667             2.37482             0.22554             1.64635             0.37110           878.45182             3.36997             2.17312       3       1
   10000       2       1       2       3       3     535       6       6       7     439      29      20            22.79310             3.06897             2.37838             0.22599             1.64795             0.37889           878.33477             3.37559             2.15591       5       4
   10000       2       1       2       3       3     535       6       6       8     429      28      17            22.82143             3.03571             2.39363             0.22639             1.66063             0.38078           888.65654             3.33481             2.11162       6       1
   10000       2       1       2       3       3     535       6       6       9     410      27      25            22.81481             3.00000             2.39399             0.22716             1.65119             0.38308           888.88364             3.33568             2.14374       4       3
   10000       2       1       2       3       3     535       6       6      10     397      26      21            22.65385             3.00000             2.40242             0.22964             1.66701             0.38020           903.54088             3.31856             2.07423       4       2
   10000       2       1       2       3       3     535       6       6      11     384      25      20            22.84000             3.04000             2.38108             0.22586             1.67852             0.36765           901.08044             3.30204             2.06123       5       5
   10000       2       1       2       3       3     535       6       6      12     365      24      23            23.04167             3.12500             2.39323             0.22479             1.71633             0.36689           878.53571             3.32255             2.11675       3       2
   10000       2       1       2       3       3     535       6       6      13     350      23      28            22.86957             3.08696             2.32918             0.22284             1.70782             0.36060           893.06799             3.30611             2.05808       2       6
   10000       2       1       2       3       3     535       6       6      14     335      22      22            22.86364             3.22727             2.31043             0.22055             1.73357             0.34335           890.03556             3.31774             2.01794       3       3
   10000       2       1       2       3       3     535       6       6      15     324      21      21            22.95238             3.14286             2.31975             0.22083             1.70517             0.35115           909.05935             3.31476             1.98168       5       2
   10000       2       1       2       3       3     535       6       6      16     310      20      18            23.25000             3.10000             2.34319             0.21923             1.68468             0.35916           890.27468             3.26569             1.96011       2       5
   10000       2       1       2       3       3     535       6       6      17     302      19      17            23.52632             3.15789             2.32738             0.21474             1.71518             0.36259           874.77969             3.25760             1.94737       4       1
   10000       2       1       2       3       3     535       6       6      18     293      18      22            23.33333             3.16667             2.31431             0.21544             1.70465             0.36869           884.32159             3.27467             1.88759       6       6
   10000       2       1       2       3       3     535       6       6      19     270      17      30            22.64706             3.17647             2.33656             0.22302             1.67379             0.37723           904.22212             3.31298             1.85870       3       4
   10000       2       1       2       3       3     535       6       6      20     257      16      27            22.31250             3.12500             2.29612             0.22304             1.68023             0.36402           916.40807             3.30167             1.80131       6       4
   10000       2       1       2       3       3     535       6       6      21     236      15      26            22.00000             3.06667             2.29668             0.22626             1.64611             0.36540           929.21780             3.31422             1.81395       5       6
   10000       2       1       2       3       3     535       6       6      22     216      14      21            22.07143             3.07143             2.29460             0.22586             1.64207             0.36651           926.45961             3.33030             1.86577       6       5
   10000       2       1       2       3       3     535       6       6      23     196      13      30            21.00000             3.07692             2.27739             0.23333             1.64996             0.37735           964.68469             3.32343             1.83704       6       2
   10000       2       1       2       3       3     535       6       6      24     177      12      25            20.16667             3.00000             2.28724             0.24376             1.66721             0.38972          1008.38148             3.34224             1.82618       3       6
   10000       2       1       2       3       3     535       6       6      25     164      11      21            19.90909             3.09091             2.25501             0.24507             1.68995             0.38080          1017.62851             3.38862             1.77382       2       1
   10000       2       1       2       3       3     535       6       6      26     151      10      24            19.10000             3.00000             2.21996             0.25567             1.64588             0.37702          1079.00146             3.45620             1.61567       2       3
   10000       2       1       2       3       3     535       6       6      27     130       9      21            18.88889             3.00000             2.25146             0.26278             1.62876             0.36336          1089.37956             3.46246             1.68408       6       3
   10000       2       1       2       3       3     535       6       6      28     113       8      17            19.12500             3.00000             2.26083             0.26162             1.62142             0.37753          1088.61667             3.44958             1.76959       5       1
   10000       2       1       2       3       3     535       6       6      29      94       7      23            18.71429             3.00000             2.30184             0.27092             1.62946             0.39836          1095.97875             3.43696             1.83519       2       4
   10000       2       1       2       3       3     535       6       6      30      75       6      20            18.50000             3.00000             2.22548             0.26751             1.65542             0.40152          1078.63856             3.52398             1.95685       3       5
