   10000       2       1       2       6       9     478       6       6       0     478      36       0            20.97222             2.94444             2.17468             0.22490             1.64555             0.34265           881.77585             3.80360             2.53724       0       0
   10000       2       1       2       6       9     478       6       6       1     459      35      32            20.82857             2.94286             2.15317             0.22405             1.64401             0.34053           883.71591             3.79880             2.53671       5       1
   10000       2       1       2       6       9     478       6       6       2     441      34      27            20.67647             2.94118             2.17728             0.22966             1.64652             0.34542           893.42400             3.78681             2.51942       6       4
   10000       2       1       2       6       9     478       6       6       3     424      33      20            20.57576             2.93939             2.18709             0.23066             1.64241             0.35232           894.44550             3.79262             2.53440       6       1
   10000       2       1       2       6       9     478       6       6       4     416      32      18            20.65625             2.93750             2.18246             0.22891             1.64456             0.34651           896.43433             3.78284             2.50240       2       1
   10000       2       1       2       6       9     478       6       6       5     405      31      21            20.77419             2.93548             2.18874             0.22841             1.64304             0.35357           884.04204             3.80919             2.48006       5       6
   10000       2       1       2       6       9     478       6       6       6     396      30      21            21.00000             2.90000             2.17247             0.22423             1.62866             0.34664           867.98855             3.81090             2.45934       4       2
   10000       2       1       2       6       9     478       6       6       7     385      29      21            21.06897             2.96552             2.18106             0.22472             1.61824             0.35261           856.37476             3.83813             2.41683       1       6
   10000       2       1       2       6       9     478       6       6       8     367      28      25            20.92857             2.89286             2.19352             0.22683             1.60993             0.36028           860.70120             3.86322             2.41822       5       2
   10000       2       1       2       6       9     478       6       6       9     354      27      24            20.66667             2.88889             2.17552             0.22749             1.59654             0.34698           871.27598             3.86062             2.35290       2       2
   10000       2       1       2       6       9     478       6       6      10     339      26      22            20.34615             2.80769             2.14979             0.22975             1.57897             0.35174           890.63073             3.82647             2.34129       6       2
   10000       2       1       2       6       9     478       6       6      11     322      25      26            20.00000             2.84000             2.11779             0.23199             1.60034             0.34632           911.82108             3.83549             2.29931       5       5
   10000       2       1       2       6       9     478       6       6      12     306      24      18            19.87500             2.87500             2.07600             0.22990             1.61279             0.33262           920.56735             3.87584             2.29187       5       4
   10000       2       1       2       6       9     478       6       6      13     303      23      10            20.13043             2.95652             2.09743             0.22731             1.63725             0.34173           921.18057             3.82406             2.24826       6       3
   10000       2       1       2       6       9     478       6       6      14     293      22      16            20.22727             2.90909             2.11070             0.22751             1.63379             0.34212           916.79065             3.78023             2.24599       5       3
   10000       2       1       2       6       9     478       6       6      15     283      21      15            20.28571             2.90476             2.11681             0.22810             1.62404             0.34553           919.59201             3.77766             2.24191       4       1
   10000       2       1       2       6       9     478       6       6      16     272      20      22            20.10000             2.80000             2.07193             0.22234             1.59805             0.33086           951.15448             3.73384             2.17019       1       3
   10000       2       1       2       6       9     478       6       6      17     264      19      15            20.26316             2.78947             2.10310             0.22680             1.60468             0.31994           948.38675             3.73420             2.12641       2       3
   10000       2       1       2       6       9     478       6       6      18     248      18      25            19.83333             2.77778             2.10148             0.23197             1.58457             0.31847           974.21448             3.76794             2.12667       6       6
   10000       2       1       2       6       9     478       6       6      19     236      17      19            19.76471             2.82353             2.08221             0.22761             1.58672             0.31286           964.14248             3.79659             2.13651       1       2
   10000       2       1       2       6       9     478       6       6      20     222      16      19            19.31250             2.81250             2.04954             0.23673             1.60151             0.31668          1166.22050             3.86019             2.08152       1       5
   10000       2       1       2       6       9     478       6       6      21     206      15      17            19.46667             2.80000             2.02797             0.23297             1.61626             0.31846          1160.81171             3.90236             2.14529       6       5
   10000       2       1       2       6       9     478       6       6      22     201      14      14            20.85714             2.92857             2.01768             0.21748             1.64917             0.31247          1141.10622             3.80287             2.12675       3       6
   10000       2       1       2       6       9     478       6       6      23     193      13      21            20.23077             2.92308             2.03057             0.22487             1.62933             0.32298          1179.33541             3.79712             1.88950       3       5
   10000       2       1       2       6       9     478       6       6      24     164      12      25            19.41667             3.00000             2.03154             0.23308             1.62500             0.29257          1104.46541             3.80097             1.92007       3       4
   10000       2       1       2       6       9     478       6       6      25     149      11      20            18.90909             3.09091             2.01285             0.29574             1.61607             0.30008          1704.67309             4.19833             1.79589       2       4
   10000       2       1       2       6       9     478       6       6      26     128      10      23            17.60000             3.00000             1.98476             0.31559             1.58066             0.30339          1856.29161             4.27393             1.69883       4       3
   10000       2       1       2       6       9     478       6       6      27     127       9       2            19.33333             3.22222             2.13716             0.23802             1.64517             0.33015          1001.49694             3.78757             1.65952       1       4
   10000       2       1       2       6       9     478       6       6      28     113       8      20            18.87500             3.37500             2.11660             0.24368             1.67440             0.32837          1027.46228             3.87059             1.61244       2       5
   10000       2       1       2       6       9     478       6       6      29      99       7      14            19.57143             3.28571             2.15367             0.23768             1.66086             0.30935           981.62850             3.69350             1.69993       2       6
   10000       2       1       2       6       9     478       6       6      30      82       6      17            20.00000             3.16667             2.16947             0.23440             1.59392             0.31924           943.09791             3.72740             1.81658       1       1
