   10000       2       2       1       1      11     465       6       6       0     465      36       0            20.86111             3.02778             2.26933             0.23432             1.65535             0.34821           866.06184             3.76657             2.53990       0       0
   10000       2       2       1       1      11     465       6       6       1     452      35      31            20.68571             3.02857             2.26934             0.23627             1.66472             0.35373           871.23282             3.78494             2.47811       5       1
   10000       2       2       1       1      11     465       6       6       2     440      34      28            20.94118             3.05882             2.29918             0.23594             1.68425             0.35971           849.26166             3.77770             2.48633       5       2
   10000       2       2       1       1      11     465       6       6       3     418      33      27            21.45455             3.00000             2.34396             0.23368             1.69992             0.37249           810.40010             3.86894             2.65396       5       5
   10000       2       2       1       1      11     465       6       6       4     407      32      28            21.56250             2.96875             2.33563             0.23148             1.69432             0.37756           798.88658             3.91824             2.69026       6       5
   10000       2       2       1       1      11     465       6       6       5     394      31      27            21.70968             3.00000             2.34704             0.23186             1.71407             0.38014           792.47508             3.93314             2.68106       5       3
   10000       2       2       1       1      11     465       6       6       6     389      30      31            21.56667             3.13333             2.31278             0.22972             1.72191             0.36864           796.18951             3.92237             2.60089       5       4
   10000       2       2       1       1      11     465       6       6       7     375      29      29            21.89655             3.10345             2.33186             0.22759             1.72656             0.37458           780.87190             3.91221             2.63483       4       4
   10000       2       2       1       1      11     465       6       6       8     362      28      28            21.64286             3.07143             2.32655             0.22987             1.70808             0.38803           792.00355             3.92595             2.56783       4       3
   10000       2       2       1       1      11     465       6       6       9     346      27      27            22.96296             3.11111             2.37907             0.22294             1.75277             0.39316           746.63275             3.92877             2.66836       2       3
   10000       2       2       1       1      11     465       6       6      10     328      26      32            22.73077             3.11538             2.37630             0.22378             1.76033             0.41837           746.37983             3.95518             2.64984       1       3
   10000       2       2       1       1      11     465       6       6      11     313      25      31            22.64000             3.16000             2.31445             0.21807             1.79440             0.41100           737.45656             3.96656             2.61918       1       4
   10000       2       2       1       1      11     465       6       6      12     307      24      30            23.04167             3.16667             2.32729             0.21599             1.81304             0.42628           721.78822             3.98765             2.56165       3       4
   10000       2       2       1       1      11     465       6       6      13     295      23      31            22.73913             3.21739             2.32600             0.21780             1.80710             0.40669           726.90188             4.02702             2.48893       2       5
   10000       2       2       1       1      11     465       6       6      14     281      22      28            22.36364             3.22727             2.30708             0.22085             1.81571             0.41573           746.73435             4.02497             2.40818       3       5
   10000       2       2       1       1      11     465       6       6      15     268      21      28            22.80952             3.23810             2.33052             0.21886             1.85735             0.42805           735.54480             4.05206             2.43956       3       2
   10000       2       2       1       1      11     465       6       6      16     261      20      33            22.65000             3.30000             2.31827             0.21910             1.87231             0.42024           734.46489             4.08992             2.35485       2       2
   10000       2       2       1       1      11     465       6       6      17     246      19      29            22.15789             3.26316             2.25506             0.21747             1.87553             0.42685           741.64512             4.12198             2.31961       2       1
   10000       2       2       1       1      11     465       6       6      18     233      18      28            21.77778             3.27778             2.23351             0.21910             1.86259             0.42396           752.16951             4.12394             2.24331       3       3
   10000       2       2       1       1      11     465       6       6      19     222      17      27            21.47059             3.35294             2.22092             0.21918             1.91439             0.40850           760.75870             4.13433             2.14265       3       6
   10000       2       2       1       1      11     465       6       6      20     214      16      28            21.37500             3.43750             2.27111             0.22666             1.93182             0.41381           767.86799             4.06260             2.01937       4       6
   10000       2       2       1       1      11     465       6       6      21     199      15      27            20.73333             3.40000             2.20072             0.22803             1.92879             0.39482           789.74865             4.06054             1.97484       3       1
   10000       2       2       1       1      11     465       6       6      22     185      14      25            20.35714             3.42857             2.16707             0.22901             1.94998             0.37965           796.58997             4.06795             1.91000       2       4
   10000       2       2       1       1      11     465       6       6      23     170      13      25            19.76923             3.46154             2.11299             0.23053             1.95678             0.35831           833.93749             4.06843             1.86562       4       2
   10000       2       2       1       1      11     465       6       6      24     160      12      25            19.58333             3.41667             2.12511             0.23571             1.93760             0.38229           846.76895             4.10109             1.75112       6       4
   10000       2       2       1       1      11     465       6       6      25     150      11      27            18.72727             3.45455             2.05487             0.23852             1.96583             0.36353           888.81976             4.12298             1.62739       6       2
   10000       2       2       1       1      11     465       6       6      26     139      10      24            17.70000             3.50000             2.04882             0.25328             1.98128             0.37092           936.61225             4.22424             1.47811       1       6
   10000       2       2       1       1      11     465       6       6      27     120       9      23            17.00000             3.44444             2.03094             0.26051             1.94718             0.37841           983.40973             4.16980             1.46155       6       1
   10000       2       2       1       1      11     465       6       6      28     109       8      23            16.00000             3.50000             1.97400             0.26990             1.97800             0.37346          1025.35313             4.21382             1.30376       5       6
   10000       2       2       1       1      11     465       6       6      29      98       7      21            15.00000             3.57143             1.99423             0.28717             1.96712             0.35146          1075.98216             4.27469             1.16061       1       2
   10000       2       2       1       1      11     465       6       6      30      81       6      19            14.16667             3.66667             1.94872             0.29609             2.03968             0.36691          1100.17413             4.41664             1.09997       2       6
   10000       2       2       1       1      11     465       6       6      31      66       5      15            14.00000             3.60000             1.95179             0.30007             1.97619             0.38315          1111.60083             4.51840             1.11996       1       1
   10000       2       2       1       1      11     465       6       6      32      54       4      15            13.50000             3.75000             1.86951             0.29945             2.06090             0.37981          1190.64369             4.61893             1.00000       6       6
   10000       2       2       1       1      11     465       6       6      33      40       3      14            13.33333             4.00000             1.82601             0.29670             2.23504             0.37821          1247.25723             4.52261             1.00000       4       5
   10000       2       2       1       1      11     465       6       6      34      26       2      14            13.00000             4.00000             1.84615             0.30769             2.08333             0.37500          1318.72147             4.57161             1.00000       4       1
   10000       2       2       1       1      11     465       6       6      35      13       1      13            13.00000             4.00000             2.00000             0.33333             2.00000             0.41667          1341.35240             4.27649             1.00000       6       3
   10000       2       2       1       1      11     465       6       6      36       0       0      13             0.00000             0.00000             0.00000             0.00000             0.00000             0.00000             0.00000             0.00000             0.00000       1       5
