   10000       2       1       2       8       9     508       6       6       0     508      36       0            20.91667             3.02778             2.17896             0.23201             1.65907             0.34872           966.72845             3.87881             2.34215       0       0
   10000       2       1       2       8       9     508       6       6       1     492      35      25            20.85714             3.02857             2.19301             0.23630             1.64645             0.35747           965.77729             3.90085             2.34819       2       1
   10000       2       1       2       8       9     508       6       6       2     477      34      23            21.02941             3.05882             2.17505             0.23328             1.65155             0.35994           954.91090             3.91743             2.33839       3       5
   10000       2       1       2       8       9     508       6       6       3     459      33      28            20.69697             3.03030             2.17673             0.23796             1.62517             0.35490           971.67512             3.97132             2.28005       6       3
   10000       2       1       2       8       9     508       6       6       4     440      32      22            20.68750             3.03125             2.17334             0.23923             1.63023             0.35495           975.16119             3.97427             2.28388       3       4
   10000       2       1       2       8       9     508       6       6       5     424      31      24            20.58065             3.00000             2.15497             0.23793             1.63921             0.33699           956.50269             4.01402             2.25403       1       2
   10000       2       1       2       8       9     508       6       6       6     412      30      23            20.36667             3.06667             2.15891             0.24081             1.64830             0.34406           974.53165             4.01296             2.20395       1       3
   10000       2       1       2       8       9     508       6       6       7     395      29      27            20.34483             3.06897             2.16790             0.24062             1.68341             0.36016           973.02466             3.98725             2.22057       5       2
   10000       2       1       2       8       9     508       6       6       8     381      28      25            20.17857             3.10714             2.12725             0.24043             1.68425             0.34650           985.62572             4.00975             2.18228       6       5
   10000       2       1       2       8       9     508       6       6       9     368      27      19            20.48148             3.11111             2.15355             0.23788             1.68579             0.34594           946.28179             3.91187             2.20104       4       2
   10000       2       1       2       8       9     508       6       6      10     357      26      18            20.50000             3.11538             2.18543             0.23925             1.69858             0.34389           946.50367             3.90903             2.16090       6       1
   10000       2       1       2       8       9     508       6       6      11     354      25       9            21.00000             3.12000             2.17155             0.22875             1.72797             0.34872           920.75144             3.78305             2.10855       3       1
   10000       2       1       2       8       9     508       6       6      12     339      24      21            21.25000             3.12500             2.17115             0.22245             1.74337             0.34934           846.86255             3.83509             2.11907       1       4
   10000       2       1       2       8       9     508       6       6      13     334      23      20            21.26087             3.13043             2.15207             0.22047             1.74920             0.33395           851.28345             3.84353             2.00611       3       3
   10000       2       1       2       8       9     508       6       6      14     321      22      26            20.95455             3.13636             2.14815             0.22470             1.73610             0.33593           874.61630             3.84094             1.92157       2       6
   10000       2       1       2       8       9     508       6       6      15     307      21      30            20.71429             3.14286             2.14866             0.22809             1.73365             0.33664           885.54722             3.86680             1.86931       5       4
   10000       2       1       2       8       9     508       6       6      16     287      20      33            19.80000             3.10000             2.10034             0.23438             1.72077             0.32067           902.79616             3.87275             1.76535       4       3
   10000       2       1       2       8       9     508       6       6      17     270      19      26            19.78947             3.00000             2.12631             0.23547             1.67511             0.34089           887.41200             3.90381             1.76688       5       5
   10000       2       1       2       8       9     508       6       6      18     262      18      13            20.05556             3.05556             2.12227             0.23068             1.69131             0.33682           883.92369             3.89753             1.68805       2       5
   10000       2       1       2       8       9     508       6       6      19     246      17      16            20.11765             3.05882             2.12690             0.23018             1.70884             0.33907           857.42815             3.96876             1.71411       6       4
   10000       2       1       2       8       9     508       6       6      20     229      16      19            19.87500             3.12500             2.09129             0.22948             1.74907             0.34516           868.05586             3.99902             1.70812       3       6
   10000       2       1       2       8       9     508       6       6      21     207      15      22            19.66667             3.13333             2.08476             0.23165             1.74234             0.34196           872.91759             4.01130             1.74811       6       2
   10000       2       1       2       8       9     508       6       6      22     199      14      18            19.50000             3.14286             2.06156             0.23171             1.72943             0.33472           869.09179             3.99238             1.66558       4       4
   10000       2       1       2       8       9     508       6       6      23     181      13      21            18.84615             3.23077             2.03395             0.24524             1.75440             0.33574           914.63526             3.98795             1.62886       5       1
   10000       2       1       2       8       9     508       6       6      24     178      12      15            19.33333             3.33333             2.01709             0.23891             1.78016             0.32839           879.36095             4.01811             1.50264       2       3
   10000       2       1       2       8       9     508       6       6      25     170      11      18            19.18182             3.36364             2.04296             0.24355             1.75228             0.32997           897.44052             4.01303             1.43606       1       6
   10000       2       1       2       8       9     508       6       6      26     160      10      23            18.80000             3.50000             2.01999             0.24439             1.76719             0.28792           882.57401             3.99526             1.28570       4       6
   10000       2       1       2       8       9     508       6       6      27     134       9      25            18.11111             3.55556             2.00443             0.25117             1.77416             0.28862           911.38397             3.98542             1.32670       1       5
   10000       2       1       2       8       9     508       6       6      28     127       8       8            19.37500             3.62500             2.08311             0.23346             1.81736             0.28898           858.26169             3.70213             1.34343       4       1
   10000       2       1       2       8       9     508       6       6      29     113       7      23            18.14286             3.42857             2.03417             0.24515             1.76508             0.27421           909.53417             3.81050             1.19444       2       2
   10000       2       1       2       8       9     508       6       6      30      96       6      25            16.00000             3.50000             2.01177             0.27276             1.80463             0.28981           993.42628             3.87422             1.00000       5       6
