   10000       2       2       2       2       3     504       6       6       0     504      36       0            21.11111             2.88889             2.22961             0.22955             1.55904             0.32370           873.83773             3.92412             2.46365       0       0
   10000       2       2       2       2       3     504       6       6       1     490      35      20            21.54286             2.88571             2.30206             0.23212             1.57140             0.34297           843.02681             3.91644             2.48225       6       3
   10000       2       2       2       2       3     504       6       6       2     474      34      25            21.88235             3.00000             2.31604             0.22809             1.60125             0.34737           822.47706             3.94869             2.55045       5       4
   10000       2       2       2       2       3     504       6       6       3     455      33      26            22.03030             3.00000             2.29815             0.22700             1.61991             0.34069           823.54798             3.96443             2.57753       5       6
   10000       2       2       2       2       3     504       6       6       4     434      32      24            22.28125             3.06250             2.28665             0.22339             1.64946             0.33965           809.36916             4.00715             2.60426       3       1
   10000       2       2       2       2       3     504       6       6       5     416      31      25            22.93548             3.16129             2.31480             0.21939             1.69613             0.35437           773.40169             4.04388             2.67531       2       3
   10000       2       2       2       2       3     504       6       6       6     402      30      20            22.93333             3.13333             2.31018             0.21858             1.68977             0.36596           768.84293             4.03468             2.66463       1       6
   10000       2       2       2       2       3     504       6       6       7     397      29      20            23.82759             3.10345             2.31851             0.21067             1.70101             0.37200           746.49147             4.03664             2.68782       2       5
   10000       2       2       2       2       3     504       6       6       8     379      28      30            23.71429             3.10714             2.29730             0.20912             1.69775             0.35472           747.99692             4.03982             2.67535       1       4
   10000       2       2       2       2       3     504       6       6       9     363      27      27            23.77778             3.11111             2.27955             0.20746             1.70953             0.35044           744.56933             4.07724             2.68389       6       1
   10000       2       2       2       2       3     504       6       6      10     352      26      24            23.26923             3.11538             2.27172             0.21275             1.71965             0.35491           765.68309             4.11626             2.66621       1       2
   10000       2       2       2       2       3     504       6       6      11     340      25      32            22.68000             3.08000             2.29116             0.22037             1.70853             0.36308           783.97839             4.15001             2.57026       2       1
   10000       2       2       2       2       3     504       6       6      12     328      24      22            22.41667             2.95833             2.27625             0.22061             1.70539             0.38231           785.23320             4.16095             2.53895       6       6
   10000       2       2       2       2       3     504       6       6      13     317      23      30            23.26087             3.04348             2.30504             0.21605             1.74632             0.39546           748.84451             4.15405             2.55691       4       5
   10000       2       2       2       2       3     504       6       6      14     306      22      21            23.18182             3.22727             2.26644             0.21135             1.76579             0.38650           742.42992             4.16211             2.52718       6       4
   10000       2       2       2       2       3     504       6       6      15     288      21      30            22.66667             3.09524             2.24755             0.21480             1.76542             0.37648           746.83442             4.24209             2.46627       5       1
   10000       2       2       2       2       3     504       6       6      16     278      20      21            23.05000             3.15000             2.25937             0.21359             1.77978             0.38502           723.43681             4.26954             2.48027       2       6
   10000       2       2       2       2       3     504       6       6      17     265      19      26            23.00000             3.21053             2.25718             0.21374             1.77547             0.38828           724.01223             4.29831             2.45380       6       2
   10000       2       2       2       2       3     504       6       6      18     246      18      24            23.16667             3.22222             2.26331             0.21224             1.78893             0.38522           711.60045             4.31114             2.51298       5       2
   10000       2       2       2       2       3     504       6       6      19     241      17      20            23.58824             3.29412             2.29085             0.21106             1.81014             0.38864           698.94139             4.35735             2.45483       4       1
   10000       2       2       2       2       3     504       6       6      20     226      16      31            23.37500             3.31250             2.29000             0.21289             1.80548             0.39588           706.83911             4.41166             2.44689       3       5
   10000       2       2       2       2       3     504       6       6      21     220      15      17            23.73333             3.40000             2.29668             0.20921             1.81791             0.40716           697.79687             4.41749             2.37881       5       5
   10000       2       2       2       2       3     504       6       6      22     208      14      26            23.57143             3.35714             2.30204             0.21153             1.80776             0.40767           702.82365             4.37328             2.28763       1       3
   10000       2       2       2       2       3     504       6       6      23     193      13      18            24.00000             3.38462             2.30879             0.20783             1.81107             0.42093           680.20916             4.36866             2.32135       1       1
   10000       2       2       2       2       3     504       6       6      24     188      12      24            24.08333             3.41667             2.30973             0.20718             1.85113             0.42802           672.64379             4.33374             2.17493       2       4
   10000       2       2       2       2       3     504       6       6      25     179      11      17            24.45455             3.27273             2.31262             0.20409             1.80490             0.41798           680.40366             4.34480             2.09737       5       3
   10000       2       2       2       2       3     504       6       6      26     160      10      31            23.50000             3.20000             2.26851             0.20841             1.81161             0.41770           699.55899             4.46546             2.07496       4       6
   10000       2       2       2       2       3     504       6       6      27     141       9      29            22.88889             3.22222             2.22548             0.21010             1.79068             0.41649           707.30994             4.48997             2.03671       3       6
   10000       2       2       2       2       3     504       6       6      28     126       8      19            22.75000             3.25000             2.16548             0.20677             1.79015             0.41302           720.95506             4.53808             2.01093       2       2
   10000       2       2       2       2       3     504       6       6      29     107       7      21            23.00000             3.14286             2.12110             0.20093             1.77445             0.40059           715.08773             4.52753             2.08754       6       5
   10000       2       2       2       2       3     504       6       6      30      96       6      19            23.66667             3.16667             2.15882             0.19933             1.75538             0.40254           715.94113             4.35091             2.09410       1       5
