   10000       2       2       2       2       9     496       6       6       0     496      36       0            21.13889             3.02778             2.22575             0.23036             1.59494             0.35659           936.79100             3.61014             2.41911       0       0
   10000       2       2       2       2       9     496       6       6       1     481      35      13            21.60000             3.11429             2.26555             0.22785             1.62812             0.35090           922.74180             3.58088             2.48133       6       3
   10000       2       2       2       2       9     496       6       6       2     466      34      21            21.61765             3.20588             2.25676             0.22769             1.64427             0.34854           920.69733             3.59094             2.49075       5       6
   10000       2       2       2       2       9     496       6       6       3     452      33      28            22.03030             3.21212             2.27959             0.22426             1.68855             0.36385           893.49751             3.57491             2.51458       3       6
   10000       2       2       2       2       9     496       6       6       4     445      32      21            22.68750             3.28125             2.29437             0.21988             1.73135             0.36904           846.74806             3.58183             2.52925       4       1
   10000       2       2       2       2       9     496       6       6       5     429      31      21            23.03226             3.25806             2.29925             0.21680             1.75707             0.35646           823.06365             3.62324             2.52974       2       3
   10000       2       2       2       2       9     496       6       6       6     416      30      23            22.93333             3.26667             2.28138             0.21643             1.78432             0.36399           829.91691             3.62354             2.50605       6       1
   10000       2       2       2       2       9     496       6       6       7     401      29      33            22.75862             3.27586             2.26933             0.21658             1.77730             0.36317           827.30337             3.63339             2.50066       6       2
   10000       2       2       2       2       9     496       6       6       8     387      28      26            23.10714             3.39286             2.24985             0.20988             1.81648             0.36829           799.64817             3.64926             2.51352       1       1
   10000       2       2       2       2       9     496       6       6       9     374      27      28            23.18519             3.44444             2.26255             0.21097             1.81996             0.37600           802.66636             3.68007             2.51457       3       1
   10000       2       2       2       2       9     496       6       6      10     363      26      19            23.26923             3.38462             2.27405             0.21131             1.83107             0.37913           799.76308             3.68402             2.51266       6       6
   10000       2       2       2       2       9     496       6       6      11     356      25      22            23.16000             3.32000             2.26518             0.21159             1.84768             0.38371           800.48049             3.68845             2.43568       5       2
   10000       2       2       2       2       9     496       6       6      12     340      24      27            23.12500             3.25000             2.25460             0.21077             1.83755             0.39555           797.65032             3.70415             2.42924       4       6
   10000       2       2       2       2       9     496       6       6      13     331      23      17            23.56522             3.26087             2.26799             0.20750             1.84246             0.39697           780.75440             3.73255             2.44012       2       1
   10000       2       2       2       2       9     496       6       6      14     320      22      22            23.72727             3.27273             2.28552             0.20822             1.89190             0.39811           789.84105             3.68682             2.35399       2       5
   10000       2       2       2       2       9     496       6       6      15     303      21      24            23.80952             3.33333             2.23713             0.20249             1.91143             0.40146           778.78461             3.73501             2.37543       1       5
   10000       2       2       2       2       9     496       6       6      16     290      20      30            23.55000             3.35000             2.20841             0.20240             1.95545             0.39747           777.40625             3.73847             2.34412       2       6
   10000       2       2       2       2       9     496       6       6      17     282      19      15            24.00000             3.42105             2.24405             0.20062             1.93455             0.40219           783.87605             3.67467             2.35292       1       6
   10000       2       2       2       2       9     496       6       6      18     274      18      21            24.66667             3.33333             2.25376             0.19752             1.96643             0.39481           770.55611             3.68681             2.33838       6       4
   10000       2       2       2       2       9     496       6       6      19     261      17      23            24.82353             3.35294             2.26086             0.19951             1.96647             0.39372           759.87623             3.73820             2.31300       1       3
   10000       2       2       2       2       9     496       6       6      20     248      16      21            24.87500             3.43750             2.25096             0.19848             1.99688             0.39830           776.60223             3.72983             2.30096       2       4
   10000       2       2       2       2       9     496       6       6      21     238      15      17            26.06667             3.40000             2.30831             0.19445             1.99016             0.40950           749.65514             3.70486             2.35959       4       5
   10000       2       2       2       2       9     496       6       6      22     232      14      21            26.57143             3.57143             2.30090             0.19044             2.02986             0.39529           745.54366             3.76952             2.24885       3       5
   10000       2       2       2       2       9     496       6       6      23     225      13      27            26.69231             3.53846             2.31471             0.18925             2.02484             0.40947           725.78987             3.78331             2.11920       5       4
   10000       2       2       2       2       9     496       6       6      24     213      12      20            27.25000             3.58333             2.33187             0.18664             2.02615             0.40745           698.81693             3.81943             2.14364       5       1
   10000       2       2       2       2       9     496       6       6      25     195      11      41            26.36364             3.45455             2.33957             0.19123             1.95803             0.42344           702.44233             3.90725             2.08370       2       2
   10000       2       2       2       2       9     496       6       6      26     179      10      27            25.70000             3.40000             2.32948             0.19676             1.94932             0.41923           713.13646             4.00894             2.03253       6       5
   10000       2       2       2       2       9     496       6       6      27     162       9      22            26.11111             3.44444             2.31673             0.19283             1.95780             0.42230           702.29863             4.00660             2.08112       5       5
   10000       2       2       2       2       9     496       6       6      28     142       8      30            25.62500             3.50000             2.29798             0.19566             1.93097             0.40150           701.49536             4.05631             2.07345       1       2
   10000       2       2       2       2       9     496       6       6      29     129       7      21            26.14286             3.42857             2.37388             0.19893             1.95519             0.43825           684.94301             4.11634             2.01943       5       3
   10000       2       2       2       2       9     496       6       6      30     116       6      19            27.33333             3.33333             2.40524             0.19186             1.95698             0.45573           625.40550             4.07021             2.00354       1       4
