   10000       2       1       2       3       2     487       6       6       0     487      36       0            20.66667             3.16667             2.25710             0.23799             1.67006             0.35268           950.26701             3.56068             2.38376       0       0
   10000       2       1       2       3       2     487       6       6       1     470      35      20            21.08571             3.20000             2.26680             0.23431             1.68574             0.34761           939.59703             3.55924             2.45806       3       3
   10000       2       1       2       3       2     487       6       6       2     460      34      19            21.08824             3.17647             2.24064             0.23244             1.70727             0.33921           939.98623             3.57496             2.42908       6       2
   10000       2       1       2       3       2     487       6       6       3     449      33      18            21.42424             3.15152             2.26937             0.23256             1.70805             0.34632           917.76567             3.58717             2.44246       2       4
   10000       2       1       2       3       2     487       6       6       4     434      32      21            21.37500             3.15625             2.26104             0.23281             1.70880             0.35133           920.82588             3.59293             2.45254       6       1
   10000       2       1       2       3       2     487       6       6       5     417      31      32            21.03226             3.12903             2.25329             0.23491             1.71325             0.35162           930.00352             3.60043             2.35991       4       2
   10000       2       1       2       3       2     487       6       6       6     408      30      22            21.00000             3.06667             2.25921             0.23724             1.70763             0.35231           942.70941             3.57883             2.29688       2       6
   10000       2       1       2       3       2     487       6       6       7     387      29      26            20.86207             3.06897             2.28011             0.23825             1.70886             0.34596           943.36704             3.59478             2.27654       5       5
   10000       2       1       2       3       2     487       6       6       8     380      28      15            21.07143             3.14286             2.25085             0.23427             1.69196             0.34746           931.91435             3.58748             2.22426       4       1
   10000       2       1       2       3       2     487       6       6       9     369      27      23            20.96296             3.14815             2.25298             0.23573             1.70231             0.34493           932.91794             3.59545             2.16226       3       6
   10000       2       1       2       3       2     487       6       6      10     363      26      10            21.73077             3.19231             2.26569             0.22673             1.71766             0.33976           895.02477             3.56491             2.14318       6       6
   10000       2       1       2       3       2     487       6       6      11     349      25      24            21.96000             3.12000             2.27948             0.22729             1.69718             0.34716           882.17969             3.55533             2.14053       3       5
   10000       2       1       2       3       2     487       6       6      12     336      24      18            21.87500             3.08333             2.30466             0.22896             1.71199             0.33749           890.57428             3.53445             2.10291       3       1
   10000       2       1       2       3       2     487       6       6      13     322      23      23            21.65217             3.08696             2.30275             0.23115             1.71540             0.35054           902.05569             3.52798             2.08929       6       5
   10000       2       1       2       3       2     487       6       6      14     309      22      18            21.81818             3.18182             2.26410             0.22399             1.71108             0.34625           883.97372             3.52111             2.10304       2       5
   10000       2       1       2       3       2     487       6       6      15     297      21      24            21.71429             3.23810             2.23491             0.22475             1.70846             0.33174           910.88124             3.52148             2.05312       4       6
   10000       2       1       2       3       2     487       6       6      16     293      20      22            21.75000             3.30000             2.21542             0.22279             1.71259             0.32902           925.83721             3.54148             1.91454       2       2
   10000       2       1       2       3       2     487       6       6      17     279      19      16            21.78947             3.26316             2.26734             0.22710             1.68555             0.33025           910.43229             3.57949             1.91826       4       5
   10000       2       1       2       3       2     487       6       6      18     262      18      21            21.83333             3.27778             2.25236             0.22502             1.69513             0.33065           909.05340             3.55791             1.94848       3       2
   10000       2       1       2       3       2     487       6       6      19     247      17      27            21.47059             3.05882             2.26695             0.23362             1.60089             0.32937           940.89265             3.58983             1.94728       5       2
   10000       2       1       2       3       2     487       6       6      20     237      16      20            21.50000             3.12500             2.28104             0.23704             1.61059             0.32099           936.51588             3.63098             1.83658       5       4
   10000       2       1       2       3       2     487       6       6      21     223      15      28            20.66667             3.13333             2.24528             0.24346             1.60545             0.30429           966.32094             3.65313             1.73347       4       4
   10000       2       1       2       3       2     487       6       6      22     212      14      11            21.35714             3.07143             2.29136             0.23830             1.59023             0.31888           933.21888             3.64135             1.78586       5       6
   10000       2       1       2       3       2     487       6       6      23     200      13      12            22.07692             3.07692             2.33841             0.23314             1.59510             0.32517           888.52277             3.66829             1.84631       5       1
   10000       2       1       2       3       2     487       6       6      24     174      12      29            20.66667             2.91667             2.31382             0.25068             1.55606             0.29526           960.42166             3.76215             1.77939       6       3
   10000       2       1       2       3       2     487       6       6      25     163      11      17            20.45455             2.90909             2.31399             0.25652             1.53283             0.30118          1006.89416             3.75076             1.72145       4       3
   10000       2       1       2       3       2     487       6       6      26     150      10      13            21.20000             2.90000             2.37526             0.25382             1.52778             0.30154           964.63708             3.81181             1.79360       5       3
   10000       2       1       2       3       2     487       6       6      27     133       9      17            21.66667             3.00000             2.37121             0.24853             1.54475             0.32115           967.66731             3.80741             1.88178       3       4
   10000       2       1       2       3       2     487       6       6      28     106       8      30            19.37500             3.12500             2.23506             0.26143             1.55244             0.28934          1046.34715             3.92960             1.87073       2       1
   10000       2       1       2       3       2     487       6       6      29      97       7      12            20.42857             3.14286             2.35348             0.25762             1.56460             0.30903           949.29262             3.90214             1.86606       2       3
   10000       2       1       2       3       2     487       6       6      30      84       6      13            21.66667             3.16667             2.34830             0.23431             1.54759             0.29109           798.90271             4.08069             2.01041       6       4
