   10000       2       1       2      10       9     487       6       6       0     487      36       0            20.66667             3.16667             2.25710             0.23799             1.67006             0.35268           950.26701             3.56068             2.38376       0       0
   10000       2       1       2      10       9     487       6       6       1     475      35      18            20.60000             3.20000             2.22796             0.23720             1.67049             0.34426           966.02859             3.51001             2.34110       1       2
   10000       2       1       2      10       9     487       6       6       2     460      34      29            20.61765             3.20588             2.23991             0.23833             1.66443             0.34898           963.09509             3.47511             2.32737       3       2
   10000       2       1       2      10       9     487       6       6       3     439      33      20            21.03030             3.15152             2.25013             0.23463             1.65677             0.35657           944.32235             3.47009             2.43356       3       5
   10000       2       1       2      10       9     487       6       6       4     428      32      21            21.12500             3.18750             2.23657             0.23279             1.66320             0.35575           942.88307             3.47814             2.40032       3       3
   10000       2       1       2      10       9     487       6       6       5     416      31      18            21.25806             3.09677             2.24749             0.23353             1.64485             0.35110           948.28504             3.49085             2.36719       5       6
   10000       2       1       2      10       9     487       6       6       6     406      30      17            21.33333             3.10000             2.24077             0.23125             1.64980             0.35006           930.24649             3.51057             2.31643       6       4
   10000       2       1       2      10       9     487       6       6       7     392      29      21            21.34483             3.13793             2.22311             0.22994             1.63899             0.35513           940.64730             3.49587             2.30151       4       6
   10000       2       1       2      10       9     487       6       6       8     382      28      19            21.64286             3.07143             2.22186             0.22481             1.63456             0.36213           920.76758             3.47424             2.33185       4       3
   10000       2       1       2      10       9     487       6       6       9     365      27      20            21.70370             3.11111             2.20287             0.22299             1.64312             0.35591           929.78518             3.45601             2.35899       3       4
   10000       2       1       2      10       9     487       6       6      10     350      26      21            21.57692             3.15385             2.19209             0.22374             1.66599             0.35618           931.09632             3.46329             2.34779       3       6
   10000       2       1       2      10       9     487       6       6      11     335      25      29            21.44000             3.08000             2.19122             0.22242             1.65542             0.34073           908.94511             3.46068             2.28837       5       5
   10000       2       1       2      10       9     487       6       6      12     328      24      19            21.16667             3.12500             2.21737             0.23168             1.62907             0.34820           930.66837             3.45361             2.16991       4       1
   10000       2       1       2      10       9     487       6       6      13     312      23      24            21.08696             3.13043             2.24736             0.23726             1.63838             0.34992           952.69017             3.43524             2.12213       1       4
   10000       2       1       2      10       9     487       6       6      14     302      22      19            21.09091             3.18182             2.23108             0.23565             1.65462             0.35388           953.93141             3.44467             2.06939       5       1
   10000       2       1       2      10       9     487       6       6      15     281      21      37            20.23810             3.14286             2.20421             0.24110             1.62644             0.34035           988.19222             3.43772             2.01436       2       1
   10000       2       1       2      10       9     487       6       6      16     269      20      29            19.75000             3.15000             2.17440             0.24369             1.61045             0.33535          1006.63961             3.44849             1.92418       5       2
   10000       2       1       2      10       9     487       6       6      17     258      19      17            19.63158             3.26316             2.17920             0.24501             1.64403             0.32560          1024.99962             3.45989             1.85241       5       3
   10000       2       1       2      10       9     487       6       6      18     243      18      18            19.44444             3.27778             2.17688             0.27286             1.64630             0.34677          1148.43409             3.50407             1.81374       6       5
   10000       2       1       2      10       9     487       6       6      19     229      17      19            19.29412             3.29412             2.18068             0.27641             1.64873             0.34979          1150.37517             3.55353             1.79428       4       5
   10000       2       1       2      10       9     487       6       6      20     214      16      21            18.93750             3.31250             2.15312             0.28210             1.63160             0.33192          1195.68032             3.56488             1.76947       4       4
   10000       2       1       2      10       9     487       6       6      21     204      15      24            18.46667             3.26667             2.09272             0.28756             1.60261             0.32720          1245.95489             3.58430             1.59100       2       5
   10000       2       1       2      10       9     487       6       6      22     179      14      23            17.92857             3.21429             2.07566             0.29696             1.59278             0.32321          1285.41698             3.64063             1.63141       4       2
   10000       2       1       2      10       9     487       6       6      23     175      13       4            19.00000             3.30769             2.12482             0.25377             1.61786             0.29679          1100.67385             3.52284             1.67998       6       6
   10000       2       1       2      10       9     487       6       6      24     161      12      14            19.41667             3.33333             2.12331             0.24744             1.61807             0.28947          1107.12045             3.49454             1.73665       3       1
   10000       2       1       2      10       9     487       6       6      25     151      11      11            20.18182             3.27273             2.18775             0.24379             1.57425             0.29760          1029.94965             3.53561             1.79074       5       4
   10000       2       1       2      10       9     487       6       6      26     134      10      19            19.60000             3.30000             2.20354             0.25432             1.58926             0.29395          1067.27231             3.53841             1.77278       6       1
   10000       2       1       2      10       9     487       6       6      27     126       9      29            18.00000             3.55556             2.14222             0.27215             1.67271             0.25098          1196.53997             3.58208             1.44011       2       3
   10000       2       1       2      10       9     487       6       6      28     105       8      26            16.00000             3.62500             2.03490             0.29566             1.70775             0.26849          1364.85635             3.67610             1.33454       6       3
   10000       2       1       2      10       9     487       6       6      29      95       7      10            16.85714             3.42857             2.07381             0.28274             1.65965             0.24335          1269.40918             3.79164             1.38233       6       2
   10000       2       1       2      10       9     487       6       6      30      85       6      25            14.33333             3.16667             2.00714             0.31423             1.65206             0.23528          1452.64051             3.68192             1.02564       1       6
