   10000       2       2       2       7       4     525       6       6       0     525      36       0            21.69444             2.91667             2.24134             0.22026             1.60306             0.30909           825.34604             4.00950             2.38234       0       0
   10000       2       2       2       7       4     525       6       6       1     511      35      21            22.25714             2.97143             2.28762             0.21873             1.62378             0.31510           807.47891             4.02006             2.44470       2       5
   10000       2       2       2       7       4     525       6       6       2     493      34      27            22.38235             2.97059             2.26914             0.21647             1.64630             0.32353           808.46430             4.04169             2.46395       1       5
   10000       2       2       2       7       4     525       6       6       3     475      33      26            22.63636             3.09091             2.27246             0.21383             1.67486             0.33992           790.43161             4.07512             2.50751       5       3
   10000       2       2       2       7       4     525       6       6       4     464      32      22            22.78125             3.03125             2.30980             0.21651             1.68214             0.34490           793.39145             4.02745             2.46653       3       5
   10000       2       2       2       7       4     525       6       6       5     451      31      20            23.58065             3.00000             2.32574             0.21041             1.68436             0.34369           768.12854             4.02359             2.53544       4       3
   10000       2       2       2       7       4     525       6       6       6     441      30      22            23.70000             3.00000             2.34534             0.21054             1.68684             0.34439           757.20319             4.03010             2.53668       4       6
   10000       2       2       2       7       4     525       6       6       7     428      29      23            24.13793             2.93103             2.35784             0.20880             1.69723             0.35319           743.09770             4.03002             2.55272       4       4
   10000       2       2       2       7       4     525       6       6       8     415      28      23            24.28571             2.85714             2.40899             0.21233             1.68676             0.35712           738.08897             4.07280             2.50114       6       3
   10000       2       2       2       7       4     525       6       6       9     401      27      27            24.40741             2.92593             2.39919             0.21065             1.72664             0.36518           730.33226             4.10540             2.44026       4       2
   10000       2       2       2       7       4     525       6       6      10     389      26      30            24.38462             3.07692             2.36191             0.20815             1.75922             0.35322           734.37299             4.14173             2.38874       2       4
   10000       2       2       2       7       4     525       6       6      11     375      25      33            24.48000             3.12000             2.33910             0.20502             1.76558             0.34838           710.52335             4.14468             2.35229       6       4
   10000       2       2       2       7       4     525       6       6      12     367      24      21            25.08333             3.08333             2.33188             0.20035             1.74780             0.34572           692.74722             4.15711             2.34245       3       1
   10000       2       2       2       7       4     525       6       6      13     352      23      26            24.91304             3.13043             2.28954             0.19823             1.76049             0.33879           694.51227             4.15308             2.30885       1       6
   10000       2       2       2       7       4     525       6       6      14     339      22      21            24.95455             3.22727             2.28367             0.19639             1.80469             0.35315           698.35718             4.14008             2.28719       4       1
   10000       2       2       2       7       4     525       6       6      15     328      21      32            25.23810             3.23810             2.27827             0.19440             1.80127             0.35655           690.96873             4.18377             2.28861       5       2
   10000       2       2       2       7       4     525       6       6      16     311      20      24            24.90000             3.30000             2.28027             0.19809             1.80797             0.35719           707.34386             4.14807             2.26290       2       6
   10000       2       2       2       7       4     525       6       6      17     297      19      23            25.21053             3.26316             2.30512             0.19682             1.81238             0.38564           693.89712             4.17858             2.23137       2       1
   10000       2       2       2       7       4     525       6       6      18     284      18      33            25.22222             3.16667             2.37808             0.20274             1.77116             0.39760           697.73156             4.16789             2.15182       2       2
   10000       2       2       2       7       4     525       6       6      19     275      17      17            25.58824             3.11765             2.36526             0.19729             1.77231             0.39795           686.36526             4.14989             2.11885       4       5
   10000       2       2       2       7       4     525       6       6      20     256      16      21            25.68750             3.12500             2.35151             0.19494             1.76205             0.40147           685.57701             4.10165             2.15239       3       6
   10000       2       2       2       7       4     525       6       6      21     235      15      26            25.33333             3.26667             2.34724             0.20031             1.79498             0.40463           699.23261             4.14748             2.14900       6       5
   10000       2       2       2       7       4     525       6       6      22     231      14      14            26.42857             3.28571             2.42912             0.19680             1.76977             0.41220           683.45155             4.10905             2.10102       6       6
   10000       2       2       2       7       4     525       6       6      23     214      13      26            26.07692             3.23077             2.40803             0.19767             1.74967             0.42170           701.73809             4.09734             2.06731       5       4
   10000       2       2       2       7       4     525       6       6      24     205      12      20            26.25000             3.33333             2.39222             0.19389             1.76572             0.40964           718.63666             4.05169             1.92828       3       2
   10000       2       2       2       7       4     525       6       6      25     193      11      19            26.90909             3.36364             2.40690             0.18797             1.77400             0.45650           702.54520             4.04807             1.92605       1       4
   10000       2       2       2       7       4     525       6       6      26     180      10      29            26.90000             3.30000             2.44899             0.19173             1.77574             0.43790           678.58972             4.11768             1.81535       1       3
   10000       2       2       2       7       4     525       6       6      27     168       9      27            26.66667             3.44444             2.45580             0.19454             1.81111             0.42013           697.74501             4.15865             1.69161       2       3
   10000       2       2       2       7       4     525       6       6      28     156       8      28            26.87500             3.37500             2.40110             0.19019             1.82441             0.41967           724.18947             4.17373             1.58720       6       2
   10000       2       2       2       7       4     525       6       6      29     137       7      32            25.71429             3.42857             2.38846             0.19668             1.88093             0.42264           761.74187             4.17571             1.52639       6       1
   10000       2       2       2       7       4     525       6       6      30     108       6      30            25.00000             3.33333             2.35538             0.19940             1.81511             0.40113           785.86923             4.23782             1.59070       5       1
