   10000       2       1       2      11       6     496       6       6       0     496      36       0            21.13889             3.02778             2.22707             0.23049             1.59494             0.35798           936.79084             3.61014             2.41911       0       0
   10000       2       1       2      11       6     496       6       6       1     481      35      22            21.17143             3.00000             2.22395             0.23061             1.58384             0.35444           952.54546             3.58605             2.38442       2       4
   10000       2       1       2      11       6     496       6       6       2     477      34      10            21.52941             3.02941             2.23272             0.22538             1.59531             0.35757           937.79352             3.54915             2.36246       1       6
   10000       2       1       2      11       6     496       6       6       3     463      33      21            21.09091             3.00000             2.23283             0.23061             1.57862             0.35747           965.46019             3.55901             2.30516       6       6
   10000       2       1       2      11       6     496       6       6       4     450      32      20            20.96875             3.00000             2.21585             0.23076             1.59214             0.35336           971.39569             3.57765             2.28367       1       4
   10000       2       1       2      11       6     496       6       6       5     434      31      20            21.09677             3.00000             2.21871             0.23349             1.61612             0.35877           990.70064             3.56984             2.29422       6       4
   10000       2       1       2      11       6     496       6       6       6     419      30      24            21.13333             2.93333             2.19780             0.23294             1.59203             0.35007          1004.03952             3.56342             2.29029       3       1
   10000       2       1       2      11       6     496       6       6       7     407      29      15            21.00000             3.00000             2.24254             0.23944             1.60449             0.35415          1022.36928             3.56929             2.14805       3       3
   10000       2       1       2      11       6     496       6       6       8     398      28      20            21.50000             3.10714             2.22791             0.23525             1.61585             0.34499          1024.99901             3.55844             2.13549       5       3
   10000       2       1       2      11       6     496       6       6       9     381      27      21            21.40741             3.11111             2.20377             0.23249             1.60781             0.33325          1022.24311             3.57899             2.15236       4       1
   10000       2       1       2      11       6     496       6       6      10     367      26      32            20.96154             3.03846             2.18065             0.23691             1.59545             0.32579          1055.80056             3.60528             2.08480       5       5
   10000       2       1       2      11       6     496       6       6      11     354      25      28            20.92000             3.04000             2.18042             0.23746             1.59617             0.32408          1050.99530             3.60904             2.05576       3       6
   10000       2       1       2      11       6     496       6       6      12     345      24      17            21.16667             3.04167             2.17884             0.23033             1.59046             0.33110           993.41955             3.59677             2.03960       3       2
   10000       2       1       2      11       6     496       6       6      13     332      23      17            21.47826             3.00000             2.16966             0.22493             1.57726             0.32756           944.16490             3.62760             2.01331       1       2
   10000       2       1       2      11       6     496       6       6      14     318      22      20            21.31818             3.04545             2.15320             0.22476             1.58606             0.33402           958.78235             3.61574             1.98643       3       4
   10000       2       1       2      11       6     496       6       6      15     314      21       7            22.09524             3.04762             2.20153             0.21457             1.60259             0.33146           915.98391             3.50038             1.98420       6       3
   10000       2       1       2      11       6     496       6       6      16     306      20      17            22.15000             3.20000             2.22323             0.21692             1.64442             0.31976           913.61458             3.53372             1.94391       2       1
   10000       2       1       2      11       6     496       6       6      17     294      19      30            21.31579             3.31579             2.18224             0.22157             1.68271             0.31026           960.01401             3.53866             1.85307       2       3
   10000       2       1       2      11       6     496       6       6      18     279      18      21            21.27778             3.33333             2.20200             0.22405             1.68485             0.30861           959.19314             3.48858             1.83085       2       6
   10000       2       1       2      11       6     496       6       6      19     261      17      23            21.05882             3.47059             2.20792             0.22800             1.71468             0.30977           981.28094             3.48502             1.78860       6       1
   10000       2       1       2      11       6     496       6       6      20     247      16      18            21.12500             3.43750             2.21022             0.22744             1.72052             0.31848           976.83683             3.48799             1.77380       1       5
   10000       2       1       2      11       6     496       6       6      21     225      15      21            21.06667             3.46667             2.21474             0.22919             1.74074             0.30558           982.36701             3.51114             1.82983       6       5
   10000       2       1       2      11       6     496       6       6      22     212      14      13            21.64286             3.42857             2.26186             0.22735             1.74040             0.32741           919.48392             3.56035             1.88911       1       3
   10000       2       1       2      11       6     496       6       6      23     197      13      18            21.53846             3.30769             2.21575             0.22392             1.74007             0.33970           956.49901             3.38634             1.88732       2       5
   10000       2       1       2      11       6     496       6       6      24     185      12      17            21.83333             3.50000             2.24277             0.22096             1.80694             0.34613           911.65012             3.42607             1.88145       5       4
   10000       2       1       2      11       6     496       6       6      25     175      11      15            22.09091             3.36364             2.26051             0.21782             1.75886             0.36635           871.86095             3.44629             1.83289       5       1
   10000       2       1       2      11       6     496       6       6      26     169      10      19            22.20000             3.20000             2.34146             0.22607             1.73576             0.37759           892.19576             3.43203             1.58270       4       5
   10000       2       1       2      11       6     496       6       6      27     158       9      22            21.55556             3.33333             2.30455             0.22915             1.74327             0.37336           956.51403             3.36967             1.41491       4       3
   10000       2       1       2      11       6     496       6       6      28     149       8      22            21.25000             3.37500             2.33644             0.23607             1.77098             0.37054           965.36969             3.41915             1.25740       5       2
   10000       2       1       2      11       6     496       6       6      29     138       7      13            22.42857             3.42857             2.39406             0.22471             1.80428             0.36395           889.11247             3.33844             1.25816       3       5
   10000       2       1       2      11       6     496       6       6      30     126       6      19            22.00000             3.50000             2.38639             0.22799             1.81746             0.33391           895.78675             3.37116             1.09625       5       6
