   10000       2       1       2       9      11     514       6       6       0     514      36       0            21.69444             3.13889             2.30008             0.22645             1.65036             0.33603           860.60524             3.60649             2.37765       0       0
   10000       2       1       2       9      11     514       6       6       1     492      35      33            21.34286             3.14286             2.28095             0.22757             1.63740             0.33415           870.34588             3.62738             2.35934       2       1
   10000       2       1       2       9      11     514       6       6       2     472      34      28            21.29412             3.14706             2.28538             0.22865             1.62182             0.33915           869.90703             3.64602             2.37224       3       5
   10000       2       1       2       9      11     514       6       6       3     450      33      27            21.15152             3.21212             2.30036             0.23149             1.62867             0.33560           879.67636             3.62643             2.34855       2       4
   10000       2       1       2       9      11     514       6       6       4     435      32      27            21.00000             3.21875             2.27240             0.22923             1.63225             0.32712           880.01047             3.61427             2.32171       6       2
   10000       2       1       2       9      11     514       6       6       5     420      31      26            20.74194             3.29032             2.22302             0.22883             1.65255             0.32499           902.59781             3.62288             2.26005       2       6
   10000       2       1       2       9      11     514       6       6       6     414      30      27            20.46667             3.33333             2.21371             0.23163             1.67175             0.32219           923.55878             3.60187             2.18342       1       5
   10000       2       1       2       9      11     514       6       6       7     402      29      25            20.13793             3.37931             2.19122             0.23298             1.68903             0.30840           936.58981             3.62625             2.10101       5       1
   10000       2       1       2       9      11     514       6       6       8     395      28      23            19.96429             3.39286             2.16839             0.23269             1.67338             0.29769           937.43760             3.64715             2.02508       1       3
   10000       2       1       2       9      11     514       6       6       9     380      27      23            19.88889             3.37037             2.15633             0.23241             1.66304             0.29172           941.09930             3.64349             1.99574       4       3
   10000       2       1       2       9      11     514       6       6      10     367      26      23            19.80769             3.42308             2.14257             0.23191             1.68099             0.27163           947.41660             3.65605             1.92511       4       2
   10000       2       1       2       9      11     514       6       6      11     357      25      23            19.60000             3.44000             2.13676             0.23379             1.68079             0.26714           958.32797             3.67359             1.84679       4       6
   10000       2       1       2       9      11     514       6       6      12     342      24      22            19.62500             3.41667             2.18775             0.23914             1.67665             0.27987           954.71350             3.67943             1.83717       5       6
   10000       2       1       2       9      11     514       6       6      13     328      23      25            19.26087             3.47826             2.15559             0.24029             1.68958             0.27380           981.78144             3.66010             1.74356       6       5
   10000       2       1       2       9      11     514       6       6      14     318      22      22            19.18182             3.45455             2.16659             0.24288             1.69012             0.27327           995.70553             3.64443             1.69584       5       3
   10000       2       1       2       9      11     514       6       6      15     304      21      24            19.00000             3.42857             2.14513             0.24461             1.68296             0.26298          1009.45505             3.68290             1.67716       6       4
   10000       2       1       2       9      11     514       6       6      16     293      20      22            18.75000             3.45000             2.13249             0.24647             1.68898             0.24823          1027.95664             3.71215             1.61343       1       2
   10000       2       1       2       9      11     514       6       6      17     278      19      24            18.68421             3.47368             2.10333             0.24611             1.73195             0.24635          1041.43537             3.70707             1.57350       2       3
   10000       2       1       2       9      11     514       6       6      18     266      18      28            18.11111             3.55556             2.08704             0.25096             1.76405             0.24086          1064.66015             3.73985             1.44978       3       2
   10000       2       1       2       9      11     514       6       6      19     250      17      23            17.64706             3.52941             2.06414             0.25403             1.75259             0.24716          1069.10670             3.78722             1.41211       3       4
   10000       2       1       2       9      11     514       6       6      20     238      16      20            17.18750             3.50000             2.02044             0.25627             1.73211             0.23285          1097.53742             3.85056             1.35055       4       1
   10000       2       1       2       9      11     514       6       6      21     226      15      19            17.13333             3.46667             2.02708             0.25870             1.71343             0.20942          1111.66568             3.82882             1.25590       4       5
   10000       2       1       2       9      11     514       6       6      22     219      14      21            16.14286             3.57143             2.01889             0.27100             1.74181             0.19961          1185.68344             3.81483             1.06599       5       4
   10000       2       1       2       9      11     514       6       6      23     202      13      18            15.92308             3.61538             2.02901             0.27580             1.76167             0.20214          1183.90763             3.88608             1.05128       1       4
   10000       2       1       2       9      11     514       6       6      24     188      12      16            15.91667             3.58333             2.03806             0.27759             1.75292             0.20232          1189.69184             3.89203             1.03162       5       2
   10000       2       1       2       9      11     514       6       6      25     174      11      15            16.00000             3.54545             2.04758             0.27772             1.73695             0.20124          1175.21075             3.93022             1.02295       3       1
   10000       2       1       2       9      11     514       6       6      26     159      10      15            16.10000             3.60000             2.03901             0.27501             1.73921             0.19993          1193.13684             3.87921             1.02525       2       5
   10000       2       1       2       9      11     514       6       6      27     144       9      15            16.22222             3.66667             2.04839             0.27430             1.73405             0.19040          1162.95293             3.94335             1.02805       3       6
   10000       2       1       2       9      11     514       6       6      28     129       8      15            16.37500             3.62500             2.03777             0.27050             1.72759             0.19634          1160.16962             3.91592             1.03156       1       6
   10000       2       1       2       9      11     514       6       6      29     115       7      14            16.71429             3.71429             2.02276             0.26204             1.75461             0.19142          1163.97947             3.84737             1.03607       6       3
   10000       2       1       2       9      11     514       6       6      30     104       6      11            17.66667             3.50000             2.11746             0.25723             1.71371             0.20666          1108.05297             3.89185             1.04208       6       1
