   10000       2       2       2      11       7     546       6       6       0     546      36       0            21.88889             3.11111             2.26232             0.22006             1.62450             0.32094           843.01095             3.63284             2.18994       0       0
   10000       2       2       2      11       7     546       6       6       1     522      35      25            22.14286             3.11429             2.29311             0.22049             1.63868             0.33129           828.60824             3.64690             2.27291       5       3
   10000       2       2       2      11       7     546       6       6       2     508      34      18            22.35294             3.11765             2.28799             0.21894             1.64907             0.34538           835.37204             3.60624             2.28981       5       6
   10000       2       2       2      11       7     546       6       6       3     492      33      23            22.84848             3.15152             2.31517             0.21622             1.67319             0.35990           817.41171             3.59652             2.37286       4       3
   10000       2       2       2      11       7     546       6       6       4     467      32      20            23.21875             3.18750             2.35694             0.21697             1.69975             0.36621           807.19237             3.62384             2.48658       2       2
   10000       2       2       2      11       7     546       6       6       5     461      31      19            23.45161             3.19355             2.34355             0.21331             1.70811             0.36812           805.95335             3.61146             2.45584       1       2
   10000       2       2       2      11       7     546       6       6       6     453      30      18            23.60000             3.20000             2.34156             0.21199             1.71070             0.37123           796.01964             3.62909             2.40456       4       4
   10000       2       2       2      11       7     546       6       6       7     442      29      18            24.00000             3.27586             2.31694             0.20577             1.74420             0.36421           770.94392             3.65700             2.42026       6       1
   10000       2       2       2      11       7     546       6       6       8     435      28      16            24.42857             3.32143             2.38697             0.20645             1.78216             0.36944           747.10902             3.64578             2.35931       5       5
   10000       2       2       2      11       7     546       6       6       9     420      27      26            24.44444             3.18519             2.41414             0.20846             1.76645             0.37558           748.53453             3.64870             2.29388       4       1
   10000       2       2       2      11       7     546       6       6      10     410      26      24            24.50000             3.15385             2.42861             0.20869             1.76710             0.38067           749.78506             3.63924             2.22299       4       2
   10000       2       2       2      11       7     546       6       6      11     389      25      22            24.88000             3.20000             2.41107             0.20311             1.77712             0.37444           729.55628             3.68377             2.31156       4       5
   10000       2       2       2      11       7     546       6       6      12     374      24      19            25.12500             3.20833             2.40364             0.20127             1.79934             0.36858           721.18282             3.71569             2.27909       2       3
   10000       2       2       2      11       7     546       6       6      13     358      23      23            25.65217             3.04348             2.40304             0.19662             1.78571             0.37212           697.75499             3.72471             2.32405       2       4
   10000       2       2       2      11       7     546       6       6      14     344      22      25            25.63636             3.04545             2.39939             0.19667             1.77937             0.37479           700.50363             3.74556             2.29899       3       1
   10000       2       2       2      11       7     546       6       6      15     332      21      23            25.52381             3.14286             2.37421             0.19560             1.78963             0.36708           695.69274             3.72989             2.25639       1       3
   10000       2       2       2      11       7     546       6       6      16     316      20      29            26.05000             3.10000             2.45088             0.19831             1.77713             0.37865           677.38233             3.75755             2.27396       6       3
   10000       2       2       2      11       7     546       6       6      17     303      19      23            26.26316             3.10526             2.47111             0.19836             1.77729             0.36773           675.66586             3.76263             2.24663       4       6
   10000       2       2       2      11       7     546       6       6      18     282      18      31            25.66667             3.22222             2.42010             0.19874             1.79041             0.36279           689.66784             3.81693             2.22808       5       4
   10000       2       2       2      11       7     546       6       6      19     270      17      23            25.82353             3.23529             2.44948             0.19988             1.80981             0.35863           679.71344             3.81805             2.22088       6       6
   10000       2       2       2      11       7     546       6       6      20     264      16      23            25.81250             3.25000             2.44260             0.19939             1.81157             0.35032           685.47597             3.79908             2.13106       2       1
   10000       2       2       2      11       7     546       6       6      21     253      15      24            25.93333             3.33333             2.39997             0.19787             1.83447             0.33444           707.03797             3.77718             2.01716       3       5
   10000       2       2       2      11       7     546       6       6      22     239      14      22            25.71429             3.21429             2.39751             0.19977             1.83928             0.34463           709.39548             3.80943             1.95032       1       4
   10000       2       2       2      11       7     546       6       6      23     222      13      26            25.38462             3.38462             2.39504             0.20189             1.86260             0.36427           714.97278             3.86760             1.90439       6       2
   10000       2       2       2      11       7     546       6       6      24     206      12      17            25.41667             3.33333             2.41459             0.20206             1.84150             0.38048           699.51989             3.88001             1.86770       3       6
   10000       2       2       2      11       7     546       6       6      25     195      11      20            25.27273             3.27273             2.42595             0.20281             1.83796             0.39510           678.78389             3.95605             1.77483       3       4
   10000       2       2       2      11       7     546       6       6      26     186      10      21            25.70000             3.30000             2.39192             0.19732             1.85772             0.37965           662.94724             4.05746             1.67430       1       6
   10000       2       2       2      11       7     546       6       6      27     173       9      24            25.44444             3.22222             2.41804             0.20243             1.83947             0.38425           678.26319             3.88442             1.60436       6       4
   10000       2       2       2      11       7     546       6       6      28     159       8      21            25.25000             3.12500             2.36584             0.20066             1.82148             0.35996           700.39315             3.90588             1.50532       5       1
   10000       2       2       2      11       7     546       6       6      29     147       7      19            25.85714             3.14286             2.42219             0.19878             1.83320             0.34024           667.24048             3.98123             1.37587       1       5
   10000       2       2       2      11       7     546       6       6      30     132       6      16            27.33333             3.00000             2.47331             0.18899             1.83225             0.35943           609.66836             3.94936             1.40769       5       2
