   10000       2       2       2       3       5     478       6       6       0     478      36       0            20.97222             2.94444             2.17468             0.22490             1.64555             0.34265           881.77585             3.80360             2.53724       0       0
   10000       2       2       2       3       5     478       6       6       1     468      35      25            21.34286             2.97143             2.21255             0.22510             1.66163             0.35004           866.47110             3.80556             2.52037       3       4
   10000       2       2       2       3       5     478       6       6       2     446      34      27            21.67647             3.00000             2.21666             0.22172             1.67128             0.36266           847.52757             3.82150             2.61096       6       4
   10000       2       2       2       3       5     478       6       6       3     429      33      26            21.84848             3.00000             2.20957             0.21941             1.67683             0.36899           838.81984             3.82336             2.60854       5       2
   10000       2       2       2       3       5     478       6       6       4     410      32      18            21.68750             3.03125             2.16879             0.21765             1.67200             0.35581           848.77727             3.83665             2.59069       4       5
   10000       2       2       2       3       5     478       6       6       5     400      31      17            21.64516             2.96774             2.17898             0.21936             1.67576             0.35531           861.88322             3.82592             2.51992       3       6
   10000       2       2       2       3       5     478       6       6       6     389      30      18            22.00000             3.10000             2.21490             0.22061             1.69959             0.35996           849.57255             3.85202             2.54513       6       5
   10000       2       2       2       3       5     478       6       6       7     377      29      26            21.82759             3.10345             2.22250             0.22378             1.70033             0.36956           862.08592             3.84595             2.50383       6       2
   10000       2       2       2       3       5     478       6       6       8     362      28      29            21.78571             3.07143             2.24196             0.22581             1.70742             0.38317           857.60793             3.87274             2.50889       5       1
   10000       2       2       2       3       5     478       6       6       9     347      27      27            21.85185             3.14815             2.24241             0.22570             1.74441             0.37351           853.57672             3.90323             2.52095       4       3
   10000       2       2       2       3       5     478       6       6      10     340      26      22            21.76923             3.07692             2.24941             0.22749             1.73466             0.38377           859.88509             3.90149             2.44895       5       3
   10000       2       2       2       3       5     478       6       6      11     328      25      26            21.64000             3.08000             2.22649             0.22649             1.75051             0.39135           865.96714             3.91639             2.42986       6       6
   10000       2       2       2       3       5     478       6       6      12     314      24      27            21.70833             3.04167             2.24987             0.22812             1.72491             0.38444           862.97680             3.91941             2.44370       4       2
   10000       2       2       2       3       5     478       6       6      13     302      23      22            21.43478             3.13043             2.21960             0.22769             1.73472             0.37067           873.96403             3.92293             2.35821       5       5
   10000       2       2       2       3       5     478       6       6      14     295      22      16            21.63636             3.13636             2.22507             0.22609             1.73056             0.36397           884.28722             3.88735             2.34319       6       3
   10000       2       2       2       3       5     478       6       6      15     287      21      18            22.19048             3.04762             2.23342             0.22166             1.72960             0.37315           870.87879             3.89075             2.34828       2       1
   10000       2       2       2       3       5     478       6       6      16     279      20      13            22.75000             3.10000             2.25319             0.21362             1.74241             0.37740           827.14909             3.91136             2.38483       3       5
   10000       2       2       2       3       5     478       6       6      17     257      19      27            22.47368             3.10526             2.23579             0.21464             1.74644             0.37147           843.12437             3.87283             2.42912       6       1
   10000       2       2       2       3       5     478       6       6      18     250      18      22            22.38889             3.11111             2.23993             0.21639             1.73922             0.37507           845.40015             3.88565             2.38922       5       6
   10000       2       2       2       3       5     478       6       6      19     245      17      16            23.00000             3.05882             2.30598             0.21564             1.70600             0.39463           819.28927             3.89005             2.33223       3       3
   10000       2       2       2       3       5     478       6       6      20     230      16      28            23.00000             3.12500             2.36157             0.22817             1.71792             0.38144           814.83334             3.88869             2.27863       2       2
   10000       2       2       2       3       5     478       6       6      21     212      15      22            23.00000             3.00000             2.31476             0.21846             1.68045             0.37335           818.02931             3.87049             2.32586       4       6
   10000       2       2       2       3       5     478       6       6      22     202      14      25            23.28571             3.14286             2.36861             0.22238             1.74454             0.39053           778.92500             3.86574             2.25360       2       3
   10000       2       2       2       3       5     478       6       6      23     187      13      28            23.07692             3.15385             2.34945             0.22288             1.79104             0.38564           786.15662             3.89652             2.27808       5       4
   10000       2       2       2       3       5     478       6       6      24     172      12      31            23.08333             3.16667             2.26185             0.20793             1.76397             0.35293           774.47308             3.95389             2.15920       2       5
   10000       2       2       2       3       5     478       6       6      25     159      11      24            23.18182             3.18182             2.31395             0.21395             1.75083             0.38832           762.05198             3.97485             2.13155       2       4
   10000       2       2       2       3       5     478       6       6      26     148      10      20            23.50000             3.10000             2.29262             0.20885             1.74515             0.38719           760.33855             3.94716             2.11229       4       1
   10000       2       2       2       3       5     478       6       6      27     136       9      21            23.88889             3.22222             2.30219             0.20667             1.73829             0.38036           747.82576             4.04194             2.08413       2       6
   10000       2       2       2       3       5     478       6       6      28     116       8      33            22.25000             3.25000             2.29129             0.21874             1.75734             0.40724           788.38977             4.12927             1.96586       3       2
   10000       2       2       2       3       5     478       6       6      29      92       7      24            21.85714             3.14286             2.23920             0.21886             1.68344             0.40219           789.62232             4.18266             2.09428       4       4
   10000       2       2       2       3       5     478       6       6      30      79       6      19            22.33333             3.16667             2.23521             0.21343             1.65845             0.37663           772.50988             4.07704             2.10671       3       1
