   10000       2       1       1       1       4     508       6       6       0     508      36       0            20.91667             3.02778             2.17896             0.23201             1.65907             0.34872           966.72843             3.87881             2.34215       0       0
   10000       2       1       1       1       4     508       6       6       1     492      35      28            20.62857             3.05714             2.16696             0.23447             1.66218             0.34689           983.06200             3.92054             2.28729       6       3
   10000       2       1       1       1       4     508       6       6       2     479      34      26            20.52941             3.02941             2.15125             0.23489             1.65136             0.34213           991.77025             3.93177             2.26107       6       5
   10000       2       1       1       1       4     508       6       6       3     471      33      15            20.90909             3.03030             2.12868             0.22683             1.65724             0.33559           975.41183             3.92114             2.25633       3       3
   10000       2       1       1       1       4     508       6       6       4     458      32      27            20.56250             3.03125             2.13557             0.23348             1.65244             0.34120           992.49425             3.89717             2.17330       5       1
   10000       2       1       1       1       4     508       6       6       5     449      31       8            20.96774             3.09677             2.16261             0.23018             1.66749             0.32470          1010.51935             3.73092             2.20773       4       1
   10000       2       1       1       1       4     508       6       6       6     432      30      26            21.00000             3.06667             2.16290             0.22979             1.66414             0.32461          1000.21772             3.71479             2.20489       4       3
   10000       2       1       1       1       4     508       6       6       7     417      29      16            21.37931             3.06897             2.18016             0.22644             1.66329             0.33217           962.29944             3.71787             2.25291       5       3
   10000       2       1       1       1       4     508       6       6       8     402      28      23            21.28571             3.14286             2.15824             0.22543             1.66519             0.33661           973.79198             3.72406             2.22416       1       1
   10000       2       1       1       1       4     508       6       6       9     386      27      22            21.29630             3.14815             2.16194             0.22573             1.67116             0.34855           967.02300             3.69752             2.21765       4       2
   10000       2       1       1       1       4     508       6       6      10     375      26      20            21.38462             3.11538             2.14983             0.22511             1.66628             0.33286          1020.57412             3.69804             2.16977       2       4
   10000       2       1       1       1       4     508       6       6      11     361      25      19            21.32000             2.96000             2.14555             0.22395             1.65072             0.32496           990.62313             3.71761             2.15452       1       2
   10000       2       1       1       1       4     508       6       6      12     354      24      17            21.58333             3.00000             2.13869             0.22388             1.63622             0.33983           981.98054             3.72805             2.08003       4       4
   10000       2       1       1       1       4     508       6       6      13     338      23      20            21.69565             3.13043             2.17571             0.22106             1.65904             0.34157           930.14318             3.74111             2.04842       3       6
   10000       2       1       1       1       4     508       6       6      14     324      22      27            21.36364             3.04545             2.14238             0.22104             1.63713             0.32924           937.89155             3.76114             2.01067       5       4
   10000       2       1       1       1       4     508       6       6      15     313      21      16            21.38095             3.04762             2.13727             0.21944             1.64196             0.32654           942.68089             3.75744             1.99388       6       1
   10000       2       1       1       1       4     508       6       6      16     296      20      24            21.30000             2.95000             2.16149             0.22085             1.65034             0.32068           928.82503             3.68385             1.96755       4       5
   10000       2       1       1       1       4     508       6       6      17     280      19      27            20.57895             2.89474             2.13393             0.22730             1.64379             0.32474           989.00965             3.73997             1.91572       3       5
   10000       2       1       1       1       4     508       6       6      18     268      18      22            20.33333             2.88889             2.12304             0.23659             1.64292             0.32800          1092.31493             3.73779             1.84254       2       6
   10000       2       1       1       1       4     508       6       6      19     253      17      29            19.64706             2.82353             2.11962             0.24435             1.62394             0.32320          1135.38007             3.77138             1.68049       2       2
   10000       2       1       1       1       4     508       6       6      20     238      16      18            19.43750             2.87500             2.09346             0.24487             1.63548             0.32620          1168.15798             3.76980             1.66237       3       2
   10000       2       1       1       1       4     508       6       6      21     234      15      11            20.06667             2.93333             2.13552             0.24108             1.65725             0.33817          1124.57186             3.79575             1.59482       2       3
   10000       2       1       1       1       4     508       6       6      22     217      14      16            20.28571             2.92857             2.16870             0.24192             1.67756             0.34237          1104.63435             3.87077             1.63880       6       4
   10000       2       1       1       1       4     508       6       6      23     212      13      12            20.84615             2.92308             2.24286             0.24503             1.68227             0.34898          1106.64756             3.84031             1.59781       3       1
   10000       2       1       1       1       4     508       6       6      24     209      12       6            22.41667             3.08333             2.29578             0.22200             1.75436             0.36569           822.64435             3.83060             1.55283       2       5
   10000       2       1       1       1       4     508       6       6      25     187      11      22            22.45455             3.09091             2.29436             0.22197             1.75333             0.35925           819.32573             3.85222             1.60326       3       4
   10000       2       1       1       1       4     508       6       6      26     169      10      18            22.90000             3.20000             2.28064             0.21562             1.76577             0.35910           802.74499             3.84506             1.66358       2       1
   10000       2       1       1       1       4     508       6       6      27     150       9      27            22.00000             3.22222             2.25531             0.22386             1.75328             0.33615           835.42769             3.81815             1.62543       6       2
   10000       2       1       1       1       4     508       6       6      28     133       8      31            20.25000             3.37500             2.13898             0.23081             1.76277             0.32239           888.58729             3.88131             1.43061       5       6
   10000       2       1       1       1       4     508       6       6      29     114       7      28            18.57143             3.14286             2.16630             0.25969             1.66156             0.30969           984.23479             3.80305             1.22944       1       5
   10000       2       1       1       1       4     508       6       6      30     101       6      15            19.16667             3.00000             2.21902             0.25946             1.56943             0.31368           890.67029             3.80295             1.20640       4       6
   10000       2       1       1       1       4     508       6       6      31      84       5      24            17.00000             3.20000             2.03504             0.26870             1.63677             0.29355           924.95141             3.96227             1.02159       1       4
   10000       2       1       1       1       4     508       6       6      32      72       4      12            18.25000             3.25000             2.00214             0.23739             1.61415             0.29876           858.27779             3.96027             1.02699       1       6
   10000       2       1       1       1       4     508       6       6      33      49       3      23            16.33333             3.33333             1.92266             0.25480             1.53648             0.28629           905.74457             3.98618             1.00000       5       5
   10000       2       1       1       1       4     508       6       6      34      31       2      18            15.50000             3.00000             1.91176             0.26782             1.33413             0.22356           933.37337             4.18560             1.00000       1       3
   10000       2       1       1       1       4     508       6       6      35      17       1      14            17.00000             3.00000             1.82353             0.22794             1.43750             0.06250           796.61441             3.93921             1.00000       5       2
   10000       2       1       1       1       4     508       6       6      36       0       0      17             0.00000           108.00000             0.00000             0.00000             0.00000             0.00000             0.00000             0.00000             0.00000       6       6
