   10000       2       1       2       4       1     508       6       6       0     508      36       0            20.91667             3.02778             2.17896             0.23201             1.65907             0.34872           966.72845             3.87881             2.34215       0       0
   10000       2       1       2       4       1     508       6       6       1     494      35      20            20.97143             3.08571             2.18217             0.23179             1.67024             0.34654           969.44782             3.87013             2.33761       6       6
   10000       2       1       2       4       1     508       6       6       2     478      34      21            21.26471             3.00000             2.20381             0.23043             1.66129             0.34517           971.10356             3.84185             2.36247       4       5
   10000       2       1       2       4       1     508       6       6       3     462      33      28            21.03030             3.03030             2.19169             0.23290             1.65971             0.34406           987.36126             3.87417             2.32019       6       3
   10000       2       1       2       4       1     508       6       6       4     452      32      18            20.87500             3.03125             2.18379             0.23326             1.66344             0.34011           996.26988             3.87631             2.27923       6       1
   10000       2       1       2       4       1     508       6       6       5     438      31      24            20.67742             3.03226             2.18237             0.23698             1.66705             0.34798          1009.64198             3.85486             2.23136       5       1
   10000       2       1       2       4       1     508       6       6       6     424      30      27            20.66667             3.00000             2.17370             0.23504             1.66099             0.35051          1014.29518             3.83875             2.21358       4       3
   10000       2       1       2       4       1     508       6       6       7     412      29      13            20.86207             3.03448             2.17984             0.23094             1.67185             0.34119           978.89919             3.83540             2.21380       1       6
   10000       2       1       2       4       1     508       6       6       8     392      28      25            20.53571             3.00000             2.16447             0.23457             1.66972             0.33771          1028.03500             3.81435             2.20428       1       5
   10000       2       1       2       4       1     508       6       6       9     384      27       9            20.70370             3.03704             2.19654             0.23649             1.68097             0.33596          1076.41718             3.65825             2.17775       4       1
   10000       2       1       2       4       1     508       6       6      10     368      26      24            20.65385             3.00000             2.20745             0.24015             1.68049             0.34379          1085.38625             3.63799             2.14172       1       3
   10000       2       1       2       4       1     508       6       6      11     346      25      23            20.52000             3.00000             2.21250             0.24186             1.68073             0.34502          1091.58423             3.64104             2.17480       6       2
   10000       2       1       2       4       1     508       6       6      12     331      24      25            20.29167             3.00000             2.19577             0.24343             1.66640             0.34768          1110.66156             3.64750             2.14727       5       6
   10000       2       1       2       4       1     508       6       6      13     325      23      10            20.78261             3.13043             2.18222             0.23369             1.71312             0.32396          1054.34156             3.68571             2.08736       2       3
   10000       2       1       2       4       1     508       6       6      14     307      22      22            20.54545             3.09091             2.17352             0.24436             1.70920             0.32740          1169.82361             3.65834             2.07353       2       6
   10000       2       1       2       4       1     508       6       6      15     294      21      21            20.23810             3.09524             2.15983             0.24733             1.71550             0.32074          1187.10223             3.68802             2.01916       1       2
   10000       2       1       2       4       1     508       6       6      16     279      20      20            20.25000             3.10000             2.17821             0.24771             1.72164             0.32281          1105.59348             3.74372             2.03502       1       4
   10000       2       1       2       4       1     508       6       6      17     264      19      22            20.36842             3.00000             2.16924             0.24492             1.72162             0.32589          1092.52038             3.75563             2.06657       5       5
   10000       2       1       2       4       1     508       6       6      18     247      18      20            20.66667             3.00000             2.18753             0.23946             1.71102             0.32596          1033.88049             3.69070             2.10066       4       2
   10000       2       1       2       4       1     508       6       6      19     230      17      22            20.17647             3.00000             2.17110             0.24423             1.74628             0.33800          1067.02131             3.63410             2.10160       5       2
   10000       2       1       2       4       1     508       6       6      20     219      16      25            19.75000             3.06250             2.16233             0.24818             1.77167             0.33235          1075.65417             3.67697             2.02569       6       4
   10000       2       1       2       4       1     508       6       6      21     200      15      22            19.60000             3.00000             2.15130             0.24982             1.75486             0.34659          1092.63044             3.70702             2.07498       6       5
   10000       2       1       2       4       1     508       6       6      22     185      14      22            20.00000             2.92857             2.19356             0.24514             1.73554             0.35076          1037.35437             3.68154             2.07792       2       2
   10000       2       1       2       4       1     508       6       6      23     168      13      23            19.38462             3.15385             2.11523             0.24734             1.80016             0.32876          1090.16054             3.69948             2.04649       5       4
   10000       2       1       2       4       1     508       6       6      24     163      12       7            20.58333             3.33333             2.18815             0.23015             1.83799             0.31853           884.34140             3.68101             2.00470       2       5
   10000       2       1       2       4       1     508       6       6      25     145      11      18            20.63636             3.18182             2.21245             0.23213             1.78253             0.30810           886.96669             3.67007             2.08252       5       3
   10000       2       1       2       4       1     508       6       6      26     132      10      24            19.60000             3.20000             2.18075             0.24975             1.76159             0.30406           970.51238             3.65694             2.00009       2       1
   10000       2       1       2       4       1     508       6       6      27     122       9      15            20.11111             3.00000             2.22686             0.24394             1.69072             0.32531           914.44343             3.63166             2.02773       4       4
   10000       2       1       2       4       1     508       6       6      28     110       8      18            20.12500             2.87500             2.22154             0.24323             1.68944             0.31945           931.47379             3.61014             1.99835       2       4
   10000       2       1       2       4       1     508       6       6      29      90       7      20            20.14286             3.14286             2.19038             0.24142             1.69922             0.31407           950.09894             3.63408             2.14097       1       1
   10000       2       1       2       4       1     508       6       6      30      74       6      19            19.83333             2.83333             2.10931             0.24125             1.59371             0.31963           931.37524             3.64715             2.18149       4       6
