   10000       2       1       2       7       5     496       6       6       0     496      36       0            21.13889             3.02778             2.22575             0.23036             1.59494             0.35659           936.79100             3.61014             2.41911       0       0
   10000       2       1       2       7       5     496       6       6       1     478      35      30            20.97143             2.94286             2.22577             0.23162             1.58354             0.36013           941.80567             3.60370             2.40431       4       2
   10000       2       1       2       7       5     496       6       6       2     464      34      21            20.67647             2.97059             2.23177             0.23638             1.58588             0.36137           962.01368             3.61822             2.37190       6       6
   10000       2       1       2       7       5     496       6       6       3     449      33      23            20.57576             3.03030             2.20114             0.23313             1.59481             0.36228           969.97973             3.61292             2.36687       6       1
   10000       2       1       2       7       5     496       6       6       4     439      32      21            20.46875             3.00000             2.19087             0.23334             1.59071             0.36129           968.38233             3.60363             2.29138       2       3
   10000       2       1       2       7       5     496       6       6       5     424      31      25            20.35484             2.96774             2.20354             0.23681             1.57171             0.35867           979.90383             3.61589             2.25678       3       1
   10000       2       1       2       7       5     496       6       6       6     407      30      21            20.20000             2.93333             2.19431             0.23831             1.56346             0.35832           991.40986             3.64395             2.25672       4       1
   10000       2       1       2       7       5     496       6       6       7     390      29      24            20.13793             2.96552             2.17065             0.23615             1.58244             0.35123           989.33593             3.66036             2.25981       6       5
   10000       2       1       2       7       5     496       6       6       8     374      28      27            20.10714             2.96429             2.15893             0.23763             1.58528             0.36029           997.77415             3.68185             2.24481       4       6
   10000       2       1       2       7       5     496       6       6       9     368      27      16            20.44444             2.96296             2.17982             0.23578             1.59816             0.34592           997.48167             3.59288             2.19752       6       3
   10000       2       1       2       7       5     496       6       6      10     354      26      17            20.50000             3.03846             2.19055             0.23527             1.62479             0.35032           998.43978             3.57827             2.20372       5       3
   10000       2       1       2       7       5     496       6       6      11     343      25      20            20.72000             3.16000             2.20106             0.23558             1.63594             0.35018           991.06150             3.58621             2.17355       1       4
   10000       2       1       2       7       5     496       6       6      12     330      24      26            20.45833             3.12500             2.19145             0.23714             1.63657             0.35549           996.86543             3.56350             2.10117       2       6
   10000       2       1       2       7       5     496       6       6      13     321      23      12            21.08696             3.13043             2.20424             0.23011             1.64062             0.34057           981.40944             3.55446             2.15360       1       6
   10000       2       1       2       7       5     496       6       6      14     314      22      17            21.27273             3.04545             2.21722             0.22907             1.58981             0.34403           982.71941             3.54426             2.06544       4       5
   10000       2       1       2       7       5     496       6       6      15     298      21      24            20.95238             3.04762             2.21291             0.23223             1.61519             0.36635           988.75861             3.57914             2.05800       3       6
   10000       2       1       2       7       5     496       6       6      16     284      20      27            20.60000             3.15000             2.17844             0.23141             1.64679             0.34751          1007.49340             3.58618             1.95262       4       4
   10000       2       1       2       7       5     496       6       6      17     272      19      20            20.42105             3.10526             2.17589             0.23363             1.60344             0.33117          1021.61024             3.60474             1.86805       3       5
   10000       2       1       2       7       5     496       6       6      18     253      18      23            20.00000             3.16667             2.19234             0.24290             1.62553             0.32032          1041.37979             3.63267             1.86441       6       2
   10000       2       1       2       7       5     496       6       6      19     237      17      20            20.05882             3.05882             2.19118             0.24401             1.57363             0.32031          1045.64943             3.68089             1.91007       1       3
   10000       2       1       2       7       5     496       6       6      20     221      16      19            19.62500             2.93750             2.23362             0.25482             1.54000             0.33700          1088.13158             3.65125             1.88508       6       4
   10000       2       1       2       7       5     496       6       6      21     212      15      10            20.26667             2.93333             2.25492             0.24315             1.57348             0.31574           974.59023             3.70311             1.85157       2       1
   10000       2       1       2       7       5     496       6       6      22     196      14      22            20.07143             2.92857             2.22483             0.24452             1.58655             0.32247          1018.13555             3.60701             1.81622       2       5
   10000       2       1       2       7       5     496       6       6      23     189      13      14            20.38462             3.00000             2.19221             0.23591             1.60882             0.29772           988.18832             3.65477             1.78248       5       2
   10000       2       1       2       7       5     496       6       6      24     178      12      15            20.58333             3.08333             2.18562             0.23340             1.63108             0.29270          1018.60914             3.55011             1.76376       4       3
   10000       2       1       2       7       5     496       6       6      25     163      11      17            20.90909             3.09091             2.14450             0.22527             1.65328             0.28711          1012.89896             3.50495             1.81226       1       5
   10000       2       1       2       7       5     496       6       6      26     148      10      20            20.60000             3.00000             2.14351             0.22959             1.61954             0.29147          1062.66674             3.37720             1.76073       2       4
   10000       2       1       2       7       5     496       6       6      27     138       9      17            21.11111             3.11111             2.14629             0.22332             1.66906             0.29875          1006.05766             3.41663             1.73039       5       4
   10000       2       1       2       7       5     496       6       6      28     122       8      15            21.75000             3.00000             2.15806             0.21465             1.63961             0.29740           946.78471             3.45451             1.82351       5       1
   10000       2       1       2       7       5     496       6       6      29     104       7      29            21.00000             3.14286             2.05369             0.21068             1.63568             0.27680           974.94938             3.54306             1.69745       2       2
   10000       2       1       2       7       5     496       6       6      30      91       6      17            20.66667             2.83333             2.12057             0.22708             1.59866             0.28110           954.55612             3.55923             1.59216       3       2
