   10000       2       1       1       1       4     487       6       6       0     487      36       0            20.66667             3.16667             2.25710             0.23799             1.67006             0.35268           950.26692             3.56068             2.38376       0       0
   10000       2       1       1       1       4     487       6       6       1     466      35      22            20.88571             3.05714             2.27253             0.23757             1.66861             0.35673           939.15550             3.56977             2.45708       4       4
   10000       2       1       1       1       4     487       6       6       2     452      34      22            20.97059             3.11765             2.25797             0.23557             1.67848             0.34896           941.50377             3.57231             2.42479       3       3
   10000       2       1       1       1       4     487       6       6       3     433      33      27            21.00000             3.12121             2.28126             0.23802             1.70866             0.35349           941.53784             3.56406             2.46381       1       5
   10000       2       1       1       1       4     487       6       6       4     419      32      24            21.18750             3.09375             2.29044             0.23823             1.69915             0.34732           933.27493             3.56105             2.43707       3       5
   10000       2       1       1       1       4     487       6       6       5     402      31      30            21.29032             3.03226             2.29259             0.23674             1.70267             0.34499           925.61335             3.57395             2.42864       4       2
   10000       2       1       1       1       4     487       6       6       6     393      30      20            21.40000             3.00000             2.29484             0.23704             1.70516             0.34985           926.58333             3.58485             2.38603       6       2
   10000       2       1       1       1       4     487       6       6       7     384      29      27            21.03448             3.03448             2.23943             0.23651             1.69641             0.33978           951.14200             3.60739             2.30865       5       1
   10000       2       1       1       1       4     487       6       6       8     375      28      20            20.92857             3.00000             2.25219             0.23914             1.68521             0.33556           966.06724             3.59221             2.23639       3       1
   10000       2       1       1       1       4     487       6       6       9     368      27       9            21.22222             3.03704             2.26715             0.23403             1.68989             0.32964           941.58447             3.54365             2.18963       6       6
   10000       2       1       1       1       4     487       6       6      10     357      26      14            21.65385             3.03846             2.29732             0.23156             1.68873             0.33905           913.48213             3.52160             2.19945       2       3
   10000       2       1       1       1       4     487       6       6      11     337      25      28            21.40000             3.08000             2.28760             0.23311             1.68587             0.34657           907.58863             3.55105             2.19351       6       3
   10000       2       1       1       1       4     487       6       6      12     324      24      17            21.25000             3.00000             2.25143             0.23089             1.67825             0.34235           919.78369             3.51467             2.15643       1       6
   10000       2       1       1       1       4     487       6       6      13     314      23      20            21.08696             3.08696             2.23713             0.23238             1.70841             0.32622           944.87473             3.44342             2.07216       1       2
   10000       2       1       1       1       4     487       6       6      14     304      22      22            21.00000             3.18182             2.19797             0.23189             1.71159             0.30713           975.77689             3.42918             1.96662       4       6
   10000       2       1       1       1       4     487       6       6      15     291      21      20            20.95238             3.14286             2.18633             0.23056             1.70319             0.31837           978.12228             3.41682             1.94643       1       1
   10000       2       1       1       1       4     487       6       6      16     282      20      20            21.00000             3.10000             2.24434             0.23513             1.70607             0.32551           955.34398             3.44297             1.85265       5       4
   10000       2       1       1       1       4     487       6       6      17     268      19      17            20.94737             3.10526             2.28527             0.23902             1.71944             0.35263           951.22376             3.43348             1.83919       1       3
   10000       2       1       1       1       4     487       6       6      18     259      18      13            21.27778             2.94444             2.28675             0.23228             1.70199             0.34793           933.89293             3.41900             1.81742       5       6
   10000       2       1       1       1       4     487       6       6      19     249      17      19            21.23529             2.94118             2.30400             0.23455             1.70028             0.36308           931.85604             3.45223             1.77603       4       5
   10000       2       1       1       1       4     487       6       6      20     232      16      25            20.75000             3.00000             2.25264             0.23580             1.71918             0.35548           957.06231             3.41490             1.74636       3       2
   10000       2       1       1       1       4     487       6       6      21     215      15      21            20.20000             2.93333             2.25276             0.24265             1.67016             0.35273           993.59539             3.39821             1.70654       4       3
   10000       2       1       1       1       4     487       6       6      22     202      14      19            20.14286             2.92857             2.25354             0.24364             1.65272             0.34484          1011.42639             3.36882             1.68203       1       4
   10000       2       1       1       1       4     487       6       6      23     191      13      20            20.00000             2.92308             2.25164             0.24765             1.65724             0.32219          1043.25628             3.34583             1.60550       2       6
   10000       2       1       1       1       4     487       6       6      24     172      12      30            18.58333             3.00000             2.17097             0.25875             1.69978             0.30976          1133.37639             3.32968             1.50394       6       5
   10000       2       1       1       1       4     487       6       6      25     162      11      15            18.45455             3.00000             2.17764             0.25940             1.68601             0.29646          1153.02011             3.35163             1.44985       2       2
   10000       2       1       1       1       4     487       6       6      26     140      10      22            18.10000             3.00000             2.16813             0.26369             1.67366             0.29753          1166.43721             3.32452             1.49484       2       1
   10000       2       1       1       1       4     487       6       6      27     128       9      12            18.77778             3.00000             2.21459             0.25764             1.65761             0.30029          1111.12946             3.28312             1.54982       4       1
   10000       2       1       1       1       4     487       6       6      28     113       8      22            17.62500             3.25000             2.16964             0.26726             1.69104             0.30549          1212.90373             3.23040             1.42192       3       4
   10000       2       1       1       1       4     487       6       6      29      97       7      18            17.57143             3.14286             2.12898             0.26401             1.66370             0.30659          1217.20964             3.18133             1.44753       3       6
   10000       2       1       1       1       4     487       6       6      30      86       6      17            16.83333             3.16667             2.08921             0.27526             1.70301             0.33591          1332.83624             3.20006             1.29295       2       5
   10000       2       1       1       1       4     487       6       6      31      82       5      17            16.60000             3.20000             2.09930             0.28211             1.75516             0.33160          1409.69065             3.20089             1.02361       5       3
   10000       2       1       1       1       4     487       6       6      32      70       4      12            17.75000             3.00000             2.16210             0.27055             1.69395             0.36905          1220.92769             3.14700             1.02951       2       4
   10000       2       1       1       1       4     487       6       6      33      52       3      19            17.33333             3.00000             2.12841             0.27691             1.68452             0.38095          1277.56163             3.12285             1.00000       5       2
   10000       2       1       1       1       4     487       6       6      34      35       2      17            17.50000             3.00000             2.22203             0.29404             1.71429             0.44643          1384.52585             2.95618             1.00000       6       1
   10000       2       1       1       1       4     487       6       6      35      22       1      13            22.00000             3.00000             2.13636             0.20346             1.76190             0.47619           910.52953             3.24370             1.00000       6       4
   10000       2       1       1       1       4     487       6       6      36       0       0      22             0.00000             0.00000             0.00000             0.00000             0.00000             0.00000             0.00000             0.00000             0.00000       5       5
