   10000       2       2       2      10       3     487       6       6       0     487      36       0            20.66667             3.16667             2.25710             0.23799             1.67006             0.35268           950.26701             3.56068             2.38376       0       0
   10000       2       2       2      10       3     487       6       6       1     475      35      25            21.40000             3.20000             2.27618             0.23174             1.69878             0.34324           910.30038             3.57771             2.46432       5       2
   10000       2       2       2      10       3     487       6       6       2     459      34      27            21.32353             3.17647             2.26870             0.23207             1.68556             0.35111           906.88965             3.57799             2.43408       4       2
   10000       2       2       2      10       3     487       6       6       3     439      33      20            21.33333             3.12121             2.30276             0.23564             1.70645             0.36124           913.14897             3.56468             2.48936       1       4
   10000       2       2       2      10       3     487       6       6       4     417      32      25            21.62500             3.12500             2.33834             0.23416             1.71695             0.36988           871.13923             3.60844             2.57505       6       5
   10000       2       2       2      10       3     487       6       6       5     406      31      20            22.70968             3.19355             2.40298             0.23162             1.74462             0.37150           832.09745             3.60462             2.65115       4       5
   10000       2       2       2      10       3     487       6       6       6     398      30      19            22.80000             3.16667             2.39668             0.22960             1.73979             0.37649           837.27913             3.58498             2.60394       1       6
   10000       2       2       2      10       3     487       6       6       7     388      29      25            22.58621             3.17241             2.37177             0.22977             1.74540             0.37457           843.50241             3.60575             2.52636       5       5
   10000       2       2       2      10       3     487       6       6       8     374      28      32            22.39286             3.17857             2.36252             0.22971             1.77157             0.37803           842.92479             3.63424             2.46695       3       6
   10000       2       2       2      10       3     487       6       6       9     368      27      26            23.14815             3.25926             2.38052             0.22363             1.80769             0.38574           810.22380             3.65283             2.46967       3       4
   10000       2       2       2      10       3     487       6       6      10     350      26      34            22.88462             3.26923             2.33641             0.22210             1.82030             0.36565           812.56767             3.67668             2.45439       4       4
   10000       2       2       2      10       3     487       6       6      11     334      25      25            23.00000             3.28000             2.33482             0.22127             1.81652             0.37937           808.87528             3.69142             2.45525       6       2
   10000       2       2       2      10       3     487       6       6      12     330      24      17            23.37500             3.25000             2.34528             0.21884             1.78060             0.37216           799.88089             3.70199             2.41478       4       1
   10000       2       2       2      10       3     487       6       6      13     318      23      11            23.56522             3.26087             2.38341             0.22027             1.79736             0.36791           801.79474             3.64606             2.40692       6       6
   10000       2       2       2      10       3     487       6       6      14     305      22      31            23.22727             3.27273             2.37665             0.22257             1.82311             0.37655           806.28831             3.68456             2.37347       6       3
   10000       2       2       2      10       3     487       6       6      15     294      21      21            23.33333             3.33333             2.34798             0.22053             1.85901             0.37280           810.61601             3.69044             2.29534       2       3
   10000       2       2       2      10       3     487       6       6      16     287      20      32            23.10000             3.40000             2.31476             0.21917             1.86769             0.37343           815.42308             3.75167             2.23313       2       5
   10000       2       2       2      10       3     487       6       6      17     275      19      20            23.21053             3.26316             2.33018             0.22312             1.86173             0.36624           831.52490             3.72065             2.17377       1       2
   10000       2       2       2      10       3     487       6       6      18     262      18      20            23.33333             3.27778             2.35835             0.22169             1.85953             0.38885           830.10762             3.70128             2.11589       3       1
   10000       2       2       2      10       3     487       6       6      19     248      17      25            22.58824             3.35294             2.33203             0.22616             1.88263             0.36450           859.03420             3.72923             2.01751       5       3
   10000       2       2       2      10       3     487       6       6      20     241      16      29            23.00000             3.31250             2.33639             0.22469             1.88006             0.37702           852.90717             3.76663             1.94530       3       2
   10000       2       2       2      10       3     487       6       6      21     228      15      26            22.66667             3.26667             2.36607             0.23031             1.85355             0.37639           864.57923             3.72729             1.85484       3       5
   10000       2       2       2      10       3     487       6       6      22     217      14      36            22.00000             3.28571             2.34948             0.23471             1.85846             0.36875           888.15277             3.72414             1.79206       3       3
   10000       2       2       2      10       3     487       6       6      23     208      13      19            21.92308             3.38462             2.32533             0.23333             1.90581             0.36403           896.20981             3.76133             1.73834       5       1
   10000       2       2       2      10       3     487       6       6      24     202      12      22            22.08333             3.50000             2.34338             0.23456             1.90211             0.36963           890.92693             3.79821             1.65734       5       4
   10000       2       2       2      10       3     487       6       6      25     183      11      19            22.36364             3.45455             2.40239             0.23867             1.89347             0.38758           890.02568             3.85089             1.71710       6       1
   10000       2       2       2      10       3     487       6       6      26     159      10      32            21.40000             3.40000             2.38623             0.24566             1.84794             0.37295           926.54590             3.85075             1.71057       4       3
   10000       2       2       2      10       3     487       6       6      27     141       9      33            19.77778             3.33333             2.37098             0.26156             1.84429             0.35740           977.18229             3.93949             1.57732       2       1
   10000       2       2       2      10       3     487       6       6      28     119       8      27            18.87500             3.25000             2.34575             0.26918             1.83694             0.35063           997.76008             3.97126             1.55345       6       4
   10000       2       2       2      10       3     487       6       6      29     112       7      14            19.00000             3.14286             2.36213             0.26844             1.76828             0.34247          1010.47077             4.03698             1.41851       5       6
   10000       2       2       2      10       3     487       6       6      30      97       6      17            19.33333             3.16667             2.35386             0.26293             1.74008             0.35789          1026.89187             3.95798             1.44868       4       6
