   10000       2       2       1       1       7     514       6       6       0     514      36       0            21.69444             3.13889             2.30008             0.22645             1.65036             0.33603           860.60531             3.60649             2.37765       0       0
   10000       2       2       1       1       7     514       6       6       1     504      35      20            22.05714             3.11429             2.36193             0.22899             1.64716             0.35197           845.70713             3.62432             2.41397       4       4
   10000       2       2       1       1       7     514       6       6       2     484      34      28            22.17647             3.08824             2.35070             0.22646             1.64550             0.34716           839.12569             3.63036             2.42455       3       5
   10000       2       2       1       1       7     514       6       6       3     473      33      14            22.51515             3.03030             2.38266             0.22496             1.64260             0.34380           826.01124             3.63391             2.43243       6       1
   10000       2       2       1       1       7     514       6       6       4     461      32      24            22.96875             3.09375             2.39297             0.22119             1.65669             0.34734           803.89281             3.64380             2.45178       5       6
   10000       2       2       1       1       7     514       6       6       5     452      31      18            23.06452             3.19355             2.38812             0.22034             1.68267             0.35138           805.44211             3.64924             2.39612       1       5
   10000       2       2       1       1       7     514       6       6       6     440      30      20            23.36667             3.16667             2.41154             0.21974             1.68910             0.36866           791.02235             3.67101             2.38826       6       4
   10000       2       2       1       1       7     514       6       6       7     419      29      27            24.06897             3.27586             2.43214             0.21540             1.71687             0.36911           766.46808             3.71585             2.49427       4       3
   10000       2       2       1       1       7     514       6       6       8     406      28      28            24.25000             3.21429             2.44230             0.21394             1.71352             0.36106           760.72350             3.72808             2.46554       5       5
   10000       2       2       1       1       7     514       6       6       9     396      27      16            24.25926             3.11111             2.45022             0.21387             1.70236             0.36367           756.21378             3.71052             2.43249       1       6
   10000       2       2       1       1       7     514       6       6      10     386      26      25            24.57692             3.07692             2.44712             0.21013             1.69424             0.36554           734.34365             3.73444             2.43123       5       1
   10000       2       2       1       1       7     514       6       6      11     373      25      31            24.96000             3.04000             2.45128             0.20817             1.70089             0.36930           722.60531             3.79349             2.43665       4       2
   10000       2       2       1       1       7     514       6       6      12     363      24      26            24.70833             3.04167             2.45746             0.21162             1.72669             0.35907           736.52812             3.77587             2.37901       5       3
   10000       2       2       1       1       7     514       6       6      13     347      23      25            23.91304             3.04348             2.39645             0.21590             1.71878             0.34943           772.02834             3.75654             2.34229       4       5
   10000       2       2       1       1       7     514       6       6      14     330      22      24            23.72727             3.13636             2.38448             0.21631             1.73865             0.35011           774.92232             3.76424             2.34812       6       6
   10000       2       2       1       1       7     514       6       6      15     316      21      25            24.76190             3.23810             2.44559             0.21188             1.78898             0.36535           742.17839             3.75455             2.38524       2       3
   10000       2       2       1       1       7     514       6       6      16     309      20      15            25.15000             3.25000             2.45919             0.20794             1.79339             0.38399           730.87637             3.72623             2.30690       6       3
   10000       2       2       1       1       7     514       6       6      17     298      19      33            25.36842             3.26316             2.44603             0.20662             1.80673             0.37773           729.17782             3.73647             2.23959       2       4
   10000       2       2       1       1       7     514       6       6      18     281      18      35            25.77778             3.33333             2.43128             0.20037             1.80272             0.37347           706.80608             3.76817             2.23563       2       1
   10000       2       2       1       1       7     514       6       6      19     269      17      32            25.29412             3.29412             2.38794             0.20065             1.81080             0.37452           723.70200             3.76001             2.17755       5       2
   10000       2       2       1       1       7     514       6       6      20     257      16      26            25.12500             3.31250             2.39095             0.20199             1.80443             0.39357           726.54257             3.81171             2.09426       2       2
   10000       2       2       1       1       7     514       6       6      21     241      15      19            25.40000             3.20000             2.41829             0.20182             1.78270             0.38872           728.80772             3.77585             2.13299       6       5
   10000       2       2       1       1       7     514       6       6      22     230      14      28            25.64286             3.21429             2.38308             0.19807             1.79374             0.38456           726.62320             3.81243             2.07628       4       1
   10000       2       2       1       1       7     514       6       6      23     206      13      29            25.30769             3.15385             2.39954             0.20195             1.77348             0.37787           736.94470             3.79540             2.09538       6       2
   10000       2       2       1       1       7     514       6       6      24     202      12      29            26.00000             3.08333             2.40373             0.19780             1.74895             0.37156           712.37339             3.83794             1.98559       1       4
   10000       2       2       1       1       7     514       6       6      25     187      11      26            24.72727             3.00000             2.35991             0.20346             1.76997             0.34235           748.65432             3.87622             1.86699       1       2
   10000       2       2       1       1       7     514       6       6      26     170      10      20            25.20000             3.10000             2.34085             0.19765             1.77109             0.34334           763.31446             3.72858             1.90536       5       4
   10000       2       2       1       1       7     514       6       6      27     154       9      30            24.11111             3.11111             2.26899             0.20034             1.76220             0.32027           790.81063             3.73260             1.81013       3       1
   10000       2       2       1       1       7     514       6       6      28     134       8      26            23.37500             3.25000             2.21474             0.20234             1.83501             0.31954           814.19428             3.73421             1.76376       3       2
   10000       2       2       1       1       7     514       6       6      29     119       7      26            21.85714             3.28571             2.23956             0.21897             1.76208             0.30205           843.57647             3.78202             1.63871       3       4
   10000       2       2       1       1       7     514       6       6      30     107       6      21            21.83333             3.50000             2.18630             0.21454             1.81829             0.31648           865.76829             3.73691             1.47897       2       5
   10000       2       2       1       1       7     514       6       6      31      96       5      22            22.60000             3.40000             2.22522             0.21153             1.98692             0.36591           862.86145             3.72225             1.33201       2       6
   10000       2       2       1       1       7     514       6       6      32      79       4      19            23.50000             3.50000             2.24714             0.20540             2.05309             0.35183           820.18971             3.84708             1.37057       1       1
   10000       2       2       1       1       7     514       6       6      33      63       3      23            22.66667             3.66667             2.32015             0.22623             1.94357             0.35249           841.46437             3.88645             1.19152       3       6
   10000       2       2       1       1       7     514       6       6      34      45       2      20            24.00000             3.50000             2.25522             0.21040             1.94167             0.37083           810.46403             3.82212             1.14375       3       3
   10000       2       2       1       1       7     514       6       6      35      17       1      31            17.00000             3.00000             2.05882             0.25735             1.75000             0.37500           961.71133             4.06940             1.00000       1       3
   10000       2       2       1       1       7     514       6       6      36       0       0      17             0.00000             0.00000             0.00000             0.00000             0.00000             0.00000             0.00000             0.00000             0.00000       4       6
