   10000       1       1       1       1       1       1       1     508       6       6     508      36                  23                   3             2.21739             0.20158             1.81818             0.27273           692.81703             3.38079             2.13636
   10000       1       2       1       1       1       1       1     508       6       6     508      36                  23                   3             2.13043             0.19368             1.54545             0.40909           934.62252             3.39268             2.27273
   10000       1       3       1       1       1       1       1     508       6       6     508      36                  24                   3             2.29167             0.19928             1.56522             0.39130           626.03459             3.48079             2.21739
   10000       1       4       1       1       1       1       1     508       6       6     508      36                  21                   3             2.57143             0.25714             1.55000             0.30000          1078.56028             3.18797             2.10000
   10000       1       5       1       1       1       1       1     508       6       6     508      36                  28                   4             2.39286             0.17725             1.64000             0.29630           552.83975             3.98025             1.85185
   10000       1       6       1       1       1       1       1     508       6       6     508      36                  13                   3             2.07692             0.34615             1.83333             0.25000          1091.12744             4.13513             2.50000
   10000       2       1       1       1       1       1       1     508       6       6     508      36                  25                   3             2.44000             0.20333             1.91304             0.20833           694.39551             3.99798             2.04167
   10000       2       2       1       1       1       1       1     508       6       6     508      36                  24                   4             2.08333             0.18116             1.86957             0.34783           746.82375             3.17996             2.21739
   10000       2       3       1       1       1       1       1     508       6       6     508      36                  11                   1             1.63636             0.32727             1.00000             0.50000          2595.32285             3.32996             3.40000
   10000       2       4       1       1       1       1       1     508       6       6     508      36                  20                   3             2.20000             0.23158             1.68421             0.31579           753.43106             3.50654             2.63158
   10000       2       5       1       1       1       1       1     508       6       6     508      36                   8                   2             1.12500             0.32143             1.40000             0.42857          3068.27242             3.83514             3.42857
   10000       2       6       1       1       1       1       1     508       6       6     508      36                  24                   3             2.29167             0.19928             1.82609             0.34783           721.04255             3.88291             2.17391
   10000       3       1       1       1       1       1       1     508       6       6     508      36                  11                   1             1.45455             0.29091             1.00000             0.50000          1281.49647             6.55608             2.80000
   10000       3       2       1       1       1       1       1     508       6       6     508      36                  23                   3             2.60870             0.23715             1.68182             0.22727           752.50099             3.89524             1.68182
   10000       3       3       1       1       1       1       1     508       6       6     508      36                  14                   4             2.21429             0.34066             1.69231             0.38462          1135.21597             3.76592             2.38462
   10000       3       4       1       1       1       1       1     508       6       6     508      36                  22                   3             2.40909             0.22944             1.61905             0.33333           867.12470             3.58879             1.95238
   10000       3       5       1       1       1       1       1     508       6       6     508      36                  23                   3             2.30435             0.20949             1.72727             0.40909           975.77822             3.55498             2.18182
   10000       3       6       1       1       1       1       1     508       6       6     508      36                  20                   2             2.30000             0.24211             1.26316             0.36842           853.94754             3.58713             1.94737
   10000       4       1       1       1       1       1       1     508       6       6     508      36                   9                   2             1.44444             0.36111             1.14286             0.37500          1156.16110             6.04639             3.37500
   10000       4       2       1       1       1       1       1     508       6       6     508      36                  21                   3             2.00000             0.20000             1.65000             0.20000          1111.11928             5.83938             2.05000
   10000       4       3       1       1       1       1       1     508       6       6     508      36                  25                   3             2.56000             0.21333             1.95833             0.50000           625.74509             3.72319             2.00000
   10000       4       4       1       1       1       1       1     508       6       6     508      36                  15                   5             1.86667             0.26667             2.07143             0.21429          1391.19394             3.81523             2.64286
   10000       4       5       1       1       1       1       1     508       6       6     508      36                  21                   4             1.85714             0.18571             1.70000             0.35000           618.94012             4.38663             1.85000
   10000       4       6       1       1       1       1       1     508       6       6     508      36                  18                   3             2.27778             0.26797             2.17647             0.41176          1272.86274             3.78175             2.52941
   10000       5       1       1       1       1       1       1     508       6       6     508      36                  27                   3             2.29630             0.17664             1.53846             0.23077           719.35836             5.23761             2.42308
   10000       5       2       1       1       1       1       1     508       6       6     508      36                  27                   3             2.22222             0.17094             1.30435             0.34615           572.32523             4.05521             2.46154
   10000       5       3       1       1       1       1       1     508       6       6     508      36                  19                   4             2.36842             0.26316             2.05882             0.61111           898.27741             3.58318             2.83333
   10000       5       4       1       1       1       1       1     508       6       6     508      36                  22                   3             2.50000             0.23810             1.66667             0.33333           838.23843             3.30560             2.23810
   10000       5       5       1       1       1       1       1     508       6       6     508      36                  28                   4             2.39286             0.17725             2.03704             0.29630           663.95332             3.87345             2.07407
   10000       5       6       1       1       1       1       1     508       6       6     508      36                  24                   3             2.20833             0.19203             1.77273             0.39130           810.49029             3.54540             1.95652
   10000       6       1       1       1       1       1       1     508       6       6     508      36                  18                   3             2.22222             0.26144             1.73333             0.52941           835.14283             3.67704             2.64706
   10000       6       2       1       1       1       1       1     508       6       6     508      36                  29                   3             2.41379             0.17241             1.64286             0.28571           619.83801             3.86802             2.32143
   10000       6       3       1       1       1       1       1     508       6       6     508      36                  28                   3             2.71429             0.20106             1.65385             0.37037           733.98077             2.68271             2.33333
   10000       6       4       1       1       1       1       1     508       6       6     508      36                  20                   3             1.95000             0.20526             1.61111             0.31579          1117.75009             2.77042             2.52632
   10000       6       5       1       1       1       1       1     508       6       6     508      36                  25                   3             2.40000             0.20000             1.95833             0.29167           715.34055             3.39873             2.08333
   10000       6       6       1       1       1       1       1     508       6       6     508      36                  20                   3             2.00000             0.21053             1.42105             0.21053           680.15297             3.80895             2.05263
