   10000       1       1       1       1       1       1       1     546       6       6     546      36                  26                   3             2.19231             0.17538             1.75000             0.28000           586.60046             5.08329             1.84000
   10000       1       2       1       1       1       1       1     546       6       6     546      36                  21                   3             2.04762             0.20476             1.38889             0.40000           616.47694             3.70619             2.45000
   10000       1       3       1       1       1       1       1     546       6       6     546      36                  22                   3             2.22727             0.21212             1.65000             0.33333          1009.52796             3.95755             2.47619
   10000       1       4       1       1       1       1       1     546       6       6     546      36                  22                   3             2.18182             0.20779             1.63158             0.28571           806.13758             3.19686             2.28571
   10000       1       5       1       1       1       1       1     546       6       6     546      36                  20                   3             2.15000             0.22632             1.50000             0.31579           917.76923             3.44360             2.26316
   10000       1       6       1       1       1       1       1     546       6       6     546      36                  25                   3             2.16000             0.18000             1.70833             0.37500           748.88780             3.29688             2.04167
   10000       2       1       1       1       1       1       1     546       6       6     546      36                  20                   3             2.10000             0.22105             1.57895             0.36842           833.76818             3.35896             2.52632
   10000       2       2       1       1       1       1       1     546       6       6     546      36                  20                   3             2.10000             0.22105             1.50000             0.26316           867.67673             4.60567             3.00000
   10000       2       3       1       1       1       1       1     546       6       6     546      36                  20                   4             2.15000             0.22632             1.73684             0.26316           895.55291             3.08457             2.68421
   10000       2       4       1       1       1       1       1     546       6       6     546      36                  24                   3             2.29167             0.19928             1.76190             0.52174           934.46459             3.14584             1.91304
   10000       2       5       1       1       1       1       1     546       6       6     546      36                  26                   3             3.15385             0.25231             1.50000             0.32000           690.81825             3.50896             1.80000
   10000       2       6       1       1       1       1       1     546       6       6     546      36                  27                   4             2.66667             0.20513             2.07692             0.38462           731.05355             3.33317             1.96154
   10000       3       1       1       1       1       1       1     546       6       6     546      36                  23                   3             2.30435             0.20949             1.72727             0.31818           735.09334             3.56017             2.27273
   10000       3       2       1       1       1       1       1     546       6       6     546      36                  27                   3             2.33333             0.17949             1.75000             0.38462           710.97874             2.85356             2.30769
   10000       3       3       1       1       1       1       1     546       6       6     546      36                  30                   4             2.83333             0.19540             2.03448             0.31034           662.53226             3.34652             2.00000
   10000       3       4       1       1       1       1       1     546       6       6     546      36                  15                   3             2.20000             0.31429             1.50000             0.21429          1458.23783             3.07581             1.85714
   10000       3       5       1       1       1       1       1     546       6       6     546      36                  21                   3             1.85714             0.18571             1.40000             0.30000           748.07920             3.77686             2.05000
   10000       3       6       1       1       1       1       1     546       6       6     546      36                  22                   3             2.27273             0.21645             1.45000             0.28571           855.26821             3.34107             2.09524
   10000       4       1       1       1       1       1       1     546       6       6     546      36                  22                   4             1.95455             0.18615             2.05000             0.33333           714.12712             3.47345             1.95238
   10000       4       2       1       1       1       1       1     546       6       6     546      36                  19                   3             2.05263             0.22807             1.73333             0.27778           882.73965             4.07539             2.33333
   10000       4       3       1       1       1       1       1     546       6       6     546      36                  25                   3             2.64000             0.22000             1.58333             0.33333           579.56060             3.63205             1.75000
   10000       4       4       1       1       1       1       1     546       6       6     546      36                  16                   3             1.93750             0.25833             1.53333             0.46667          1244.50740             3.38347             2.06667
   10000       4       5       1       1       1       1       1     546       6       6     546      36                  19                   3             2.36842             0.26316             1.55556             0.27778          1043.89787             3.44552             2.16667
   10000       4       6       1       1       1       1       1     546       6       6     546      36                  19                   4             2.47368             0.27485             2.00000             0.44444           841.19437             4.03515             2.77778
   10000       5       1       1       1       1       1       1     546       6       6     546      36                  23                   3             2.78261             0.25296             1.52381             0.31818           727.23577             3.59180             1.95455
   10000       5       2       1       1       1       1       1     546       6       6     546      36                  21                   3             2.33333             0.23333             1.52632             0.25000           783.92450             3.95994             1.85000
   10000       5       3       1       1       1       1       1     546       6       6     546      36                  25                   4             2.40000             0.20000             1.70833             0.37500           761.33396             3.21850             1.79167
   10000       5       4       1       1       1       1       1     546       6       6     546      36                  24                   2             2.45833             0.21377             1.52174             0.34783           770.53123             3.16693             2.08696
   10000       5       5       1       1       1       1       1     546       6       6     546      36                  18                   3             1.88889             0.22222             1.40000             0.29412           980.33751             4.07717             2.70588
   10000       5       6       1       1       1       1       1     546       6       6     546      36                  18                   3             2.16667             0.25490             1.86667             0.23529           680.02080             4.02678             2.76471
   10000       6       1       1       1       1       1       1     546       6       6     546      36                  17                   3             2.17647             0.27206             1.31250             0.12500          1386.90343             3.14349             2.06250
   10000       6       2       1       1       1       1       1     546       6       6     546      36                  20                   2             1.90000             0.20000             1.42105             0.21053          1042.48062             3.01511             1.94737
   10000       6       3       1       1       1       1       1     546       6       6     546      36                  25                   2             2.56000             0.21333             1.58333             0.41667           835.06842             3.17483             1.95833
   10000       6       4       1       1       1       1       1     546       6       6     546      36                  17                   5             1.82353             0.22794             1.93333             0.18750           942.29107             4.71659             2.50000
   10000       6       5       1       1       1       1       1     546       6       6     546      36                  27                   3             2.25926             0.17379             1.34615             0.30769           417.55448             4.65426             2.15385
   10000       6       6       1       1       1       1       1     546       6       6     546      36                  22                   2             2.04545             0.19481             1.23810             0.42857           905.76543             4.31631             2.19048
