   10000       1       6       2       1       2       1      11     535       6       6       0     535      36                  13                   1             2.00000             0.33333             1.00000             0.41667          1018.43161             5.20815             2.83333       0       0
   10000       1       6       2       1       2       1      11     535       6       6       1     519      35                  13                   1             2.00000             0.33333             1.00000             0.41667          1018.37946             5.20815             2.83333       5       6
   10000       1       6       2       1       2       1      11     535       6       6       2     503      34                  13                   1             2.00000             0.33333             1.00000             0.41667          1018.30227             5.20815             2.83333       6       2
   10000       1       6       2       1       2       1      11     535       6       6       3     483      33                  13                   1             2.00000             0.33333             1.00000             0.41667          1018.47757             5.20815             2.83333       3       4
   10000       1       6       2       1       2       1      11     535       6       6       4     463      32                  13                   1             2.00000             0.33333             1.00000             0.41667          1018.36447             5.20815             2.83333       3       2
   10000       1       6       2       1       2       1      11     535       6       6       5     449      31                  11                   1             1.81818             0.36364             1.00000             0.50000          1216.53306             5.56552             2.00000       2       6
   10000       1       6       2       1       2       1      11     535       6       6       6     436      30                  11                   1             1.81818             0.36364             1.00000             0.50000          1216.78645             5.56552             2.00000       6       5
   10000       1       6       2       1       2       1      11     535       6       6       7     422      29                  11                   1             1.81818             0.36364             1.00000             0.50000          1217.14298             5.56552             2.00000       4       5
   10000       1       6       2       1       2       1      11     535       6       6       8     404      28                  11                   1             1.81818             0.36364             1.00000             0.50000          1217.22836             5.56552             2.00000       3       6
   10000       1       6       2       1       2       1      11     535       6       6       9     389      27                  11                   1             1.81818             0.36364             1.00000             0.50000          1217.31739             5.56552             2.00000       4       3
   10000       1       6       2       1       2       1      11     535       6       6      10     377      26                  11                   1             1.81818             0.36364             1.00000             0.50000          1217.30044             5.56552             2.00000       5       4
   10000       1       6       2       1       2       1      11     535       6       6      11     367      25                  11                   1             1.81818             0.36364             1.00000             0.50000          1217.39219             5.56552             2.00000       5       2
   10000       1       6       2       1       2       1      11     535       6       6      12     348      24                  11                   1             1.81818             0.36364             1.00000             0.50000          1217.31984             5.56552             2.00000       5       3
   10000       1       6       2       1       2       1      11     535       6       6      13     337      23                  11                   1             1.81818             0.36364             1.00000             0.50000          1217.35281             5.56552             2.00000       4       1
   10000       1       6       2       1       2       1      11     535       6       6      14     319      22                  11                   1             1.81818             0.36364             1.00000             0.50000          1217.73851             5.56552             2.00000       2       4
   10000       1       6       2       1       2       1      11     535       6       6      15     305      21                  10                   1             1.80000             0.40000             1.00000             0.55556          1370.10535             6.01952             1.00000       1       5
   10000       1       6       2       1       2       1      11     535       6       6      16     287      20                   9                   1             1.77778             0.44444             1.00000             0.62500          1542.42305             5.78915             1.00000       3       3
   10000       1       6       2       1       2       1      11     535       6       6      17     274      19                   9                   1             1.77778             0.44444             1.00000             0.62500          1542.57137             5.78915             1.00000       5       1
   10000       1       6       2       1       2       1      11     535       6       6      18     258      18                   9                   1             1.77778             0.44444             1.00000             0.62500          1542.59214             5.78915             1.00000       6       3
   10000       1       6       2       1       2       1      11     535       6       6      19     245      17                   9                   1             1.77778             0.44444             1.00000             0.62500          1542.59574             5.78915             1.00000       3       5
   10000       1       6       2       1       2       1      11     535       6       6      20     226      16                   9                   1             1.77778             0.44444             1.00000             0.62500          1542.59651             5.78915             1.00000       4       4
   10000       1       6       2       1       2       1      11     535       6       6      21     215      15                   9                   1             1.77778             0.44444             1.00000             0.62500          1542.59669             5.78915             1.00000       1       4
   10000       1       6       2       1       2       1      11     535       6       6      22     196      14                   9                   1             1.77778             0.44444             1.00000             0.62500          1542.59674             5.78915             1.00000       4       2
   10000       1       6       2       1       2       1      11     535       6       6      23     179      13                   9                   1             1.77778             0.44444             1.00000             0.62500          1542.59676             5.78915             1.00000       2       5
   10000       1       6       2       1       2       1      11     535       6       6      24     166      12                   9                   1             1.77778             0.44444             1.00000             0.62500          1542.59676             5.78915             1.00000       3       1
   10000       1       6       2       1       2       1      11     535       6       6      25     150      11                   9                   1             1.77778             0.44444             1.00000             0.62500          1542.59676             5.78915             1.00000       6       6
   10000       1       6       2       1       2       1      11     535       6       6      26     135      10                   9                   1             1.77778             0.44444             1.00000             0.62500          1542.59676             5.78915             1.00000       6       4
   10000       1       6       2       1       2       1      11     535       6       6      27     120       9                   9                   1             1.77778             0.44444             1.00000             0.62500          1542.59676             5.78915             1.00000       4       6
   10000       1       6       2       1       2       1      11     535       6       6      28     105       8                   9                   1             1.77778             0.44444             1.00000             0.62500          1542.59676             5.78915             1.00000       5       5
   10000       1       6       2       1       2       1      11     535       6       6      29      92       7                   9                   1             1.77778             0.44444             1.00000             0.62500          1542.59676             5.78915             1.00000       6       1
   10000       1       6       2       1       2       1      11     535       6       6      30      83       6                   0                   0             0.00000             0.00000             0.00000             0.00000             0.00000             0.00000             0.00000       1       6
