   10000       6       3       2       1       2       1      11     535       6       6       0     535      36                  26                   4             2.19231             0.17538             1.84000             0.24000           820.60242             3.34547             2.08000       0       0
   10000       6       3       2       1       2       1      11     535       6       6       1     519      35                  26                   4             2.19231             0.17538             1.84000             0.24000           820.57754             3.34547             2.08000       5       6
   10000       6       3       2       1       2       1      11     535       6       6       2     503      34                  23                   3             2.26087             0.20553             1.81818             0.40909           925.00546             3.37829             1.81818       6       2
   10000       6       3       2       1       2       1      11     535       6       6       3     483      33                  23                   3             2.21739             0.20158             1.81818             0.40909           923.55536             3.37829             1.72727       3       4
   10000       6       3       2       1       2       1      11     535       6       6       4     463      32                  23                   3             2.21739             0.20158             1.81818             0.40909           923.44648             3.37829             1.72727       3       2
   10000       6       3       2       1       2       1      11     535       6       6       5     449      31                  23                   3             2.21739             0.20158             1.81818             0.40909           923.46146             3.37829             1.72727       2       6
   10000       6       3       2       1       2       1      11     535       6       6       6     436      30                  24                   3             2.25000             0.19565             1.82609             0.39130           877.31978             3.40988             1.69565       6       5
   10000       6       3       2       1       2       1      11     535       6       6       7     422      29                  24                   3             2.25000             0.19565             1.82609             0.39130           876.10668             3.40988             1.78261       4       5
   10000       6       3       2       1       2       1      11     535       6       6       8     404      28                  24                   3             2.33333             0.20290             1.82609             0.39130           874.61409             3.40988             1.82609       3       6
   10000       6       3       2       1       2       1      11     535       6       6       9     389      27                  24                   3             2.50000             0.21739             1.82609             0.47826           878.00184             3.45895             2.04348       4       3
   10000       6       3       2       1       2       1      11     535       6       6      10     377      26                  25                   3             2.32000             0.19333             1.78261             0.58333           822.31304             3.42123             2.08333       5       4
   10000       6       3       2       1       2       1      11     535       6       6      11     367      25                  26                   3             2.34615             0.18769             1.78261             0.52000           789.00620             3.39075             1.84000       5       2
   10000       6       3       2       1       2       1      11     535       6       6      12     348      24                  23                   3             2.34783             0.21344             1.68182             0.40909           892.00920             3.44065             1.54545       5       3
   10000       6       3       2       1       2       1      11     535       6       6      13     337      23                  23                   3             2.34783             0.21344             1.68182             0.40909           892.12540             3.44065             1.54545       4       1
   10000       6       3       2       1       2       1      11     535       6       6      14     319      22                  23                   3             2.34783             0.21344             1.68182             0.40909           891.84398             3.44065             1.54545       2       4
   10000       6       3       2       1       2       1      11     535       6       6      15     305      21                  23                   3             2.34783             0.21344             1.68182             0.40909           892.12726             3.44065             1.54545       1       5
   10000       6       3       2       1       2       1      11     535       6       6      16     287      20                  23                   3             2.34783             0.21344             1.68182             0.40909           892.12845             3.44065             1.54545       3       3
   10000       6       3       2       1       2       1      11     535       6       6      17     274      19                  23                   3             2.34783             0.21344             1.68182             0.40909           892.12971             3.44065             1.54545       5       1
   10000       6       3       2       1       2       1      11     535       6       6      18     258      18                   0                   0             0.00000             0.00000             0.00000             0.00000             0.00000             0.00000             0.00000       6       3
   10000       6       3       2       1       2       1      11     535       6       6      19     245      17                   0                   0             0.00000             0.00000             0.00000             0.00000             0.00000             0.00000             0.00000       3       5
   10000       6       3       2       1       2       1      11     535       6       6      20     226      16                   0                   0             0.00000             0.00000             0.00000             0.00000             0.00000             0.00000             0.00000       4       4
   10000       6       3       2       1       2       1      11     535       6       6      21     215      15                   0                   0             0.00000             0.00000             0.00000             0.00000             0.00000             0.00000             0.00000       1       4
   10000       6       3       2       1       2       1      11     535       6       6      22     196      14                   0                   0             0.00000             0.00000             0.00000             0.00000             0.00000             0.00000             0.00000       4       2
   10000       6       3       2       1       2       1      11     535       6       6      23     179      13                   0                   0             0.00000             0.00000             0.00000             0.00000             0.00000             0.00000             0.00000       2       5
   10000       6       3       2       1       2       1      11     535       6       6      24     166      12                   0                   0             0.00000             0.00000             0.00000             0.00000             0.00000             0.00000             0.00000       3       1
   10000       6       3       2       1       2       1      11     535       6       6      25     150      11                   0                   0             0.00000             0.00000             0.00000             0.00000             0.00000             0.00000             0.00000       6       6
   10000       6       3       2       1       2       1      11     535       6       6      26     135      10                   0                   0             0.00000             0.00000             0.00000             0.00000             0.00000             0.00000             0.00000       6       4
   10000       6       3       2       1       2       1      11     535       6       6      27     120       9                   0                   0             0.00000             0.00000             0.00000             0.00000             0.00000             0.00000             0.00000       4       6
   10000       6       3       2       1       2       1      11     535       6       6      28     105       8                   0                   0             0.00000             0.00000             0.00000             0.00000             0.00000             0.00000             0.00000       5       5
   10000       6       3       2       1       2       1      11     535       6       6      29      92       7                   0                   0             0.00000             0.00000             0.00000             0.00000             0.00000             0.00000             0.00000       6       1
   10000       6       3       2       1       2       1      11     535       6       6      30      83       6                   0                   0             0.00000             0.00000             0.00000             0.00000             0.00000             0.00000             0.00000       1       6
