   10000       2       1       2       1       2       1      11     535       6       6       0     535      36                  23                   4             2.30435             0.20949             1.76190             0.45455           973.85929             2.89598             2.36364       0       0
   10000       2       1       2       1       2       1      11     535       6       6       1     519      35                  23                   4             2.26087             0.20553             1.76190             0.45455           973.87466             2.89598             2.36364       5       6
   10000       2       1       2       1       2       1      11     535       6       6       2     503      34                  23                   4             2.26087             0.20553             1.76190             0.45455           973.85099             2.89598             2.36364       6       2
   10000       2       1       2       1       2       1      11     535       6       6       3     483      33                  23                   4             2.26087             0.20553             1.76190             0.45455           973.87961             2.89598             2.36364       3       4
   10000       2       1       2       1       2       1      11     535       6       6       4     463      32                  24                   4             2.20833             0.19203             1.76190             0.43478           932.01558             2.88736             2.21739       3       2
   10000       2       1       2       1       2       1      11     535       6       6       5     449      31                  24                   4             2.20833             0.19203             1.76190             0.43478           931.99509             2.88736             2.21739       2       6
   10000       2       1       2       1       2       1      11     535       6       6       6     436      30                  24                   4             2.20833             0.19203             1.76190             0.43478           932.00005             2.88736             2.21739       6       5
   10000       2       1       2       1       2       1      11     535       6       6       7     422      29                  24                   4             2.20833             0.19203             1.76190             0.43478           931.95496             2.88736             2.21739       4       5
   10000       2       1       2       1       2       1      11     535       6       6       8     404      28                  24                   4             2.20833             0.19203             1.76190             0.43478           931.97560             2.88736             2.21739       3       6
   10000       2       1       2       1       2       1      11     535       6       6       9     389      27                  24                   4             2.20833             0.19203             1.76190             0.43478           931.99120             2.88736             2.21739       4       3
   10000       2       1       2       1       2       1      11     535       6       6      10     377      26                  24                   4             2.20833             0.19203             1.76190             0.43478           931.97416             2.88736             2.21739       5       4
   10000       2       1       2       1       2       1      11     535       6       6      11     367      25                  24                   4             2.20833             0.19203             1.76190             0.43478           931.99450             2.88736             2.21739       5       2
   10000       2       1       2       1       2       1      11     535       6       6      12     348      24                  24                   4             2.20833             0.19203             1.76190             0.43478           931.99921             2.88736             2.21739       5       3
   10000       2       1       2       1       2       1      11     535       6       6      13     337      23                  24                   4             2.20833             0.19203             1.76190             0.43478           933.17315             2.88736             2.08696       4       1
   10000       2       1       2       1       2       1      11     535       6       6      14     319      22                  24                   4             2.20833             0.19203             1.76190             0.43478           933.18007             2.88736             2.08696       2       4
   10000       2       1       2       1       2       1      11     535       6       6      15     305      21                  25                   4             2.28000             0.19000             1.77273             0.41667           898.12351             2.92050             2.08333       1       5
   10000       2       1       2       1       2       1      11     535       6       6      16     287      20                  25                   4             2.36000             0.19667             1.78261             0.37500           897.15617             2.92050             2.08333       3       3
   10000       2       1       2       1       2       1      11     535       6       6      17     274      19                  25                   4             2.36000             0.19667             1.78261             0.37500           897.07463             2.92050             2.08333       5       1
   10000       2       1       2       1       2       1      11     535       6       6      18     258      18                  25                   4             2.36000             0.19667             1.78261             0.37500           897.03804             2.92050             2.08333       6       3
   10000       2       1       2       1       2       1      11     535       6       6      19     245      17                  25                   4             2.36000             0.19667             1.78261             0.37500           897.01670             2.92050             2.08333       3       5
   10000       2       1       2       1       2       1      11     535       6       6      20     226      16                  25                   4             2.36000             0.19667             1.78261             0.37500           897.02067             2.92050             2.08333       4       4
   10000       2       1       2       1       2       1      11     535       6       6      21     215      15                  25                   4             2.36000             0.19667             1.78261             0.37500           896.99276             2.92050             2.08333       1       4
   10000       2       1       2       1       2       1      11     535       6       6      22     196      14                  25                   4             2.36000             0.19667             1.78261             0.37500           897.02296             2.92050             2.08333       4       2
   10000       2       1       2       1       2       1      11     535       6       6      23     179      13                  25                   4             2.36000             0.19667             1.78261             0.37500           897.00605             2.92050             2.08333       2       5
   10000       2       1       2       1       2       1      11     535       6       6      24     166      12                  23                   4             2.52174             0.22925             1.77273             0.40909           978.67831             2.96605             1.90909       3       1
   10000       2       1       2       1       2       1      11     535       6       6      25     150      11                  23                   4             2.47826             0.22530             1.77273             0.40909           978.70813             2.96605             1.90909       6       6
   10000       2       1       2       1       2       1      11     535       6       6      26     135      10                  23                   4             2.47826             0.22530             1.77273             0.40909           978.73737             2.96605             1.90909       6       4
   10000       2       1       2       1       2       1      11     535       6       6      27     120       9                  23                   4             2.47826             0.22530             1.77273             0.40909           978.69110             2.96605             1.90909       4       6
   10000       2       1       2       1       2       1      11     535       6       6      28     105       8                  23                   4             2.47826             0.22530             1.77273             0.40909           978.64770             2.96605             1.90909       5       5
   10000       2       1       2       1       2       1      11     535       6       6      29      92       7                  23                   4             2.47826             0.22530             1.77273             0.40909           978.57695             2.96605             1.90909       6       1
   10000       2       1       2       1       2       1      11     535       6       6      30      83       6                  23                   4             2.47826             0.22530             1.77273             0.40909           978.53039             2.96605             1.90909       1       6
