1462.00000   4.85014   2.00000   1.00000   0.00000   1.00000   0.00000   0.00000   0.00000   0.00000
2467.00000   3.68424   2.00000   1.00000   0.00000   1.00000   0.00000   0.00000   0.00000   0.00000
3491.00000   3.43314   1.50000   1.00000   1.00000   2.00000   0.00000   1.00000   1.00000   1.00000
4224.00000   3.69854   1.50000   1.00000   1.00000   2.00000   0.00000   1.00000   2.00000   1.00000
5128.00000   3.94481   3.00000   1.00000   0.00000   1.00000   0.00000   0.00000   0.00000   0.00000
5751.00000   4.85698   2.00000   1.00000   0.00000   1.00000   0.00000   0.00000   0.00000   0.00000
5945.00000   4.42927   3.00000   1.00000   0.00000   1.00000   0.00000   0.00000   0.00000   0.00000
6158.00000   3.11173   2.00000   1.00000   1.00000   2.00000   0.00000   1.00000   1.00000   1.00000
6835.00000   4.17222   2.00000   1.00000   0.00000   1.00000   0.00000   0.00000   0.00000   0.00000
6904.00000   3.86691   1.50000   1.00000   1.00000   2.00000   0.00000   1.00000   1.00000   1.00000
6973.00000   4.35698   2.00000   1.00000   0.00000   1.00000   0.00000   0.00000   0.00000   0.00000
7059.00000   4.48408   1.00000   1.00000   0.00000   1.00000   0.00000   0.00000   0.00000   0.00000
7166.00000   5.49514   2.00000   1.00000   0.00000   1.00000   0.00000   0.00000   0.00000   0.00000
7186.00000   3.46054   1.00000   1.00000   0.00000   1.00000   0.00000   0.00000   0.00000   0.00000
7201.00000   5.19965   1.50000   1.00000   1.00000   2.00000   0.00000   1.00000   1.00000   1.00000
8802.00000   5.02488   1.50000   1.00000   1.00000   2.00000   0.00000   1.00000   1.00000   1.00000
8845.00000   4.17239   2.25000   1.00000   1.00000   4.00000   0.00000   1.00000   3.00000   1.00000
8880.00000   4.15574   1.50000   1.00000   1.00000   2.00000   0.00000   1.00000   2.00000   1.00000
9012.00000   3.39501   1.00000   1.00000   0.00000   1.00000   0.00000   0.00000   0.00000   0.00000
9094.00000   5.05958   3.00000   1.00000   0.00000   1.00000   0.00000   0.00000   0.00000   0.00000
9387.00000   3.90385   1.50000   1.00000   1.00000   2.00000   0.00000   1.00000   1.00000   1.00000
9461.00000   4.47764   1.00000   1.00000   1.00000   2.00000   0.00000   1.00000   1.00000   1.00000
9512.00000   3.05770   0.50000   1.00000   1.00000   2.00000   0.00000   1.00000   1.00000   1.00000
9548.00000   3.66102   1.50000   1.00000   1.00000   4.00000   0.00000   1.00000   3.00000   1.00000
9776.00000   3.88542   1.00000   1.00000   0.00000   1.00000   0.00000   0.00000   0.00000   0.00000
9823.00000   3.90383   1.00000   1.00000   0.00000   1.00000   0.00000   0.00000   0.00000   0.00000
9865.00000   2.88650   0.50000   1.00000   1.00000   2.00000   0.00000   1.00000   1.00000   1.00000
3329.00000   5.17806   2.00000   0.00000   1.00000   1.00000   0.00000   1.00000   2.00000   1.00000
7071.00000   4.49511   1.00000   0.00000   1.00000   1.00000   0.00000   1.00000   1.00000   1.00000
8663.00000   4.43463   2.00000   0.00000   1.00000   1.00000   0.00000   1.00000   2.00000   1.00000
8779.00000   3.16627   1.00000   0.00000   1.00000   1.00000   0.00000   1.00000   1.00000   1.00000
8970.00000   4.52543   2.00000   0.00000   1.00000   1.00000   0.00000   1.00000   2.00000   1.00000
9076.00000   2.69811   2.50000   0.00000   1.00000   2.00000   0.00000   1.00000   1.00000   2.00000
9124.00000   2.60263   1.00000   0.00000   1.00000   1.00000   0.00000   1.00000   1.00000   1.00000
9135.00000   2.33298   3.00000   0.00000   1.00000   1.00000   0.00000   1.00000   3.00000   1.00000
9579.00000   4.92322   2.00000   0.00000   1.00000   1.00000   0.00000   1.00000   2.00000   1.00000
9595.00000   3.22528   1.00000   0.00000   1.00000   1.00000   0.00000   1.00000   1.00000   1.00000
9738.00000   2.90085   1.00000   0.00000   1.00000   1.00000   0.00000   1.00000   1.00000   1.00000
9887.00000   4.61421   1.00000   0.00000   1.00000   1.00000   0.00000   1.00000   1.00000   1.00000
9952.00000   2.61390   0.50000   0.00000   1.00000   2.00000   0.00000   0.00000   0.00000   0.00000
5947.00000   2.67257   1.00000   0.00000   1.00000   1.00000   0.00000   1.00000   1.00000   1.00000
6853.00000   3.34170   1.00000   0.00000   1.00000   1.00000   0.00000   1.00000   1.00000   1.00000
7839.00000   4.91284   2.00000   0.00000   1.00000   1.00000   0.00000   1.00000   2.00000   1.00000
7954.00000   4.01242   2.00000   0.00000   1.00000   1.00000   0.00000   1.00000   2.00000   1.00000
8008.00000   4.78859   4.00000   0.00000   1.00000   1.00000   0.00000   1.00000   4.00000   1.00000
8110.00000   3.93486   3.00000   0.00000   1.00000   1.00000   0.00000   1.00000   3.00000   1.00000
8883.00000   4.40887   1.00000   0.00000   1.00000   1.00000   0.00000   1.00000   1.00000   1.00000
9526.00000   4.54340   2.00000   0.00000   1.00000   1.00000   0.00000   1.00000   2.00000   1.00000
9580.00000   4.73426   2.00000   0.00000   1.00000   1.00000   0.00000   1.00000   2.00000   1.00000
9604.00000   5.62867   2.00000   0.00000   1.00000   1.00000   0.00000   1.00000   2.00000   1.00000
9740.00000   5.09967   2.00000   0.00000   1.00000   1.00000   0.00000   1.00000   2.00000   1.00000
9747.00000   4.81971   1.00000   0.00000   1.00000   1.00000   0.00000   1.00000   1.00000   1.00000
9918.00000   4.27781   0.00000   0.00000   1.00000   1.00000   0.00000   1.00000   0.00000   1.00000
9988.00000   3.48823   1.00000   0.00000   1.00000   1.00000   0.00000   1.00000   1.00000   1.00000
2828.00000   6.20954   3.00000   0.00000   1.00000   1.00000   0.00000   1.00000   3.00000   1.00000
2985.00000   5.14290   2.00000   0.00000   1.00000   1.00000   0.00000   1.00000   2.00000   1.00000
8097.00000   4.28295   1.00000   0.00000   1.00000   1.00000   0.00000   1.00000   1.00000   1.00000
8281.00000   3.99693   1.00000   0.00000   1.00000   1.00000   0.00000   1.00000   1.00000   1.00000
8635.00000   6.14279   2.00000   0.00000   1.00000   1.00000   0.00000   1.00000   2.00000   1.00000
8640.00000   7.16283   2.00000   0.00000   1.00000   1.00000   0.00000   0.00000   0.00000   0.00000
8661.00000   3.29120   2.00000   0.00000   1.00000   1.00000   0.00000   1.00000   2.00000   1.00000
8734.00000   3.69935   3.00000   0.00000   1.00000   1.00000   0.00000   1.00000   3.00000   1.00000
8766.00000   3.66631   1.00000   0.00000   1.00000   1.00000   0.00000   1.00000   1.00000   1.00000
8847.00000   5.65038   2.00000   0.00000   1.00000   1.00000   0.00000   1.00000   2.00000   1.00000
8920.00000   8.52471   2.00000   0.00000   1.00000   1.00000   0.00000   1.00000   2.00000   1.00000
8942.00000   3.41283   1.00000   0.00000   1.00000   1.00000   0.00000   1.00000   1.00000   1.00000
9242.00000   2.21767   3.00000   0.00000   1.00000   1.00000   0.00000   1.00000   3.50000   2.00000
9362.00000   5.50974   2.00000   0.00000   1.00000   1.00000   0.00000   1.00000   2.00000   1.00000
9610.00000   3.01897   1.00000   0.00000   1.00000   1.00000   0.00000   1.00000   1.00000   1.00000
9768.00000   4.58560   1.00000   0.00000   1.00000   1.00000   0.00000   1.00000   1.00000   1.00000
9884.00000   6.14186   2.00000   0.00000   1.00000   1.00000   0.00000   1.00000   2.00000   1.00000
9924.00000   3.76580   2.00000   0.00000   1.00000   1.00000   0.00000   1.00000   2.00000   1.00000
