2294.00000   3.73640   2.00000   1.00000   0.00000   1.00000   0.00000   0.00000   0.00000   0.00000
3508.00000   7.64944   2.00000   1.00000   0.00000   1.00000   0.00000   0.00000   0.00000   0.00000
5662.00000   4.36179   2.00000   1.00000   0.00000   1.00000   0.00000   0.00000   0.00000   0.00000
5701.00000   2.58089   1.00000   1.00000   0.00000   1.00000   0.00000   0.00000   0.00000   0.00000
7284.00000   3.99503   2.00000   1.00000   0.00000   1.00000   0.00000   0.00000   0.00000   0.00000
7457.00000   3.32281   1.50000   1.00000   1.00000   2.00000   0.00000   1.00000   1.00000   1.00000
7651.00000   4.40755   2.00000   1.00000   0.00000   1.00000   0.00000   0.00000   0.00000   0.00000
7782.00000   2.49472   1.00000   1.00000   1.00000   2.00000   1.00000   1.00000   1.00000   2.00000
8239.00000   3.51102   3.00000   1.00000   0.00000   1.00000   0.00000   0.00000   0.00000   0.00000
8281.00000   2.93951   1.00000   1.00000   0.00000   1.00000   0.00000   0.00000   0.00000   0.00000
8604.00000   3.93407   1.50000   1.00000   1.00000   2.00000   0.00000   0.00000   0.00000   0.00000
8612.00000   2.69385   1.00000   1.00000   0.00000   1.00000   0.00000   0.00000   0.00000   0.00000
8619.00000   3.94583   2.00000   1.00000   1.00000   2.00000   1.00000   1.00000   1.00000   2.00000
8764.00000   2.82022   1.50000   1.00000   1.00000   2.00000   0.00000   0.00000   0.00000   0.00000
8773.00000   2.70517   1.00000   1.00000   1.00000   2.00000   1.00000   1.00000   1.40000   5.00000
8972.00000   3.14430   1.00000   1.00000   0.00000   1.00000   0.00000   0.00000   0.00000   0.00000
9067.00000   3.14129   1.00000   1.00000   0.00000   1.00000   0.00000   0.00000   0.00000   0.00000
9080.00000   5.17135   2.00000   1.00000   0.00000   1.00000   0.00000   0.00000   0.00000   0.00000
9113.00000   2.73331   1.00000   1.00000   0.00000   1.00000   0.00000   0.00000   0.00000   0.00000
9131.00000   3.07434   1.00000   1.00000   0.00000   1.00000   0.00000   0.00000   0.00000   0.00000
9303.00000   2.70258   1.00000   1.00000   1.00000   2.00000   1.00000   1.00000   1.60000   5.00000
9779.00000   3.30961   1.00000   1.00000   0.00000   1.00000   0.00000   0.00000   0.00000   0.00000
9854.00000   3.07135   1.00000   1.00000   0.00000   1.00000   0.00000   0.00000   0.00000   0.00000
9888.00000   3.63877   1.00000   1.00000   0.00000   1.00000   0.00000   0.00000   0.00000   0.00000
9904.00000   2.63884   0.50000   1.00000   1.00000   2.00000   1.00000   1.00000   1.50000   2.00000
4581.00000   2.93016   1.00000   0.00000   1.00000   1.00000   0.00000   0.00000   0.00000   0.00000
4981.00000   4.12561   3.00000   0.00000   1.00000   1.00000   0.00000   1.00000   2.00000   1.00000
5398.00000   3.06140   1.00000   0.00000   1.00000   1.00000   0.00000   1.00000   1.00000   1.00000
5553.00000   2.47307   1.00000   0.00000   1.00000   1.00000   0.00000   1.00000   1.00000   1.00000
5816.00000   2.83503   1.00000   0.00000   1.00000   1.00000   0.00000   1.00000   1.00000   1.00000
7005.00000   4.63732   1.00000   0.00000   1.00000   1.00000   0.00000   0.00000   0.00000   0.00000
7518.00000   5.67983   2.00000   0.00000   1.00000   1.00000   0.00000   1.00000   2.00000   1.00000
7942.00000   2.69561   2.00000   0.00000   1.00000   1.00000   0.00000   0.00000   0.00000   0.00000
8083.00000   2.52169   2.00000   0.00000   1.00000   1.00000   0.00000   1.00000   1.00000   1.00000
8293.00000   2.64145   1.50000   0.00000   1.00000   2.00000   0.00000   1.00000   1.50000   2.00000
8565.00000   3.57638   2.50000   0.00000   1.00000   2.00000   0.00000   1.00000   2.50000   2.00000
8975.00000   2.93507   0.50000   0.00000   1.00000   2.00000   0.00000   1.00000   0.50000   2.00000
9147.00000   5.99816   2.00000   0.00000   1.00000   1.00000   0.00000   0.00000   0.00000   0.00000
9451.00000   4.16532   2.00000   0.00000   1.00000   2.00000   0.00000   1.00000   2.00000   2.00000
9527.00000   2.74063   2.00000   0.00000   1.00000   2.00000   0.00000   1.00000   2.00000   2.00000
9562.00000   3.49080   0.50000   0.00000   1.00000   2.00000   0.00000   1.00000   2.00000   2.00000
9622.00000   2.48034   1.00000   0.00000   1.00000   1.00000   0.00000   1.00000   1.00000   1.00000
5482.00000   2.68038   1.00000   0.00000   1.00000   1.00000   0.00000   1.00000   1.00000   1.00000
5803.00000   2.74085   1.00000   0.00000   1.00000   1.00000   0.00000   1.00000   1.00000   1.00000
6019.00000   3.64389   1.00000   0.00000   1.00000   1.00000   0.00000   1.00000   1.00000   1.00000
6068.00000   2.86250   1.00000   0.00000   1.00000   1.00000   0.00000   1.00000   1.00000   1.00000
6312.00000   3.63182   2.00000   0.00000   1.00000   1.00000   0.00000   1.00000   2.00000   1.00000
6536.00000   4.40308   2.00000   0.00000   1.00000   1.00000   0.00000   1.00000   2.00000   1.00000
6903.00000   3.89358   1.00000   0.00000   1.00000   1.00000   0.00000   1.00000   1.00000   1.00000
7435.00000   3.22483   2.00000   0.00000   1.00000   1.00000   0.00000   1.00000   2.00000   1.00000
7698.00000   4.02922   3.00000   0.00000   1.00000   1.00000   0.00000   1.00000   3.00000   1.00000
8166.00000   2.20609   1.00000   0.00000   1.00000   1.00000   0.00000   1.00000   1.00000   1.00000
8751.00000   5.18882   2.00000   0.00000   1.00000   1.00000   0.00000   1.00000   2.00000   1.00000
8828.00000   2.13910   1.00000   0.00000   1.00000   1.00000   0.00000   1.00000   1.00000   1.00000
9298.00000   2.68306   2.00000   0.00000   1.00000   1.00000   0.00000   1.00000   3.00000   1.00000
9299.00000   2.45392   2.50000   0.00000   1.00000   2.00000   0.00000   1.00000   1.50000   2.00000
9422.00000   3.21042   3.00000   0.00000   1.00000   1.00000   0.00000   0.00000   0.00000   0.00000
9611.00000   2.92378   2.00000   0.00000   1.00000   1.00000   0.00000   1.00000   2.00000   1.00000
9650.00000   2.47636   2.00000   0.00000   1.00000   1.00000   0.00000   1.00000   2.00000   1.00000
9709.00000   3.28025   2.00000   0.00000   1.00000   1.00000   0.00000   1.00000   2.00000   1.00000
9728.00000   3.42358   3.00000   0.00000   1.00000   1.00000   0.00000   1.00000   1.00000   1.00000
9776.00000   2.19399   1.00000   0.00000   1.00000   1.00000   1.00000   1.00000   1.50000   2.00000
2885.00000   3.57281   3.00000   0.00000   1.00000   1.00000   0.00000   1.00000   3.00000   1.00000
3305.00000   5.07333   3.00000   0.00000   1.00000   1.00000   0.00000   1.00000   3.00000   1.00000
4752.00000   3.26371   2.00000   0.00000   1.00000   1.00000   0.00000   1.00000   2.00000   1.00000
7102.00000   3.16467   1.00000   0.00000   1.00000   1.00000   0.00000   1.00000   1.00000   1.00000
7728.00000   2.64851   2.00000   0.00000   1.00000   1.00000   0.00000   1.00000   2.00000   1.00000
7886.00000   3.78817   2.50000   0.00000   1.00000   2.00000   0.00000   1.00000   2.50000   2.00000
8104.00000   3.31566   2.00000   0.00000   1.00000   1.00000   0.00000   1.00000   2.00000   1.00000
8385.00000   3.36563   1.00000   0.00000   1.00000   1.00000   0.00000   1.00000   1.00000   1.00000
8440.00000   2.26875   1.00000   0.00000   1.00000   1.00000   1.00000   1.00000   1.60000   5.00000
8493.00000   2.77651   1.00000   0.00000   1.00000   1.00000   0.00000   1.00000   1.00000   1.00000
8662.00000   2.63687   3.00000   0.00000   1.00000   1.00000   0.00000   1.00000   3.00000   1.00000
8853.00000   5.37444   2.00000   0.00000   1.00000   1.00000   0.00000   1.00000   2.00000   1.00000
8922.00000   3.32448   2.00000   0.00000   1.00000   2.00000   0.00000   1.00000   2.00000   2.00000
9210.00000   3.15635   1.50000   0.00000   1.00000   2.00000   0.00000   1.00000   1.50000   2.00000
9427.00000   3.44614   4.00000   0.00000   1.00000   1.00000   0.00000   1.00000   4.00000   1.00000
9655.00000   2.62040   2.00000   0.00000   1.00000   1.00000   0.00000   1.00000   2.00000   1.00000
9662.00000   3.56742   2.00000   0.00000   1.00000   1.00000   0.00000   1.00000   2.00000   1.00000
9755.00000   2.64503   1.00000   0.00000   1.00000   1.00000   0.00000   0.00000   0.00000   0.00000
9797.00000   2.43018   2.00000   0.00000   1.00000   1.00000   0.00000   1.00000   2.00000   1.00000
9997.00000   5.69183   2.00000   0.00000   1.00000   1.00000   0.00000   1.00000   2.00000   1.00000
4228.00000   3.47948   2.00000   0.00000   1.00000   1.00000   0.00000   1.00000   2.00000   1.00000
5483.00000   3.66602   1.00000   0.00000   1.00000   1.00000   0.00000   1.00000   1.00000   1.00000
7207.00000   5.12972   1.00000   0.00000   1.00000   1.00000   0.00000   1.00000   1.00000   1.00000
8220.00000   3.22921   3.00000   0.00000   1.00000   1.00000   0.00000   1.00000   2.00000   1.00000
8447.00000   3.81179   1.00000   0.00000   1.00000   1.00000   0.00000   1.00000   1.00000   1.00000
8504.00000   3.25044   2.00000   0.00000   1.00000   1.00000   0.00000   0.00000   0.00000   0.00000
8727.00000   6.98753   2.00000   0.00000   1.00000   1.00000   0.00000   1.00000   2.00000   1.00000
9026.00000   4.25294   1.00000   0.00000   1.00000   1.00000   0.00000   1.00000   1.00000   1.00000
9091.00000   3.90204   1.00000   0.00000   1.00000   1.00000   1.00000   1.00000   1.50000   2.00000
9297.00000   4.74371   1.00000   0.00000   1.00000   1.00000   0.00000   1.00000   1.00000   1.00000
9538.00000   2.83932   1.00000   0.00000   1.00000   1.00000   0.00000   1.00000   1.00000   1.00000
9874.00000   3.67457   1.00000   0.00000   1.00000   1.00000   0.00000   1.00000   1.00000   1.00000
9886.00000   3.77048   1.00000   0.00000   1.00000   1.00000   0.00000   1.00000   1.00000   1.00000
