8548.00000   4.98073   1.75000   1.00000   1.00000   4.00000   0.00000   1.00000   3.00000   1.00000
8817.00000   3.11779   2.00000   1.00000   1.00000   2.00000   0.00000   1.00000   1.00000   1.00000
9182.00000   2.87227   2.00000   1.00000   1.00000   2.00000   0.00000   1.00000   2.00000   2.00000
9211.00000   2.39583   2.00000   1.00000   0.00000   1.00000   0.00000   1.00000   4.00000   1.00000
9225.00000   2.59608   1.50000   1.00000   1.00000   2.00000   0.00000   1.00000   1.00000   1.00000
9267.00000   5.03968   1.00000   1.00000   0.00000   1.00000   0.00000   1.00000   1.50000   2.00000
9410.00000   4.89720   1.25000   1.00000   1.00000   4.00000   0.00000   0.00000   0.00000   0.00000
9445.00000   4.56104   1.00000   1.00000   1.00000   2.00000   0.00000   1.00000   2.00000   3.00000
9492.00000   2.18018   0.50000   1.00000   1.00000   2.00000   0.00000   1.00000   1.00000   1.00000
9542.00000   4.95531   1.75000   1.00000   1.00000   4.00000   0.00000   1.00000   3.50000   2.00000
9554.00000   4.83935   1.50000   1.00000   1.00000   2.00000   0.00000   0.00000   0.00000   0.00000
9579.00000   3.16517   2.00000   1.00000   1.00000   2.00000   0.00000   1.00000   2.00000   2.00000
9601.00000   4.49373   1.50000   1.00000   1.00000   2.00000   0.00000   1.00000   1.50000   2.00000
9650.00000   4.18469   1.00000   1.00000   0.00000   1.00000   0.00000   0.00000   0.00000   0.00000
9787.00000   2.72862   1.00000   1.00000   1.00000   2.00000   0.00000   1.00000   1.00000   1.00000
9959.00000   3.06271   1.00000   1.00000   1.00000   2.00000   0.00000   1.00000   2.00000   2.00000
9968.00000   2.48278   1.50000   1.00000   1.00000   2.00000   0.00000   1.00000   1.00000   2.00000
5984.00000   2.40335   2.00000   0.00000   1.00000   1.00000   0.00000   1.00000   2.00000   1.00000
6544.00000   8.65764   3.00000   0.00000   1.00000   1.00000   0.00000   0.00000   0.00000   0.00000
7379.00000   2.31783   3.00000   0.00000   1.00000   1.00000   0.00000   0.00000   0.00000   0.00000
7548.00000   3.97408   2.00000   0.00000   1.00000   1.00000   0.00000   1.00000   2.00000   1.00000
8411.00000   2.25068   1.50000   0.00000   1.00000   2.00000   0.00000   1.00000   1.00000   2.00000
8701.00000   5.41976   2.00000   0.00000   1.00000   1.00000   0.00000   1.00000   2.00000   1.00000
8754.00000   3.66470   2.00000   0.00000   1.00000   1.00000   0.00000   1.00000   2.00000   1.00000
8937.00000   2.77211   3.00000   0.00000   1.00000   1.00000   0.00000   0.00000   0.00000   0.00000
8983.00000   2.49320   1.00000   0.00000   1.00000   1.00000   0.00000   1.00000   1.00000   1.00000
9010.00000   2.41880   1.00000   0.00000   1.00000   1.00000   0.00000   1.00000   1.00000   1.00000
9044.00000   3.32540   2.00000   0.00000   1.00000   2.00000   0.00000   1.00000   2.50000   2.00000
9046.00000   2.79141   2.00000   0.00000   1.00000   2.00000   0.00000   1.00000   2.00000   2.00000
9497.00000   2.77472   3.00000   0.00000   1.00000   1.00000   0.00000   0.00000   0.00000   0.00000
9557.00000   2.98471   1.00000   0.00000   1.00000   1.00000   0.00000   1.00000   1.00000   1.00000
9916.00000   2.56823   2.00000   0.00000   1.00000   2.00000   0.00000   1.00000   2.00000   2.00000
5724.00000   4.11209   1.00000   0.00000   1.00000   1.00000   0.00000   1.00000   1.00000   1.00000
6088.00000   4.83316   2.00000   0.00000   1.00000   1.00000   0.00000   1.00000   3.00000   1.00000
6156.00000   6.02237   2.00000   0.00000   1.00000   1.00000   0.00000   1.00000   2.00000   1.00000
7137.00000   3.44284   2.00000   0.00000   1.00000   1.00000   0.00000   1.00000   2.00000   1.00000
7376.00000   4.01342   2.00000   0.00000   1.00000   1.00000   0.00000   1.00000   2.00000   1.00000
7950.00000   2.53949   3.00000   0.00000   1.00000   1.00000   0.00000   1.00000   3.00000   1.00000
8024.00000   6.45030   3.00000   0.00000   1.00000   1.00000   0.00000   1.00000   3.00000   1.00000
9180.00000   3.38367   2.00000   0.00000   1.00000   1.00000   0.00000   1.00000   2.00000   1.00000
9344.00000   2.91878   1.00000   0.00000   1.00000   1.00000   0.00000   1.00000   1.00000   1.00000
9461.00000   6.07899   2.00000   0.00000   1.00000   1.00000   0.00000   1.00000   2.00000   1.00000
9761.00000   3.44018   1.00000   0.00000   1.00000   1.00000   0.00000   1.00000   1.00000   1.00000
9816.00000   5.44135   1.00000   0.00000   1.00000   1.00000   0.00000   1.00000   1.00000   1.00000
9998.00000   3.20764   1.00000   0.00000   1.00000   1.00000   0.00000   1.00000   1.00000   1.00000
3532.00000   7.03201   2.00000   0.00000   1.00000   1.00000   0.00000   1.00000   2.00000   1.00000
3803.00000   7.91697   2.00000   0.00000   1.00000   1.00000   0.00000   1.00000   2.00000   1.00000
6148.00000   6.71779   2.00000   0.00000   1.00000   1.00000   0.00000   1.00000   2.00000   1.00000
6323.00000   4.15341   1.00000   0.00000   1.00000   1.00000   0.00000   1.00000   1.00000   1.00000
6696.00000   8.01767   3.00000   0.00000   1.00000   1.00000   0.00000   1.00000   3.00000   1.00000
7966.00000   2.82528   1.00000   0.00000   1.00000   1.00000   0.00000   0.00000   0.00000   0.00000
8916.00000   3.19836   2.00000   0.00000   1.00000   1.00000   0.00000   1.00000   2.00000   1.00000
9195.00000   3.10400   2.00000   0.00000   1.00000   1.00000   0.00000   1.00000   4.00000   1.00000
9924.00000   3.55791   1.00000   0.00000   1.00000   1.00000   0.00000   0.00000   0.00000   0.00000
