3874.00000   4.67528   2.00000   1.00000   0.00000   1.00000   0.00000   0.00000   0.00000   0.00000
7229.00000   4.87776   1.00000   1.00000   0.00000   1.00000   0.00000   0.00000   0.00000   0.00000
8083.00000   4.41651   1.00000   1.00000   0.00000   1.00000   0.00000   0.00000   0.00000   0.00000
8207.00000   5.14850   2.00000   1.00000   0.00000   1.00000   0.00000   0.00000   0.00000   0.00000
8229.00000   3.73263   1.50000   1.00000   1.00000   2.00000   0.00000   1.00000   1.00000   1.00000
8388.00000   4.02670   2.25000   1.00000   1.00000   4.00000   0.00000   1.00000   3.00000   1.00000
8493.00000   3.70876   1.50000   1.00000   1.00000   2.00000   0.00000   1.00000   1.00000   1.00000
8640.00000   3.78373   1.50000   1.00000   1.00000   2.00000   0.00000   1.00000   1.00000   1.00000
8896.00000   3.77532   2.25000   1.00000   1.00000   4.00000   0.00000   0.00000   0.00000   0.00000
8947.00000   3.33583   1.50000   1.00000   1.00000   2.00000   0.00000   1.00000   1.00000   1.00000
9185.00000   3.45877   1.00000   1.00000   1.00000   2.00000   0.00000   1.00000   1.00000   1.00000
9668.00000   3.39112   1.00000   1.00000   0.00000   1.00000   0.00000   0.00000   0.00000   0.00000
9692.00000   4.44105   1.00000   1.00000   0.00000   1.00000   0.00000   0.00000   0.00000   0.00000
9715.00000   3.29730   2.00000   1.00000   1.00000   2.00000   0.00000   1.00000   1.00000   1.00000
9762.00000   3.75310   1.00000   1.00000   1.00000   2.00000   0.00000   1.00000   1.00000   1.00000
9846.00000   4.39515   1.00000   1.00000   1.00000   2.00000   0.00000   1.00000   1.00000   1.00000
9874.00000   3.29264   1.50000   1.00000   1.00000   2.00000   0.00000   1.00000   1.00000   1.00000
9885.00000   4.88600   1.00000   1.00000   1.00000   2.00000   0.00000   1.00000   1.00000   1.00000
9929.00000   4.10883   2.00000   1.00000   0.00000   1.00000   0.00000   0.00000   0.00000   0.00000
9940.00000   4.22462   1.00000   1.00000   0.00000   1.00000   0.00000   0.00000   0.00000   0.00000
2901.00000   4.02777   2.00000   0.00000   1.00000   1.00000   0.00000   1.00000   2.00000   1.00000
4671.00000   3.37109   2.00000   0.00000   1.00000   1.00000   0.00000   1.00000   2.00000   1.00000
5111.00000   3.01443   2.00000   0.00000   1.00000   1.00000   0.00000   1.00000   2.00000   1.00000
5648.00000   3.25298   3.00000   0.00000   1.00000   1.00000   0.00000   1.00000   3.00000   1.00000
7041.00000   4.54918   2.00000   0.00000   1.00000   1.00000   0.00000   1.00000   2.00000   1.00000
7510.00000   3.65744   2.00000   0.00000   1.00000   1.00000   0.00000   1.00000   2.00000   1.00000
8426.00000   5.78322   3.00000   0.00000   1.00000   1.00000   0.00000   1.00000   3.00000   1.00000
9034.00000   5.09808   1.00000   0.00000   1.00000   1.00000   0.00000   1.00000   1.00000   1.00000
9458.00000   3.43807   1.00000   0.00000   1.00000   1.00000   0.00000   1.00000   1.00000   1.00000
9967.00000   2.98231   0.00000   0.00000   1.00000   1.00000   0.00000   1.00000   0.00000   1.00000
3931.00000   8.68100   2.00000   0.00000   1.00000   1.00000   0.00000   1.00000   2.00000   1.00000
5844.00000   8.11329   2.00000   0.00000   1.00000   1.00000   0.00000   1.00000   2.00000   1.00000
6129.00000   5.22257   2.00000   0.00000   1.00000   1.00000   0.00000   1.00000   2.00000   1.00000
6978.00000   6.63947   2.00000   0.00000   1.00000   1.00000   0.00000   1.00000   2.00000   1.00000
7291.00000   2.52846   3.00000   0.00000   1.00000   1.00000   0.00000   0.00000   0.00000   0.00000
7296.00000   5.23363   2.00000   0.00000   1.00000   1.00000   0.00000   1.00000   2.00000   1.00000
7425.00000   4.71506   3.00000   0.00000   1.00000   1.00000   0.00000   1.00000   3.00000   1.00000
8245.00000   4.17294   1.00000   0.00000   1.00000   1.00000   0.00000   1.00000   1.00000   1.00000
8377.00000   2.98231   1.00000   0.00000   1.00000   1.00000   0.00000   1.00000   1.00000   1.00000
8502.00000   6.30328   3.00000   0.00000   1.00000   1.00000   0.00000   1.00000   3.00000   1.00000
8661.00000   5.31777   2.00000   0.00000   1.00000   2.00000   0.00000   1.00000   2.00000   2.00000
9658.00000   3.41708   1.00000   0.00000   1.00000   1.00000   0.00000   1.00000   1.00000   1.00000
9721.00000   7.02519   2.00000   0.00000   1.00000   1.00000   0.00000   1.00000   2.00000   1.00000
9774.00000   2.59652   1.00000   0.00000   1.00000   1.00000   0.00000   1.00000   1.00000   1.00000
9939.00000   2.17978   2.00000   0.00000   1.00000   1.00000   0.00000   1.00000   2.00000   1.00000
9944.00000   5.16217   2.00000   0.00000   1.00000   2.00000   0.00000   1.00000   2.00000   2.00000
2896.00000   8.95547   2.00000   0.00000   1.00000   1.00000   0.00000   1.00000   2.00000   1.00000
8055.00000   3.99459   1.00000   0.00000   1.00000   1.00000   0.00000   1.00000   1.00000   1.00000
8062.00000   4.46269   1.00000   0.00000   1.00000   1.00000   0.00000   1.00000   1.00000   1.00000
8243.00000   6.81704   2.00000   0.00000   1.00000   1.00000   0.00000   1.00000   2.00000   1.00000
8784.00000   3.82028   1.00000   0.00000   1.00000   1.00000   0.00000   1.00000   1.00000   1.00000
8830.00000   5.82198   3.00000   0.00000   1.00000   1.00000   0.00000   1.00000   3.00000   1.00000
8993.00000   3.41724   1.00000   0.00000   1.00000   1.00000   0.00000   1.00000   1.00000   1.00000
9410.00000   5.15060   2.00000   0.00000   1.00000   1.00000   0.00000   1.00000   2.00000   1.00000
9561.00000   2.76239   0.00000   0.00000   1.00000   1.00000   0.00000   1.00000   3.00000   1.00000
9581.00000   3.81418   2.00000   0.00000   1.00000   1.00000   0.00000   1.00000   2.00000   1.00000
9677.00000   7.74887   2.00000   0.00000   1.00000   1.00000   0.00000   1.00000   2.00000   1.00000
9726.00000   4.25848   3.00000   0.00000   1.00000   1.00000   0.00000   1.00000   3.00000   1.00000
9847.00000   3.73402   1.00000   0.00000   1.00000   1.00000   0.00000   1.00000   1.00000   1.00000
9879.00000   4.65792   1.00000   0.00000   1.00000   1.00000   0.00000   0.00000   0.00000   0.00000
