4014.00000   4.95689   1.00000   1.00000   0.00000   1.00000   0.00000   1.00000   1.00000   1.00000
4953.00000   4.97147   1.40000   1.00000   1.00000   5.00000   0.00000   0.00000   0.00000   0.00000
6251.00000   5.13080   1.00000   1.00000   0.00000   1.00000   0.00000   0.00000   0.00000   0.00000
6446.00000   3.30549   3.00000   1.00000   0.00000   1.00000   0.00000   1.00000   1.00000   1.00000
7522.00000   3.88925   1.00000   1.00000   0.00000   1.00000   0.00000   1.00000   2.00000   1.00000
7575.00000   4.10210   1.00000   1.00000   0.00000   1.00000   0.00000   1.00000   1.00000   1.00000
7785.00000   3.05814   3.00000   1.00000   0.00000   1.00000   0.00000   1.00000   2.00000   2.00000
7953.00000   5.88046   1.50000   1.00000   1.00000   2.00000   0.00000   1.00000   2.00000   1.00000
8064.00000   2.96410   2.00000   1.00000   0.00000   1.00000   0.00000   0.00000   0.00000   0.00000
8137.00000   5.24133   1.50000   1.00000   1.00000   2.00000   0.00000   1.00000   1.00000   1.00000
8309.00000   3.30340   0.50000   1.00000   1.00000   2.00000   0.00000   1.00000   1.00000   1.00000
8640.00000   5.76033   1.00000   1.00000   0.00000   1.00000   0.00000   1.00000   2.00000   2.00000
8782.00000   5.38016   1.00000   1.00000   0.00000   1.00000   0.00000   0.00000   0.00000   0.00000
8822.00000   2.63369   1.00000   1.00000   0.00000   1.00000   0.00000   1.00000   2.50000   2.00000
8997.00000   3.89563   1.00000   1.00000   1.00000   2.00000   0.00000   1.00000   1.00000   1.00000
9110.00000   3.63416   1.00000   1.00000   1.00000   2.00000   0.00000   1.00000   1.50000   2.00000
9132.00000   3.48000   0.50000   1.00000   1.00000   2.00000   0.00000   1.00000   2.50000   2.00000
9186.00000   3.13471   0.50000   1.00000   1.00000   2.00000   0.00000   1.00000   1.00000   1.00000
9404.00000   2.04768   1.00000   1.00000   1.00000   2.00000   0.00000   1.00000   2.00000   2.00000
9412.00000   6.84516   1.00000   1.00000   0.00000   1.00000   0.00000   1.00000   2.50000   2.00000
9478.00000   2.17609   1.50000   1.00000   1.00000   2.00000   0.00000   1.00000   1.50000   2.00000
9492.00000   5.74883   1.00000   1.00000   0.00000   1.00000   0.00000   0.00000   0.00000   0.00000
9616.00000   4.45491   1.00000   1.00000   0.00000   1.00000   0.00000   1.00000   2.50000   2.00000
9930.00000   3.18733   1.00000   1.00000   1.00000   2.00000   0.00000   1.00000   1.00000   1.00000
9933.00000   3.36238   1.50000   1.00000   1.00000   2.00000   0.00000   1.00000   1.50000   2.00000
9958.00000   2.89106   1.00000   1.00000   1.00000   5.00000   0.00000   0.00000   0.00000   0.00000
3264.00000   3.81489   3.00000   0.00000   1.00000   1.00000   0.00000   0.00000   0.00000   0.00000
5241.00000   6.51353   2.00000   0.00000   1.00000   1.00000   0.00000   1.00000   2.00000   1.00000
6575.00000   2.48082   1.00000   0.00000   1.00000   1.00000   0.00000   1.00000   1.00000   1.00000
6920.00000   8.50259   2.00000   0.00000   1.00000   1.00000   0.00000   1.00000   2.00000   1.00000
7424.00000   2.69502   1.00000   0.00000   1.00000   1.00000   0.00000   1.00000   1.00000   1.00000
7935.00000   6.86838   2.00000   0.00000   1.00000   1.00000   0.00000   1.00000   2.00000   1.00000
8334.00000   2.91504   1.00000   0.00000   1.00000   1.00000   0.00000   1.00000   1.00000   1.00000
8516.00000  10.33932   2.00000   0.00000   1.00000   2.00000   0.00000   1.00000   2.00000   2.00000
9257.00000   4.93252   2.00000   0.00000   1.00000   1.00000   0.00000   1.00000   2.00000   1.00000
9273.00000   8.62642   2.00000   0.00000   1.00000   2.00000   0.00000   1.00000   2.00000   2.00000
9413.00000  11.57929   2.00000   0.00000   1.00000   2.00000   0.00000   1.00000   3.00000   1.00000
9515.00000   9.90649   1.50000   0.00000   1.00000   2.00000   0.00000   1.00000   1.50000   2.00000
9689.00000   1.87244   1.00000   0.00000   1.00000   1.00000   0.00000   1.00000   1.00000   1.00000
9696.00000   1.92276   1.00000   0.00000   1.00000   1.00000   0.00000   1.00000   1.00000   1.00000
9818.00000   2.29228   1.00000   0.00000   1.00000   1.00000   0.00000   1.00000   1.00000   1.00000
9879.00000  10.12764   2.50000   0.00000   1.00000   2.00000   0.00000   1.00000   2.00000   2.00000
9894.00000  11.35945   2.00000   0.00000   1.00000   1.00000   0.00000   1.00000   2.00000   1.00000
2502.00000   3.89935   2.00000   0.00000   1.00000   1.00000   0.00000   1.00000   2.00000   1.00000
3013.00000   4.24272   2.00000   0.00000   1.00000   2.00000   0.00000   1.00000   2.50000   2.00000
8160.00000   4.66832   1.50000   0.00000   1.00000   2.00000   0.00000   1.00000   1.50000   2.00000
8329.00000   6.44006   2.00000   0.00000   1.00000   1.00000   0.00000   1.00000   2.00000   1.00000
8724.00000   5.29673   1.00000   0.00000   1.00000   1.00000   0.00000   1.00000   1.00000   1.00000
8803.00000   2.99188   1.00000   0.00000   1.00000   1.00000   0.00000   1.00000   1.00000   1.00000
8874.00000   3.05636   1.00000   0.00000   1.00000   1.00000   0.00000   1.00000   1.00000   1.00000
8956.00000   5.29140   1.50000   0.00000   1.00000   2.00000   0.00000   1.00000   1.50000   2.00000
9026.00000   2.34451   1.00000   0.00000   1.00000   1.00000   0.00000   1.00000   1.00000   1.00000
9061.00000   3.87408   1.50000   0.00000   1.00000   2.00000   0.00000   1.00000   1.50000   2.00000
9313.00000   3.07497   1.00000   0.00000   1.00000   1.00000   0.00000   1.00000   1.00000   1.00000
9518.00000   3.58456   1.00000   0.00000   1.00000   1.00000   0.00000   1.00000   1.00000   1.00000
9662.00000   5.35771   1.50000   0.00000   1.00000   2.00000   0.00000   0.00000   0.00000   0.00000
9729.00000   3.20225   1.00000   0.00000   1.00000   1.00000   0.00000   1.00000   1.00000   1.00000
9895.00000   3.34624   1.00000   0.00000   1.00000   1.00000   0.00000   1.00000   1.00000   1.00000
5319.00000   5.02579   2.00000   0.00000   1.00000   1.00000   0.00000   1.00000   2.00000   1.00000
5624.00000   2.45717   2.00000   0.00000   1.00000   1.00000   0.00000   1.00000   2.00000   1.00000
6375.00000   3.60513   4.00000   0.00000   1.00000   1.00000   0.00000   1.00000   2.00000   1.00000
7091.00000   4.13902   2.00000   0.00000   1.00000   1.00000   0.00000   1.00000   3.00000   1.00000
8104.00000   3.46438   2.00000   0.00000   1.00000   1.00000   0.00000   1.00000   3.00000   1.00000
8190.00000   2.94506   3.00000   0.00000   1.00000   1.00000   0.00000   1.00000   4.00000   1.00000
8289.00000   4.58203   2.00000   0.00000   1.00000   1.00000   0.00000   1.00000   2.00000   1.00000
8413.00000   3.60446   1.00000   0.00000   1.00000   1.00000   0.00000   1.00000   1.00000   1.00000
8606.00000   3.50903   3.00000   0.00000   1.00000   1.00000   0.00000   1.00000   3.00000   1.00000
9017.00000   3.95988   3.00000   0.00000   1.00000   1.00000   0.00000   1.00000   3.00000   1.00000
9156.00000   2.86700   1.50000   0.00000   1.00000   2.00000   0.00000   1.00000   2.00000   2.00000
9488.00000   2.71082   3.00000   0.00000   1.00000   1.00000   0.00000   1.00000   3.00000   1.00000
9703.00000   4.90192   2.00000   0.00000   1.00000   1.00000   0.00000   1.00000   2.00000   1.00000
9846.00000   2.36597   0.50000   0.00000   1.00000   2.00000   0.00000   1.00000   2.00000   2.00000
1360.00000   4.61683   2.00000   0.00000   1.00000   1.00000   0.00000   1.00000   2.00000   1.00000
3852.00000   4.16494   2.00000   0.00000   1.00000   1.00000   0.00000   1.00000   2.00000   1.00000
4294.00000   2.89880   3.00000   0.00000   1.00000   1.00000   0.00000   1.00000   3.00000   1.00000
4712.00000   2.52272   1.00000   0.00000   1.00000   1.00000   0.00000   1.00000   1.00000   1.00000
5514.00000   4.82684   2.00000   0.00000   1.00000   1.00000   0.00000   0.00000   0.00000   0.00000
6721.00000   2.69000   1.00000   0.00000   1.00000   1.00000   0.00000   1.00000   1.00000   1.00000
7440.00000   5.67150   2.00000   0.00000   1.00000   1.00000   0.00000   1.00000   3.00000   1.00000
7812.00000   3.58668   2.00000   0.00000   1.00000   1.00000   0.00000   1.00000   2.00000   1.00000
8112.00000   4.20681   2.00000   0.00000   1.00000   1.00000   0.00000   1.00000   2.00000   1.00000
8322.00000   3.56305   3.00000   0.00000   1.00000   1.00000   0.00000   1.00000   3.00000   1.00000
8351.00000   4.69062   2.00000   0.00000   1.00000   1.00000   0.00000   1.00000   2.00000   1.00000
8754.00000   4.24848   2.00000   0.00000   1.00000   1.00000   0.00000   0.00000   0.00000   0.00000
8798.00000   3.88276   3.00000   0.00000   1.00000   1.00000   0.00000   1.00000   3.00000   1.00000
8955.00000   3.40387   2.00000   0.00000   1.00000   1.00000   0.00000   1.00000   2.00000   1.00000
9700.00000   3.19608   2.00000   0.00000   1.00000   1.00000   0.00000   1.00000   2.00000   1.00000
