4286.00000   3.13472   2.00000   1.00000   0.00000   1.00000   0.00000   0.00000   0.00000   0.00000
8180.00000   4.72670   1.75000   1.00000   1.00000   4.00000   0.00000   1.00000   2.00000   1.00000
8276.00000   3.46766   1.00000   1.00000   1.00000   2.00000   0.00000   1.00000   1.00000   1.00000
8384.00000   2.63204   1.00000   1.00000   0.00000   1.00000   0.00000   0.00000   0.00000   0.00000
8602.00000   5.55023   1.00000   1.00000   0.00000   1.00000   0.00000   0.00000   0.00000   0.00000
8657.00000   3.50780   3.00000   1.00000   0.00000   1.00000   0.00000   0.00000   0.00000   0.00000
8729.00000   4.15378   2.00000   1.00000   0.00000   1.00000   0.00000   0.00000   0.00000   0.00000
8758.00000   5.27990   1.00000   1.00000   0.00000   1.00000   0.00000   0.00000   0.00000   0.00000
9040.00000   4.85615   1.00000   1.00000   0.00000   1.00000   0.00000   0.00000   0.00000   0.00000
9179.00000   4.10469   1.00000   1.00000   0.00000   1.00000   0.00000   0.00000   0.00000   0.00000
9214.00000   3.16555   1.50000   1.00000   1.00000   2.00000   0.00000   1.00000   1.00000   1.00000
9314.00000   3.67584   1.50000   1.00000   1.00000   2.00000   0.00000   1.00000   1.00000   1.00000
9517.00000   1.93119   1.00000   1.00000   0.00000   1.00000   0.00000   0.00000   0.00000   0.00000
9549.00000   2.63202   2.00000   1.00000   1.00000   2.00000   0.00000   1.00000   3.00000   1.00000
9565.00000   3.23558   1.00000   1.00000   1.00000   2.00000   0.00000   1.00000   1.00000   1.00000
9730.00000   2.00329   1.00000   1.00000   1.00000   2.00000   0.00000   1.00000   1.00000   1.00000
9820.00000   2.50803   1.00000   1.00000   1.00000   2.00000   0.00000   1.00000   1.00000   1.00000
9901.00000   1.78312   1.00000   1.00000   0.00000   1.00000   0.00000   0.00000   0.00000   0.00000
9921.00000   4.18072   1.50000   1.00000   1.00000   2.00000   0.00000   1.00000   1.00000   1.00000
9923.00000   3.12036   1.00000   1.00000   0.00000   1.00000   0.00000   0.00000   0.00000   0.00000
9959.00000   2.26400   2.00000   1.00000   1.00000   4.00000   0.00000   1.00000   3.00000   1.00000
9999.00000   3.73713   2.00000   1.00000   0.00000   1.00000   0.00000   0.00000   0.00000   0.00000
1984.00000   2.46321   2.00000   0.00000   1.00000   1.00000   0.00000   1.00000   2.00000   1.00000
6575.00000   3.86256   3.00000   0.00000   1.00000   1.00000   0.00000   1.00000   3.00000   1.00000
7708.00000   3.42938   1.00000   0.00000   1.00000   1.00000   0.00000   1.00000   1.00000   1.00000
7931.00000   2.22996   1.00000   0.00000   1.00000   1.00000   0.00000   1.00000   1.00000   1.00000
8632.00000   6.17445   2.00000   0.00000   1.00000   2.00000   0.00000   1.00000   2.00000   2.00000
8674.00000   3.09936   3.00000   0.00000   1.00000   2.00000   0.00000   1.00000   3.00000   2.00000
9370.00000   3.80068   2.00000   0.00000   1.00000   2.00000   0.00000   1.00000   1.50000   2.00000
9396.00000   2.45672   2.00000   0.00000   1.00000   1.00000   0.00000   1.00000   2.00000   1.00000
9442.00000   3.17720   2.00000   0.00000   1.00000   1.00000   0.00000   1.00000   2.00000   1.00000
9553.00000   2.47926   1.00000   0.00000   1.00000   1.00000   0.00000   1.00000   1.00000   1.00000
9628.00000   3.52419   1.00000   0.00000   1.00000   1.00000   0.00000   1.00000   1.00000   1.00000
9632.00000   3.83902   1.50000   0.00000   1.00000   2.00000   0.00000   1.00000   1.50000   2.00000
9800.00000   3.44483   3.00000   0.00000   1.00000   1.00000   0.00000   1.00000   3.00000   1.00000
9838.00000   3.57605   2.00000   0.00000   1.00000   1.00000   0.00000   1.00000   2.00000   1.00000
 557.00000   2.57631   2.00000   0.00000   1.00000   1.00000   0.00000   1.00000   2.00000   1.00000
1818.00000   4.22842   3.00000   0.00000   1.00000   1.00000   0.00000   1.00000   3.00000   1.00000
2382.00000   2.89416   2.00000   0.00000   1.00000   1.00000   0.00000   1.00000   2.00000   1.00000
4916.00000   3.82262   2.00000   0.00000   1.00000   1.00000   0.00000   1.00000   2.00000   1.00000
5039.00000   3.30895   2.00000   0.00000   1.00000   1.00000   0.00000   1.00000   2.00000   1.00000
6008.00000   3.45754   1.00000   0.00000   1.00000   1.00000   0.00000   1.00000   1.00000   1.00000
7153.00000   2.70966   1.00000   0.00000   1.00000   1.00000   0.00000   1.00000   1.00000   1.00000
7375.00000   2.19263   1.00000   0.00000   1.00000   1.00000   0.00000   1.00000   1.00000   1.00000
7422.00000   2.40756   2.00000   0.00000   1.00000   1.00000   0.00000   1.00000   2.00000   1.00000
7525.00000   2.21193   1.00000   0.00000   1.00000   1.00000   0.00000   1.00000   1.00000   1.00000
7732.00000   5.20006   3.00000   0.00000   1.00000   1.00000   0.00000   1.00000   3.00000   1.00000
8194.00000   4.44015   3.00000   0.00000   1.00000   1.00000   0.00000   1.00000   3.00000   1.00000
8222.00000   2.66282   1.00000   0.00000   1.00000   1.00000   0.00000   1.00000   1.00000   1.00000
8347.00000   2.60260   2.00000   0.00000   1.00000   1.00000   0.00000   1.00000   2.00000   1.00000
8448.00000   5.29457   2.00000   0.00000   1.00000   1.00000   0.00000   1.00000   2.00000   1.00000
8648.00000   3.35770   1.00000   0.00000   1.00000   1.00000   0.00000   1.00000   1.00000   1.00000
9548.00000   2.73922   1.00000   0.00000   1.00000   1.00000   0.00000   1.00000   1.00000   1.00000
9571.00000   2.31642   1.00000   0.00000   1.00000   1.00000   0.00000   1.00000   1.00000   1.00000
9683.00000   2.54767   3.00000   0.00000   1.00000   1.00000   0.00000   1.00000   3.00000   1.00000
6431.00000   3.36970   2.00000   0.00000   1.00000   1.00000   0.00000   1.00000   2.00000   1.00000
6482.00000   3.56231   2.00000   0.00000   1.00000   1.00000   0.00000   1.00000   2.00000   1.00000
6769.00000   2.59016   1.00000   0.00000   1.00000   1.00000   0.00000   1.00000   1.00000   1.00000
7276.00000   4.47118   1.00000   0.00000   1.00000   1.00000   0.00000   1.00000   1.00000   1.00000
7829.00000   2.43886   1.00000   0.00000   1.00000   1.00000   0.00000   1.00000   1.00000   1.00000
8080.00000   2.91361   1.00000   0.00000   1.00000   1.00000   0.00000   1.00000   1.00000   1.00000
8106.00000   2.76375   2.00000   0.00000   1.00000   1.00000   0.00000   1.00000   2.00000   1.00000
8334.00000   2.64316   2.00000   0.00000   1.00000   1.00000   0.00000   1.00000   2.00000   1.00000
8354.00000   3.00002   3.00000   0.00000   1.00000   1.00000   0.00000   1.00000   3.00000   1.00000
9059.00000   3.02247   2.00000   0.00000   1.00000   1.00000   0.00000   1.00000   2.00000   1.00000
9075.00000   2.59420   1.00000   0.00000   1.00000   1.00000   0.00000   1.00000   1.00000   1.00000
9348.00000   3.49494   2.00000   0.00000   1.00000   1.00000   0.00000   1.00000   2.00000   1.00000
9663.00000   3.12450   1.00000   0.00000   1.00000   1.00000   0.00000   1.00000   1.00000   1.00000
9719.00000   2.35535   1.00000   0.00000   1.00000   1.00000   0.00000   1.00000   1.00000   1.00000
9802.00000   2.91563   0.00000   0.00000   1.00000   1.00000   0.00000   1.00000   0.00000   1.00000
9942.00000   2.20516   1.00000   0.00000   1.00000   1.00000   0.00000   1.00000   1.00000   1.00000
9943.00000   2.59045   0.00000   0.00000   1.00000   1.00000   0.00000   1.00000   0.00000   1.00000
9992.00000   2.68850   3.00000   0.00000   1.00000   1.00000   0.00000   1.00000   3.00000   1.00000
