4874.00000   2.65001   3.00000   1.00000   0.00000   1.00000   0.00000   0.00000   0.00000   0.00000
7542.00000   3.14468   2.00000   1.00000   0.00000   1.00000   0.00000   0.00000   0.00000   0.00000
7673.00000   3.22113   2.00000   1.00000   0.00000   1.00000   0.00000   0.00000   0.00000   0.00000
7934.00000   2.69034   2.00000   1.00000   0.00000   1.00000   0.00000   0.00000   0.00000   0.00000
8170.00000   3.97902   1.00000   1.00000   0.00000   1.00000   0.00000   0.00000   0.00000   0.00000
8213.00000   4.16442   1.50000   1.00000   1.00000   2.00000   0.00000   1.00000   2.00000   1.00000
8280.00000   2.24176   2.00000   1.00000   0.00000   1.00000   0.00000   0.00000   0.00000   0.00000
8357.00000   3.31270   1.00000   1.00000   0.00000   1.00000   0.00000   0.00000   0.00000   0.00000
8388.00000   3.90840   1.00000   1.00000   0.00000   1.00000   0.00000   0.00000   0.00000   0.00000
8428.00000   4.04739   1.00000   1.00000   0.00000   1.00000   0.00000   0.00000   0.00000   0.00000
8798.00000   4.33056   1.00000   1.00000   0.00000   1.00000   0.00000   0.00000   0.00000   0.00000
9110.00000   3.79308   1.50000   1.00000   1.00000   2.00000   1.00000   1.00000   1.50000   2.00000
9134.00000   4.84105   2.40000   1.00000   1.00000   5.00000   0.00000   0.00000   0.00000   0.00000
9138.00000   2.92059   2.00000   1.00000   0.00000   1.00000   0.00000   0.00000   0.00000   0.00000
9140.00000   3.37618   3.00000   1.00000   0.00000   1.00000   0.00000   0.00000   0.00000   0.00000
9197.00000   5.72499   1.00000   1.00000   0.00000   1.00000   0.00000   0.00000   0.00000   0.00000
9247.00000   2.92823   1.50000   1.00000   1.00000   2.00000   1.00000   1.00000   1.50000   2.00000
9251.00000   2.13255   1.00000   1.00000   1.00000   2.00000   0.00000   1.00000   1.00000   1.00000
9438.00000   4.73635   1.50000   1.00000   1.00000   2.00000   0.00000   1.00000   2.00000   1.00000
9520.00000   5.33286   1.00000   1.00000   0.00000   1.00000   0.00000   0.00000   0.00000   0.00000
9671.00000   4.32101   1.00000   1.00000   0.00000   1.00000   0.00000   0.00000   0.00000   0.00000
9688.00000   3.43536   1.00000   1.00000   0.00000   1.00000   0.00000   0.00000   0.00000   0.00000
9726.00000   2.86733   2.00000   1.00000   0.00000   1.00000   0.00000   0.00000   0.00000   0.00000
9784.00000   3.06926   3.00000   1.00000   0.00000   1.00000   0.00000   0.00000   0.00000   0.00000
2230.00000   3.04035   3.00000   0.00000   1.00000   1.00000   0.00000   1.00000   3.00000   1.00000
2852.00000   2.76530   4.00000   0.00000   1.00000   1.00000   0.00000   1.00000   4.00000   1.00000
2936.00000   3.45855   3.00000   0.00000   1.00000   1.00000   0.00000   1.00000   3.00000   1.00000
4041.00000   3.61260   2.00000   0.00000   1.00000   1.00000   0.00000   1.00000   2.00000   1.00000
4244.00000   3.68691   2.00000   0.00000   1.00000   1.00000   0.00000   1.00000   2.00000   1.00000
5922.00000   2.64449   3.00000   0.00000   1.00000   1.00000   0.00000   1.00000   3.00000   1.00000
6136.00000   2.73134   4.00000   0.00000   1.00000   1.00000   0.00000   1.00000   4.00000   1.00000
6179.00000   3.43639   2.00000   0.00000   1.00000   1.00000   0.00000   1.00000   2.00000   1.00000
7628.00000   2.75221   1.00000   0.00000   1.00000   1.00000   0.00000   1.00000   1.00000   1.00000
7709.00000   3.09593   1.00000   0.00000   1.00000   1.00000   0.00000   1.00000   1.00000   1.00000
7974.00000   2.91245   2.00000   0.00000   1.00000   2.00000   0.00000   1.00000   2.00000   2.00000
8030.00000   3.48664   2.00000   0.00000   1.00000   1.00000   0.00000   1.00000   2.00000   1.00000
8160.00000   3.24115   1.00000   0.00000   1.00000   1.00000   0.00000   1.00000   1.00000   1.00000
8222.00000   3.76850   2.00000   0.00000   1.00000   1.00000   0.00000   1.00000   2.00000   1.00000
8247.00000   4.08352   2.00000   0.00000   1.00000   1.00000   0.00000   1.00000   2.00000   1.00000
8349.00000   3.28539   3.00000   0.00000   1.00000   1.00000   0.00000   1.00000   3.00000   1.00000
8415.00000   3.25359   1.00000   0.00000   1.00000   1.00000   0.00000   1.00000   1.00000   1.00000
8461.00000   2.55541   1.00000   0.00000   1.00000   1.00000   0.00000   1.00000   1.00000   1.00000
8567.00000   3.93380   2.00000   0.00000   1.00000   1.00000   0.00000   1.00000   2.00000   1.00000
8747.00000   2.76320   3.00000   0.00000   1.00000   1.00000   0.00000   1.00000   3.00000   1.00000
8804.00000   3.58823   1.00000   0.00000   1.00000   1.00000   0.00000   1.00000   1.00000   1.00000
8982.00000   4.20963   2.00000   0.00000   1.00000   1.00000   0.00000   1.00000   2.00000   1.00000
9267.00000   3.13504   1.00000   0.00000   1.00000   2.00000   0.00000   1.00000   1.00000   2.00000
9299.00000   2.45392   2.00000   0.00000   1.00000   2.00000   0.00000   1.00000   2.00000   2.00000
9709.00000   3.28025   1.00000   0.00000   1.00000   1.00000   0.00000   1.00000   1.00000   1.00000
5564.00000   6.12985   2.00000   0.00000   1.00000   1.00000   0.00000   1.00000   2.00000   1.00000
5676.00000   5.96159   3.00000   0.00000   1.00000   1.00000   0.00000   1.00000   3.00000   1.00000
5903.00000   2.70371   1.00000   0.00000   1.00000   1.00000   0.00000   1.00000   1.00000   1.00000
6758.00000   3.92201   2.00000   0.00000   1.00000   1.00000   0.00000   1.00000   2.00000   1.00000
7181.00000   5.51296   2.00000   0.00000   1.00000   1.00000   0.00000   1.00000   2.00000   1.00000
7271.00000   2.94984   1.00000   0.00000   1.00000   1.00000   0.00000   1.00000   1.00000   1.00000
8365.00000   3.47267   3.00000   0.00000   1.00000   1.00000   0.00000   1.00000   3.00000   1.00000
8399.00000   3.32009   1.00000   0.00000   1.00000   1.00000   0.00000   1.00000   1.00000   1.00000
8536.00000   3.41436   1.00000   0.00000   1.00000   1.00000   0.00000   1.00000   1.00000   1.00000
8924.00000   4.28529   0.00000   0.00000   1.00000   1.00000   0.00000   1.00000   0.00000   1.00000
8971.00000   3.31450   0.50000   0.00000   1.00000   2.00000   0.00000   1.00000   2.50000   2.00000
9081.00000   7.23227   2.00000   0.00000   1.00000   1.00000   0.00000   1.00000   2.00000   1.00000
9164.00000   3.12189   1.00000   0.00000   1.00000   1.00000   0.00000   1.00000   1.00000   1.00000
9566.00000   3.33435   1.00000   0.00000   1.00000   1.00000   0.00000   1.00000   1.00000   1.00000
7476.00000   3.56421   3.00000   0.00000   1.00000   1.00000   0.00000   1.00000   3.00000   1.00000
8060.00000   3.14534   2.00000   0.00000   1.00000   1.00000   0.00000   1.00000   2.00000   1.00000
8735.00000   2.32700   1.00000   0.00000   1.00000   1.00000   0.00000   1.00000   1.00000   1.00000
8936.00000   3.34235   2.00000   0.00000   1.00000   1.00000   0.00000   1.00000   2.00000   1.00000
8955.00000   3.90060   1.00000   0.00000   1.00000   1.00000   0.00000   1.00000   1.00000   1.00000
9371.00000   2.68164   1.00000   0.00000   1.00000   1.00000   0.00000   1.00000   1.00000   1.00000
9418.00000   4.74305   1.00000   0.00000   1.00000   1.00000   0.00000   1.00000   1.00000   1.00000
9538.00000   2.83932   1.00000   0.00000   1.00000   1.00000   0.00000   1.00000   1.00000   1.00000
9621.00000   3.18478   1.00000   0.00000   1.00000   1.00000   0.00000   1.00000   1.00000   1.00000
9773.00000   4.47000   2.00000   0.00000   1.00000   1.00000   0.00000   1.00000   2.00000   1.00000
9852.00000   2.74689   1.00000   0.00000   1.00000   1.00000   0.00000   1.00000   1.00000   1.00000
9965.00000   3.58367   2.00000   0.00000   1.00000   1.00000   0.00000   1.00000   2.00000   1.00000
6212.00000   3.28805   1.00000   0.00000   1.00000   1.00000   0.00000   1.00000   1.00000   1.00000
6339.00000   2.64390   1.00000   0.00000   1.00000   1.00000   0.00000   1.00000   1.00000   1.00000
7041.00000   2.64356   1.00000   0.00000   1.00000   1.00000   1.00000   1.00000   0.40000   5.00000
7158.00000   2.84172   2.00000   0.00000   1.00000   1.00000   0.00000   1.00000   2.00000   1.00000
7758.00000   4.22349   3.00000   0.00000   1.00000   1.00000   0.00000   1.00000   3.00000   1.00000
8206.00000   2.27481   2.00000   0.00000   1.00000   1.00000   0.00000   1.00000   2.00000   1.00000
8346.00000   3.78323   2.00000   0.00000   1.00000   1.00000   0.00000   1.00000   2.00000   1.00000
8588.00000   3.14176   2.00000   0.00000   1.00000   1.00000   0.00000   1.00000   2.00000   1.00000
8638.00000   2.91883   1.00000   0.00000   1.00000   1.00000   0.00000   1.00000   1.00000   1.00000
8758.00000   3.21823   2.00000   0.00000   1.00000   1.00000   0.00000   1.00000   2.00000   1.00000
9129.00000   4.49329   2.00000   0.00000   1.00000   1.00000   0.00000   1.00000   2.00000   1.00000
9130.00000   2.44351   1.00000   0.00000   1.00000   1.00000   0.00000   1.00000   1.00000   1.00000
9355.00000   2.99072   1.00000   0.00000   1.00000   1.00000   0.00000   1.00000   1.00000   1.00000
9499.00000   2.38696   2.00000   0.00000   1.00000   1.00000   0.00000   1.00000   2.00000   1.00000
9561.00000   3.04544   1.00000   0.00000   1.00000   1.00000   0.00000   1.00000   1.00000   1.00000
9609.00000   2.11238   3.00000   0.00000   1.00000   1.00000   0.00000   1.00000   3.00000   1.00000
9631.00000   2.86599   1.00000   0.00000   1.00000   1.00000   0.00000   1.00000   1.00000   1.00000
9910.00000   4.81907   2.00000   0.00000   1.00000   1.00000   0.00000   1.00000   2.00000   1.00000
9928.00000   3.04430   1.00000   0.00000   1.00000   1.00000   0.00000   1.00000   1.00000   1.00000
9930.00000   2.28797   2.00000   0.00000   1.00000   1.00000   0.00000   1.00000   2.00000   1.00000
9950.00000   3.39782   1.00000   0.00000   1.00000   1.00000   0.00000   1.00000   1.00000   1.00000
9985.00000   4.22342   2.00000   0.00000   1.00000   1.00000   0.00000   1.00000   2.00000   1.00000
