 721.00000   3.65424   2.00000   1.00000   0.00000   1.00000   0.00000   1.00000   2.00000   1.00000
2118.00000   5.27519   2.00000   1.00000   0.00000   1.00000   0.00000   0.00000   0.00000   0.00000
4326.00000   3.73461   2.00000   1.00000   0.00000   1.00000   0.00000   1.00000   2.00000   1.00000
5629.00000   5.03136   1.00000   1.00000   0.00000   1.00000   0.00000   0.00000   0.00000   0.00000
6228.00000   3.92307   2.00000   1.00000   0.00000   1.00000   0.00000   1.00000   2.00000   1.00000
6536.00000   3.91241   1.00000   1.00000   0.00000   1.00000   0.00000   1.00000   2.00000   1.00000
6698.00000   2.62286   2.00000   1.00000   1.00000   2.00000   0.00000   0.00000   0.00000   0.00000
6787.00000   2.70703   1.00000   1.00000   0.00000   1.00000   0.00000   0.00000   0.00000   0.00000
7303.00000   2.23797   1.50000   1.00000   1.00000   2.00000   0.00000   0.00000   0.00000   0.00000
8245.00000   4.30504   1.00000   1.00000   1.00000   2.00000   0.00000   1.00000   1.00000   1.00000
8324.00000   3.02651   1.00000   1.00000   1.00000   2.00000   0.00000   1.00000   1.00000   1.00000
8577.00000   2.56647   0.50000   1.00000   1.00000   2.00000   0.00000   1.00000   1.00000   1.00000
8808.00000   3.21899   2.00000   1.00000   0.00000   1.00000   0.00000   1.00000   2.00000   2.00000
8876.00000   2.57055   1.00000   1.00000   0.00000   1.00000   0.00000   1.00000   3.00000   2.00000
9046.00000   2.84333   1.00000   1.00000   1.00000   2.00000   0.00000   1.00000   1.00000   1.00000
9129.00000   3.13363   1.00000   1.00000   0.00000   1.00000   0.00000   0.00000   0.00000   0.00000
9278.00000   3.85744   1.50000   1.00000   1.00000   2.00000   0.00000   0.00000   0.00000   0.00000
9462.00000   4.13877   2.00000   1.00000   0.00000   1.00000   0.00000   1.00000   3.00000   1.00000
9662.00000   2.27217   1.00000   1.00000   0.00000   1.00000   0.00000   0.00000   0.00000   0.00000
9764.00000   3.07973   1.00000   1.00000   1.00000   2.00000   0.00000   1.00000   1.50000   2.00000
9769.00000   5.24504   2.00000   1.00000   0.00000   1.00000   0.00000   1.00000   2.00000   2.00000
9774.00000   3.83694   1.00000   1.00000   1.00000   2.00000   0.00000   1.00000   1.00000   1.00000
4854.00000   7.06505   2.00000   0.00000   1.00000   1.00000   0.00000   1.00000   2.00000   1.00000
5846.00000   5.23734   2.00000   0.00000   1.00000   1.00000   0.00000   1.00000   2.00000   1.00000
6211.00000   2.88733   1.00000   0.00000   1.00000   1.00000   0.00000   1.00000   1.00000   1.00000
7641.00000   6.99301   2.00000   0.00000   1.00000   1.00000   0.00000   1.00000   2.00000   1.00000
7661.00000   5.59384   2.00000   0.00000   1.00000   1.00000   0.00000   1.00000   2.00000   1.00000
7681.00000   2.07815   1.50000   0.00000   1.00000   2.00000   0.00000   1.00000   1.00000   1.00000
8336.00000   3.35655   1.00000   0.00000   1.00000   1.00000   0.00000   1.00000   1.00000   1.00000
8946.00000   7.85224   3.00000   0.00000   1.00000   1.00000   0.00000   1.00000   3.00000   1.00000
9018.00000   3.90077   1.00000   0.00000   1.00000   1.00000   0.00000   0.00000   0.00000   0.00000
9059.00000   7.84088   1.50000   0.00000   1.00000   2.00000   0.00000   1.00000   2.50000   2.00000
9372.00000   3.12694   1.00000   0.00000   1.00000   1.00000   0.00000   1.00000   1.00000   1.00000
9377.00000   3.10797   1.00000   0.00000   1.00000   1.00000   0.00000   1.00000   1.00000   1.00000
9412.00000   3.38327   1.00000   0.00000   1.00000   1.00000   0.00000   1.00000   1.00000   1.00000
9554.00000   3.10638   1.00000   0.00000   1.00000   1.00000   0.00000   1.00000   1.00000   2.00000
9573.00000   2.29025   1.00000   0.00000   1.00000   1.00000   0.00000   1.00000   1.00000   1.00000
9585.00000   2.50889   1.00000   0.00000   1.00000   1.00000   0.00000   1.00000   1.00000   1.00000
9731.00000   2.05741   1.00000   0.00000   1.00000   1.00000   0.00000   1.00000   1.00000   1.00000
9885.00000   2.38255   1.00000   0.00000   1.00000   1.00000   0.00000   1.00000   1.00000   1.00000
9967.00000   7.54032   2.00000   0.00000   1.00000   2.00000   0.00000   1.00000   2.00000   2.00000
6236.00000   3.05584   2.00000   0.00000   1.00000   1.00000   0.00000   1.00000   2.00000   1.00000
6481.00000   5.97652   3.00000   0.00000   1.00000   1.00000   0.00000   1.00000   3.00000   1.00000
7000.00000   4.41796   1.00000   0.00000   1.00000   1.00000   0.00000   1.00000   1.00000   1.00000
7293.00000   6.80375   2.00000   0.00000   1.00000   1.00000   0.00000   1.00000   2.00000   1.00000
7468.00000   6.35693   2.00000   0.00000   1.00000   1.00000   0.00000   1.00000   2.00000   1.00000
8527.00000   2.65322   1.00000   0.00000   1.00000   1.00000   0.00000   1.00000   1.00000   1.00000
8785.00000   2.67413   1.00000   0.00000   1.00000   1.00000   0.00000   1.00000   1.00000   1.00000
9273.00000   3.30749   1.00000   0.00000   1.00000   1.00000   0.00000   1.00000   1.00000   1.00000
9290.00000   3.19041   1.00000   0.00000   1.00000   1.00000   0.00000   1.00000   1.00000   1.00000
9654.00000   3.44303   1.00000   0.00000   1.00000   1.00000   0.00000   0.00000   0.00000   0.00000
9905.00000   2.80305   1.00000   0.00000   1.00000   1.00000   0.00000   1.00000   1.00000   1.00000
4669.00000   3.05916   3.00000   0.00000   1.00000   1.00000   0.00000   1.00000   3.00000   1.00000
5820.00000   3.41508   1.00000   0.00000   1.00000   1.00000   0.00000   1.00000   1.00000   1.00000
6380.00000   4.17525   2.00000   0.00000   1.00000   1.00000   0.00000   1.00000   2.00000   1.00000
6429.00000   5.57921   2.00000   0.00000   1.00000   1.00000   0.00000   0.00000   0.00000   0.00000
6543.00000   2.26058   1.00000   0.00000   1.00000   1.00000   0.00000   1.00000   1.00000   1.00000
6897.00000   7.83082   2.00000   0.00000   1.00000   1.00000   0.00000   1.00000   2.00000   1.00000
7470.00000   5.67164   2.00000   0.00000   1.00000   1.00000   0.00000   1.00000   2.00000   1.00000
7558.00000   4.02194   2.00000   0.00000   1.00000   1.00000   0.00000   1.00000   2.00000   1.00000
7889.00000   3.26113   3.00000   0.00000   1.00000   1.00000   0.00000   1.00000   3.00000   1.00000
7940.00000   3.53466   4.00000   0.00000   1.00000   1.00000   0.00000   0.00000   0.00000   0.00000
8118.00000   2.32853   0.00000   0.00000   1.00000   1.00000   0.00000   1.00000   0.00000   1.00000
8178.00000   5.32118   2.00000   0.00000   1.00000   1.00000   0.00000   1.00000   2.00000   1.00000
8366.00000   3.75373   1.00000   0.00000   1.00000   1.00000   0.00000   1.00000   1.00000   1.00000
8792.00000   3.67222   1.00000   0.00000   1.00000   1.00000   0.00000   1.00000   1.00000   1.00000
8928.00000   4.53451   2.00000   0.00000   1.00000   1.00000   0.00000   1.00000   2.00000   1.00000
9002.00000   3.55727   2.00000   0.00000   1.00000   1.00000   0.00000   1.00000   2.00000   1.00000
9225.00000   6.87068   1.00000   0.00000   1.00000   1.00000   0.00000   1.00000   1.00000   1.00000
9507.00000   5.07692   1.00000   0.00000   1.00000   1.00000   0.00000   0.00000   0.00000   0.00000
9781.00000   3.97886   1.00000   0.00000   1.00000   1.00000   0.00000   1.00000   1.00000   1.00000
9851.00000   1.86558   1.00000   0.00000   1.00000   1.00000   0.00000   1.00000   1.00000   1.00000
