1386.00000   4.52972   2.00000   1.00000   0.00000   1.00000   0.00000   1.00000   2.33333   3.00000
8293.00000   4.32715   2.00000   1.00000   0.00000   1.00000   0.00000   1.00000   2.66667   3.00000
8628.00000   4.35162   2.00000   1.00000   0.00000   1.00000   0.00000   1.00000   2.33333   3.00000
8767.00000   3.33002   1.00000   1.00000   0.00000   1.00000   0.00000   0.00000   0.00000   0.00000
9076.00000   2.69811   1.00000   1.00000   1.00000   2.00000   0.00000   1.00000   1.00000   1.00000
9151.00000   3.57417   1.00000   1.00000   0.00000   1.00000   0.00000   0.00000   0.00000   0.00000
9379.00000   2.43345   2.00000   1.00000   1.00000   2.00000   0.00000   1.00000   2.66667   3.00000
9427.00000   2.01456   0.50000   1.00000   1.00000   2.00000   0.00000   1.00000   1.00000   1.00000
9472.00000   3.32046   1.00000   1.00000   0.00000   1.00000   0.00000   0.00000   0.00000   0.00000
9575.00000   4.56128   2.00000   1.00000   0.00000   1.00000   0.00000   1.00000   2.50000   2.00000
9592.00000   3.15258   1.00000   1.00000   0.00000   1.00000   0.00000   1.00000   3.00000   1.00000
9595.00000   3.22528   2.50000   1.00000   1.00000   2.00000   0.00000   1.00000   1.50000   2.00000
9645.00000   3.34408   1.00000   1.00000   0.00000   1.00000   0.00000   1.00000   3.00000   1.00000
9705.00000   2.79334   2.00000   1.00000   1.00000   2.00000   0.00000   1.00000   2.33333   3.00000
9873.00000   2.69025   1.75000   1.00000   1.00000   4.00000   0.00000   0.00000   0.00000   0.00000
9930.00000   3.89716   1.00000   1.00000   0.00000   1.00000   0.00000   0.00000   0.00000   0.00000
2838.00000   7.75663   2.00000   0.00000   1.00000   1.00000   0.00000   1.00000   2.00000   1.00000
4895.00000   2.75996   1.00000   0.00000   1.00000   1.00000   0.00000   0.00000   0.00000   0.00000
6048.00000   3.30521   2.00000   0.00000   1.00000   1.00000   0.00000   1.00000   2.00000   1.00000
6237.00000   3.19423   1.00000   0.00000   1.00000   1.00000   0.00000   1.00000   1.00000   1.00000
6325.00000   3.46962   1.00000   0.00000   1.00000   1.00000   0.00000   0.00000   0.00000   0.00000
6876.00000   3.56956   1.00000   0.00000   1.00000   1.00000   0.00000   1.00000   2.00000   1.00000
7549.00000   3.33022   1.00000   0.00000   1.00000   1.00000   0.00000   1.00000   1.00000   1.00000
7814.00000   3.84231   1.00000   0.00000   1.00000   1.00000   0.00000   1.00000   1.00000   1.00000
8140.00000   3.32561   1.00000   0.00000   1.00000   1.00000   0.00000   1.00000   1.00000   1.00000
8976.00000   2.43494   1.00000   0.00000   1.00000   1.00000   0.00000   1.00000   1.00000   1.00000
9209.00000   6.09977   1.50000   0.00000   1.00000   2.00000   0.00000   0.00000   0.00000   0.00000
9346.00000   4.12382   1.50000   0.00000   1.00000   2.00000   0.00000   1.00000   1.50000   2.00000
9421.00000   3.68598   2.00000   0.00000   1.00000   1.00000   0.00000   1.00000   2.00000   1.00000
9444.00000   3.90914   2.00000   0.00000   1.00000   1.00000   0.00000   1.00000   2.00000   1.00000
9446.00000   4.77314   1.00000   0.00000   1.00000   1.00000   0.00000   1.00000   1.00000   1.00000
9897.00000   4.27198   1.00000   0.00000   1.00000   1.00000   0.00000   1.00000   1.00000   1.00000
9921.00000   2.94687   2.00000   0.00000   1.00000   2.00000   0.00000   1.00000   2.00000   2.00000
 537.00000   2.94260   2.00000   0.00000   1.00000   1.00000   0.00000   1.00000   2.00000   1.00000
1371.00000   4.33614   2.00000   0.00000   1.00000   1.00000   0.00000   1.00000   2.00000   1.00000
2473.00000   5.22695   3.00000   0.00000   1.00000   1.00000   0.00000   1.00000   3.00000   1.00000
2988.00000   2.99091   1.00000   0.00000   1.00000   1.00000   0.00000   0.00000   0.00000   0.00000
6160.00000   6.50208   2.00000   0.00000   1.00000   1.00000   0.00000   0.00000   0.00000   0.00000
7445.00000   2.17304   1.00000   0.00000   1.00000   1.00000   0.00000   1.00000   1.00000   1.00000
8370.00000   4.56428   2.00000   0.00000   1.00000   1.00000   0.00000   1.00000   2.00000   1.00000
8471.00000   4.66163   2.00000   0.00000   1.00000   1.00000   0.00000   1.00000   2.00000   1.00000
8542.00000   3.63062   2.00000   0.00000   1.00000   1.00000   0.00000   1.00000   2.00000   1.00000
8890.00000   2.41284   2.00000   0.00000   1.00000   2.00000   0.00000   1.00000   2.00000   2.00000
9069.00000   2.42384   1.00000   0.00000   1.00000   1.00000   0.00000   0.00000   0.00000   0.00000
9087.00000   5.20927   1.00000   0.00000   1.00000   1.00000   0.00000   1.00000   1.00000   2.00000
9139.00000   3.90793   3.00000   0.00000   1.00000   1.00000   0.00000   1.00000   3.00000   1.00000
9295.00000   2.14099   1.00000   0.00000   1.00000   1.00000   0.00000   1.00000   1.00000   1.00000
9510.00000   4.01897   2.00000   0.00000   1.00000   1.00000   0.00000   1.00000   2.00000   1.00000
9653.00000   2.37151   1.00000   0.00000   1.00000   1.00000   0.00000   1.00000   1.00000   1.00000
9880.00000   3.44288   1.50000   0.00000   1.00000   2.00000   0.00000   1.00000   1.50000   2.00000
5264.00000   2.52550   1.00000   0.00000   1.00000   1.00000   0.00000   1.00000   1.00000   1.00000
5554.00000   4.65359   2.00000   0.00000   1.00000   1.00000   0.00000   1.00000   2.00000   1.00000
6654.00000   6.68524   2.00000   0.00000   1.00000   1.00000   0.00000   1.00000   2.00000   1.00000
6661.00000   7.93943   2.00000   0.00000   1.00000   1.00000   0.00000   0.00000   0.00000   0.00000
7609.00000   2.49138   1.00000   0.00000   1.00000   1.00000   0.00000   1.00000   1.00000   1.00000
7903.00000   7.42753   2.00000   0.00000   1.00000   1.00000   0.00000   1.00000   2.00000   1.00000
7956.00000   2.85019   1.00000   0.00000   1.00000   1.00000   0.00000   1.00000   1.00000   1.00000
8483.00000   3.60343   3.00000   0.00000   1.00000   1.00000   0.00000   0.00000   0.00000   0.00000
8779.00000   3.16627   3.00000   0.00000   1.00000   1.00000   0.00000   0.00000   0.00000   0.00000
9027.00000   2.45753   1.00000   0.00000   1.00000   1.00000   0.00000   1.00000   1.00000   1.00000
9387.00000   3.90385   1.50000   0.00000   1.00000   2.00000   0.00000   1.00000   2.00000   1.00000
9448.00000   2.59874   0.00000   0.00000   1.00000   1.00000   0.00000   1.00000   1.00000   2.00000
9461.00000   4.47764   1.50000   0.00000   1.00000   2.00000   0.00000   1.00000   1.50000   2.00000
9489.00000   2.68797   1.00000   0.00000   1.00000   1.00000   0.00000   1.00000   1.00000   1.00000
9540.00000   4.16634   2.00000   0.00000   1.00000   1.00000   0.00000   1.00000   2.00000   1.00000
9665.00000   3.21525   1.00000   0.00000   1.00000   1.00000   0.00000   1.00000   1.00000   1.00000
9815.00000   3.45307   1.00000   0.00000   1.00000   1.00000   0.00000   1.00000   1.00000   1.00000
1571.00000   5.03926   2.00000   0.00000   1.00000   1.00000   0.00000   0.00000   0.00000   0.00000
3491.00000   3.43314   3.00000   0.00000   1.00000   1.00000   0.00000   1.00000   2.00000   1.00000
4283.00000   2.96949   3.00000   0.00000   1.00000   1.00000   0.00000   0.00000   0.00000   0.00000
5751.00000   4.85698   3.00000   0.00000   1.00000   1.00000   0.00000   1.00000   3.00000   1.00000
6767.00000   4.53858   2.00000   0.00000   1.00000   1.00000   0.00000   1.00000   2.00000   1.00000
6831.00000   4.88806   2.00000   0.00000   1.00000   1.00000   0.00000   1.00000   2.00000   1.00000
7041.00000   2.60158   3.00000   0.00000   1.00000   1.00000   0.00000   1.00000   3.00000   1.00000
7188.00000   4.11582   1.00000   0.00000   1.00000   1.00000   0.00000   1.00000   1.00000   1.00000
7201.00000   5.19965   2.00000   0.00000   1.00000   1.00000   0.00000   1.00000   2.00000   1.00000
7746.00000   3.59577   3.00000   0.00000   1.00000   1.00000   0.00000   0.00000   0.00000   0.00000
8004.00000   3.72830   1.00000   0.00000   1.00000   1.00000   0.00000   1.00000   1.00000   1.00000
8683.00000   4.48605   2.00000   0.00000   1.00000   1.00000   0.00000   1.00000   2.00000   1.00000
9144.00000   2.54282   1.00000   0.00000   1.00000   1.00000   0.00000   1.00000   1.00000   1.00000
9251.00000   2.66582   1.00000   0.00000   1.00000   1.00000   0.00000   1.00000   1.00000   1.00000
9373.00000   2.28977   1.00000   0.00000   1.00000   1.00000   0.00000   1.00000   1.00000   1.00000
9552.00000   3.55450   1.00000   0.00000   1.00000   1.00000   0.00000   1.00000   1.00000   1.00000
9560.00000   4.21538   2.00000   0.00000   1.00000   1.00000   0.00000   1.00000   2.00000   1.00000
9755.00000   3.09587   3.00000   0.00000   1.00000   1.00000   0.00000   1.00000   3.00000   1.00000
9834.00000   3.04960   3.00000   0.00000   1.00000   1.00000   0.00000   0.00000   0.00000   0.00000
