8763.00000   2.93530   1.50000   1.00000   1.00000   2.00000   1.00000   1.00000   0.50000   2.00000
8959.00000   2.43965   2.00000   1.00000   1.00000   2.00000   1.00000   1.00000   1.00000   2.00000
9048.00000   2.78228   1.00000   1.00000   0.00000   1.00000   0.00000   0.00000   0.00000   0.00000
9160.00000   2.24851   1.50000   1.00000   1.00000   2.00000   1.00000   1.00000   1.50000   2.00000
9270.00000   2.81311   2.00000   1.00000   1.00000   2.00000   0.00000   1.00000   1.00000   1.00000
9415.00000   2.13587   1.00000   1.00000   1.00000   2.00000   1.00000   1.00000   0.66667   3.00000
9643.00000   4.12551   1.66667   1.00000   1.00000   3.00000   0.00000   1.00000   2.50000   2.00000
9766.00000   3.21682   1.00000   1.00000   1.00000   2.00000   1.00000   1.00000   1.00000   2.00000
9807.00000   3.19231   1.66667   1.00000   1.00000   3.00000   0.00000   0.00000   0.00000   0.00000
9815.00000   3.90636   1.00000   1.00000   1.00000   3.00000   0.00000   0.00000   0.00000   0.00000
9855.00000   3.35059   1.00000   1.00000   0.00000   1.00000   0.00000   0.00000   0.00000   0.00000
9928.00000   2.76244   1.00000   1.00000   1.00000   3.00000   0.00000   0.00000   0.00000   0.00000
9945.00000   3.26655   1.00000   1.00000   1.00000   3.00000   0.00000   0.00000   0.00000   0.00000
4636.00000   4.12775   2.00000   0.00000   1.00000   1.00000   0.00000   1.00000   2.00000   1.00000
5793.00000   3.73928   2.00000   0.00000   1.00000   1.00000   0.00000   1.00000   2.00000   1.00000
7605.00000   3.54623   3.00000   0.00000   1.00000   2.00000   0.00000   1.00000   3.00000   2.00000
8586.00000   3.33251   1.00000   0.00000   1.00000   1.00000   0.00000   1.00000   1.00000   1.00000
8603.00000   2.57344   1.00000   0.00000   1.00000   1.00000   0.00000   1.00000   1.00000   1.00000
8729.00000   3.87030   2.00000   0.00000   1.00000   1.00000   0.00000   1.00000   2.00000   1.00000
8751.00000   3.63809   3.00000   0.00000   1.00000   1.00000   0.00000   1.00000   3.00000   1.00000
8866.00000   5.73951   3.00000   0.00000   1.00000   1.00000   0.00000   1.00000   3.00000   1.00000
9066.00000   2.17453   1.00000   0.00000   1.00000   2.00000   0.00000   1.00000   2.50000   2.00000
9095.00000   3.80095   3.00000   0.00000   1.00000   1.00000   0.00000   1.00000   2.00000   1.00000
9316.00000   2.16255   1.00000   0.00000   1.00000   1.00000   0.00000   1.00000   1.00000   1.00000
9365.00000   7.94907   2.00000   0.00000   1.00000   1.00000   0.00000   1.00000   2.00000   1.00000
9451.00000   4.19139   2.00000   0.00000   1.00000   1.00000   0.00000   1.00000   2.00000   1.00000
9491.00000   2.74465   1.00000   0.00000   1.00000   1.00000   0.00000   1.00000   1.00000   1.00000
9681.00000   4.80198   3.00000   0.00000   1.00000   1.00000   0.00000   1.00000   3.00000   1.00000
9752.00000   2.38628   2.00000   0.00000   1.00000   2.00000   0.00000   1.00000   2.00000   2.00000
6321.00000   2.86980   3.00000   0.00000   1.00000   1.00000   0.00000   1.00000   3.00000   1.00000
7665.00000   3.70074   2.00000   0.00000   1.00000   1.00000   0.00000   1.00000   2.00000   1.00000
8105.00000   3.62287   2.00000   0.00000   1.00000   1.00000   0.00000   1.00000   2.00000   1.00000
8146.00000   3.92388   2.00000   0.00000   1.00000   1.00000   0.00000   1.00000   2.00000   1.00000
8295.00000   3.74065   2.00000   0.00000   1.00000   1.00000   0.00000   1.00000   2.00000   1.00000
8353.00000   3.43099   4.00000   0.00000   1.00000   1.00000   0.00000   1.00000   4.00000   1.00000
8416.00000   2.43808   1.00000   0.00000   1.00000   1.00000   0.00000   1.00000   1.00000   1.00000
8557.00000   4.31403   2.00000   0.00000   1.00000   1.00000   0.00000   1.00000   2.00000   1.00000
8915.00000   3.23325   2.00000   0.00000   1.00000   1.00000   0.00000   1.00000   2.00000   1.00000
9494.00000   2.37015   1.00000   0.00000   1.00000   1.00000   0.00000   1.00000   1.00000   1.00000
9690.00000   3.04464   2.00000   0.00000   1.00000   1.00000   0.00000   1.00000   2.00000   1.00000
