4590.00000   3.25362   2.00000   1.00000   0.00000   1.00000   0.00000   1.00000   2.00000   2.00000
5065.00000   3.99958   1.00000   1.00000   0.00000   1.00000   0.00000   1.00000   2.00000   1.00000
6118.00000   4.21489   2.00000   1.00000   0.00000   1.00000   0.00000   0.00000   0.00000   0.00000
7499.00000   3.57290   3.00000   1.00000   0.00000   1.00000   0.00000   1.00000   1.00000   1.00000
7503.00000   3.58617   1.00000   1.00000   0.00000   1.00000   0.00000   0.00000   0.00000   0.00000
7549.00000   5.54050   3.00000   1.00000   0.00000   1.00000   0.00000   1.00000   2.33333   3.00000
7616.00000   2.35550   1.00000   1.00000   0.00000   1.00000   0.00000   0.00000   0.00000   0.00000
7834.00000   2.59483   1.00000   1.00000   0.00000   1.00000   0.00000   0.00000   0.00000   0.00000
8017.00000   4.85490   2.00000   1.00000   0.00000   1.00000   0.00000   0.00000   0.00000   0.00000
8108.00000   3.20566   1.50000   1.00000   1.00000   2.00000   0.00000   1.00000   1.00000   1.00000
8197.00000   3.28554   1.50000   1.00000   1.00000   2.00000   0.00000   1.00000   1.00000   1.00000
8274.00000   3.18672   1.50000   1.00000   1.00000   4.00000   0.00000   0.00000   0.00000   0.00000
8372.00000   3.62856   1.50000   1.00000   1.00000   2.00000   0.00000   1.00000   1.66667   3.00000
8635.00000   4.41659   2.00000   1.00000   1.00000   2.00000   0.00000   1.00000   1.00000   1.00000
8660.00000   3.42837   1.50000   1.00000   1.00000   2.00000   0.00000   1.00000   1.00000   1.00000
8688.00000   3.03054   1.50000   1.00000   1.00000   4.00000   0.00000   0.00000   0.00000   0.00000
9129.00000   3.65828   1.50000   1.00000   1.00000   2.00000   0.00000   1.00000   1.00000   1.00000
9183.00000   3.28695   2.00000   1.00000   0.00000   1.00000   0.00000   0.00000   0.00000   0.00000
9206.00000   4.39844   1.50000   1.00000   1.00000   2.00000   0.00000   1.00000   2.00000   2.00000
9261.00000   5.06729   2.00000   1.00000   0.00000   1.00000   0.00000   1.00000   2.00000   3.00000
9304.00000   2.90573   1.00000   1.00000   0.00000   1.00000   0.00000   0.00000   0.00000   0.00000
9415.00000   3.39556   2.50000   1.00000   1.00000   2.00000   0.00000   1.00000   2.33333   3.00000
9479.00000   4.64580   2.00000   1.00000   0.00000   1.00000   0.00000   0.00000   0.00000   0.00000
9516.00000   3.78666   2.50000   1.00000   1.00000   2.00000   0.00000   0.00000   0.00000   0.00000
9760.00000   3.23233   0.50000   1.00000   1.00000   2.00000   0.00000   1.00000   1.00000   1.00000
9979.00000   4.04046   1.50000   1.00000   1.00000   2.00000   0.00000   1.00000   2.00000   2.00000
6725.00000   2.82295   2.00000   0.00000   1.00000   1.00000   0.00000   1.00000   2.00000   1.00000
7456.00000   3.18146   2.00000   0.00000   1.00000   2.00000   0.00000   1.00000   1.50000   2.00000
7618.00000   2.79173   1.00000   0.00000   1.00000   1.00000   0.00000   1.00000   1.00000   1.00000
7685.00000   6.35196   3.00000   0.00000   1.00000   1.00000   0.00000   0.00000   0.00000   0.00000
7902.00000   5.14879   2.00000   0.00000   1.00000   2.00000   0.00000   1.00000   3.00000   1.00000
8124.00000   4.83105   1.50000   0.00000   1.00000   2.00000   0.00000   1.00000   2.00000   1.00000
8547.00000   3.07073   1.00000   0.00000   1.00000   1.00000   0.00000   1.00000   1.00000   1.00000
8611.00000   3.62046   1.50000   0.00000   1.00000   2.00000   0.00000   1.00000   1.50000   2.00000
8749.00000   1.81090   1.00000   0.00000   1.00000   2.00000   0.00000   1.00000   1.00000   2.00000
8822.00000   3.41150   1.00000   0.00000   1.00000   1.00000   0.00000   1.00000   1.00000   1.00000
9058.00000   2.31821   2.00000   0.00000   1.00000   1.00000   0.00000   1.00000   2.00000   1.00000
9184.00000   3.16111   1.00000   0.00000   1.00000   1.00000   0.00000   0.00000   0.00000   0.00000
9188.00000   3.46173   1.50000   0.00000   1.00000   2.00000   0.00000   1.00000   1.50000   2.00000
9465.00000   2.85839   1.00000   0.00000   1.00000   1.00000   0.00000   1.00000   1.00000   1.00000
9644.00000   2.80313   2.00000   0.00000   1.00000   2.00000   0.00000   1.00000   1.00000   2.00000
9788.00000   4.34689   1.00000   0.00000   1.00000   1.00000   0.00000   1.00000   1.00000   1.00000
9924.00000   5.12182   2.00000   0.00000   1.00000   1.00000   0.00000   1.00000   2.00000   1.00000
7303.00000   4.24512   2.00000   0.00000   1.00000   1.00000   0.00000   0.00000   0.00000   0.00000
9214.00000   4.63472   1.00000   0.00000   1.00000   1.00000   0.00000   1.00000   1.00000   1.00000
9303.00000   3.75818   1.00000   0.00000   1.00000   1.00000   0.00000   0.00000   0.00000   0.00000
6063.00000   4.14005   1.00000   0.00000   1.00000   1.00000   0.00000   1.00000   1.00000   1.00000
8007.00000   4.94980   2.00000   0.00000   1.00000   1.00000   0.00000   1.00000   2.00000   1.00000
8094.00000   4.20179   1.00000   0.00000   1.00000   1.00000   0.00000   1.00000   1.00000   1.00000
8132.00000   4.31034   3.00000   0.00000   1.00000   1.00000   0.00000   0.00000   0.00000   0.00000
8145.00000   5.88655   2.00000   0.00000   1.00000   1.00000   0.00000   0.00000   0.00000   0.00000
8347.00000   4.14581   2.00000   0.00000   1.00000   1.00000   0.00000   1.00000   2.00000   1.00000
8618.00000   2.92400   0.00000   0.00000   1.00000   1.00000   0.00000   1.00000   0.00000   1.00000
8898.00000   2.43061   2.00000   0.00000   1.00000   1.00000   0.00000   1.00000   0.00000   1.00000
8969.00000   3.78902   1.00000   0.00000   1.00000   1.00000   0.00000   1.00000   1.00000   1.00000
9038.00000   6.95109   2.00000   0.00000   1.00000   1.00000   0.00000   0.00000   0.00000   0.00000
9812.00000   3.83179   1.00000   0.00000   1.00000   1.00000   0.00000   1.00000   1.00000   1.00000
9949.00000   2.46692   2.00000   0.00000   1.00000   1.00000   0.00000   1.00000   2.00000   1.00000
9998.00000   3.70832   1.00000   0.00000   1.00000   1.00000   0.00000   1.00000   1.00000   1.00000
