3344.00000   4.33622   3.00000   1.00000   0.00000   1.00000   0.00000   1.00000   2.00000   1.00000
5073.00000   3.94856   3.00000   1.00000   0.00000   1.00000   0.00000   1.00000   1.00000   2.00000
7291.00000   3.48459   2.00000   1.00000   1.00000   4.00000   0.00000   0.00000   0.00000   0.00000
7951.00000   3.33471   1.00000   1.00000   0.00000   1.00000   0.00000   1.00000   3.00000   1.00000
8095.00000   2.95031   1.50000   1.00000   1.00000   2.00000   0.00000   1.00000   1.50000   2.00000
8484.00000   4.04896   1.00000   1.00000   0.00000   1.00000   0.00000   0.00000   0.00000   0.00000
8907.00000   5.49861   1.50000   1.00000   1.00000   2.00000   0.00000   1.00000   1.50000   2.00000
9317.00000   2.62176   0.50000   1.00000   1.00000   2.00000   0.00000   1.00000   1.00000   1.00000
9433.00000   3.08278   1.00000   1.00000   0.00000   1.00000   0.00000   1.00000   3.00000   1.00000
9571.00000   3.52011   2.00000   1.00000   0.00000   1.00000   0.00000   0.00000   0.00000   0.00000
9596.00000   3.72615   2.25000   1.00000   1.00000   4.00000   0.00000   1.00000   3.33333   3.00000
9639.00000   3.46470   2.00000   1.00000   0.00000   1.00000   0.00000   1.00000   1.00000   1.00000
9705.00000   5.84127   2.00000   1.00000   1.00000   2.00000   0.00000   1.00000   2.00000   2.00000
9722.00000   5.10354   1.50000   1.00000   1.00000   2.00000   0.00000   1.00000   1.00000   1.00000
9805.00000   3.38769   1.50000   1.00000   1.00000   2.00000   0.00000   1.00000   1.00000   1.00000
9927.00000   3.34176   2.00000   1.00000   0.00000   1.00000   0.00000   1.00000   1.00000   1.00000
9947.00000   3.41833   1.50000   1.00000   1.00000   2.00000   0.00000   1.00000   1.00000   1.00000
6266.00000   3.46250   3.00000   0.00000   1.00000   1.00000   0.00000   0.00000   0.00000   0.00000
6628.00000   2.81519   2.00000   0.00000   1.00000   1.00000   0.00000   0.00000   0.00000   0.00000
6956.00000   3.89092   1.00000   0.00000   1.00000   1.00000   0.00000   0.00000   0.00000   0.00000
6999.00000   6.63976   2.00000   0.00000   1.00000   1.00000   0.00000   1.00000   2.00000   1.00000
7431.00000   3.99957   2.00000   0.00000   1.00000   1.00000   0.00000   1.00000   3.00000   1.00000
7872.00000   3.21122   1.00000   0.00000   1.00000   1.00000   0.00000   1.00000   1.00000   1.00000
8144.00000   7.20401   2.00000   0.00000   1.00000   1.00000   0.00000   1.00000   2.00000   1.00000
9073.00000   5.34294   3.00000   0.00000   1.00000   1.00000   0.00000   0.00000   0.00000   0.00000
9315.00000   3.56608   1.00000   0.00000   1.00000   1.00000   0.00000   1.00000   1.00000   1.00000
9382.00000   3.60852   1.50000   0.00000   1.00000   2.00000   0.00000   1.00000   1.50000   2.00000
9418.00000   2.75862   4.00000   0.00000   1.00000   1.00000   0.00000   1.00000   3.00000   1.00000
9479.00000   2.87432   2.00000   0.00000   1.00000   1.00000   0.00000   1.00000   2.00000   1.00000
1919.00000   3.24892   1.00000   0.00000   1.00000   1.00000   0.00000   1.00000   1.00000   1.00000
1940.00000   2.50141   2.00000   0.00000   1.00000   1.00000   0.00000   1.00000   2.00000   1.00000
2588.00000   4.54844   2.00000   0.00000   1.00000   1.00000   0.00000   0.00000   0.00000   0.00000
2929.00000   4.19218   2.00000   0.00000   1.00000   1.00000   0.00000   1.00000   2.00000   1.00000
5508.00000   3.09245   2.00000   0.00000   1.00000   1.00000   0.00000   1.00000   2.00000   1.00000
5815.00000   3.37808   1.00000   0.00000   1.00000   1.00000   0.00000   1.00000   1.00000   1.00000
7165.00000   2.96510   2.00000   0.00000   1.00000   1.00000   0.00000   1.00000   2.00000   1.00000
7368.00000   2.72097   1.00000   0.00000   1.00000   1.00000   0.00000   1.00000   3.00000   1.00000
7469.00000   2.69125   3.00000   0.00000   1.00000   1.00000   0.00000   0.00000   0.00000   0.00000
7910.00000   3.16970   1.00000   0.00000   1.00000   1.00000   0.00000   1.00000   1.00000   1.00000
8082.00000   3.67637   2.00000   0.00000   1.00000   2.00000   0.00000   1.00000   2.00000   2.00000
8330.00000   2.38291   1.00000   0.00000   1.00000   1.00000   0.00000   1.00000   1.00000   1.00000
9372.00000   3.50295   1.00000   0.00000   1.00000   1.00000   0.00000   1.00000   1.00000   1.00000
9470.00000   3.23932   3.00000   0.00000   1.00000   1.00000   0.00000   0.00000   0.00000   0.00000
9495.00000   2.75754   1.00000   0.00000   1.00000   1.00000   0.00000   1.00000   1.00000   1.00000
9499.00000   2.63692   1.00000   0.00000   1.00000   1.00000   0.00000   0.00000   0.00000   0.00000
9519.00000   3.70432   2.00000   0.00000   1.00000   1.00000   0.00000   1.00000   2.00000   1.00000
9529.00000   3.16100   1.00000   0.00000   1.00000   2.00000   0.00000   1.00000   1.00000   2.00000
9791.00000   5.36867   2.00000   0.00000   1.00000   1.00000   0.00000   1.00000   2.00000   1.00000
9833.00000   3.07623   1.00000   0.00000   1.00000   1.00000   0.00000   1.00000   1.00000   1.00000
9993.00000   3.10189   0.00000   0.00000   1.00000   1.00000   0.00000   0.00000   0.00000   0.00000
9305.00000   5.45202   1.00000   0.00000   1.00000   1.00000   0.00000   0.00000   0.00000   0.00000
