2896.00000   8.95547   2.00000   1.00000   0.00000   1.00000   0.00000   1.00000   2.50000   2.00000
8055.00000   3.99459   1.00000   1.00000   0.00000   1.00000   0.00000   1.00000   3.00000   1.00000
8062.00000   4.46269   1.00000   1.00000   0.00000   1.00000   0.00000   1.00000   3.00000   1.00000
8229.00000   3.73263   1.25000   1.00000   1.00000   4.00000   0.00000   1.00000   2.00000   1.00000
8243.00000   6.81704   2.00000   1.00000   0.00000   1.00000   0.00000   1.00000   3.00000   1.00000
8388.00000   4.02670   2.00000   1.00000   1.00000   2.00000   0.00000   1.00000   1.50000   2.00000
8640.00000   3.78373   1.50000   1.00000   1.00000   2.00000   0.00000   1.00000   1.66667   3.00000
8661.00000   5.31777   1.50000   1.00000   1.00000   2.00000   0.00000   1.00000   1.00000   1.00000
8784.00000   3.82028   1.00000   1.00000   0.00000   1.00000   0.00000   1.00000   2.50000   2.00000
8830.00000   5.82198   2.00000   1.00000   1.00000   2.00000   0.00000   1.00000   1.50000   2.00000
8896.00000   3.77532   2.00000   1.00000   1.00000   2.00000   0.00000   1.00000   1.00000   1.00000
8947.00000   3.33583   1.50000   1.00000   1.00000   4.00000   0.00000   0.00000   0.00000   0.00000
8993.00000   3.41724   1.00000   1.00000   0.00000   1.00000   0.00000   0.00000   0.00000   0.00000
9410.00000   5.15060   1.50000   1.00000   1.00000   2.00000   0.00000   1.00000   1.00000   1.00000
9561.00000   2.76239   0.50000   1.00000   1.00000   2.00000   0.00000   1.00000   1.00000   1.00000
9581.00000   3.81418   2.00000   1.00000   0.00000   1.00000   0.00000   1.00000   1.00000   1.00000
9677.00000   7.74887   2.00000   1.00000   0.00000   1.00000   0.00000   1.00000   2.00000   3.00000
9726.00000   4.25848   2.00000   1.00000   1.00000   2.00000   0.00000   1.00000   1.50000   2.00000
9847.00000   3.73402   1.00000   1.00000   0.00000   1.00000   0.00000   1.00000   3.00000   1.00000
9879.00000   4.65792   1.00000   1.00000   1.00000   2.00000   0.00000   1.00000   1.66667   3.00000
9944.00000   5.16217   1.50000   1.00000   1.00000   2.00000   0.00000   1.00000   1.00000   1.00000
3874.00000   4.67528   2.00000   0.00000   1.00000   1.00000   0.00000   1.00000   2.00000   1.00000
7229.00000   4.87776   1.00000   0.00000   1.00000   1.00000   0.00000   1.00000   1.00000   1.00000
8083.00000   4.41651   1.00000   0.00000   1.00000   1.00000   0.00000   1.00000   1.00000   1.00000
8207.00000   5.14850   2.00000   0.00000   1.00000   1.00000   0.00000   1.00000   2.00000   1.00000
8493.00000   3.70876   2.00000   0.00000   1.00000   1.00000   0.00000   1.00000   1.00000   1.00000
9185.00000   3.45877   1.00000   0.00000   1.00000   1.00000   0.00000   1.00000   1.00000   1.00000
9668.00000   3.39112   1.00000   0.00000   1.00000   1.00000   0.00000   1.00000   1.00000   1.00000
9692.00000   4.44105   1.00000   0.00000   1.00000   1.00000   0.00000   1.00000   1.00000   1.00000
9715.00000   3.29730   2.00000   0.00000   1.00000   2.00000   0.00000   1.00000   0.50000   2.00000
9762.00000   3.75310   1.00000   0.00000   1.00000   1.00000   0.00000   1.00000   1.00000   1.00000
9846.00000   4.39515   1.00000   0.00000   1.00000   1.00000   0.00000   1.00000   1.00000   1.00000
9874.00000   3.29264   1.50000   0.00000   1.00000   2.00000   0.00000   1.00000   3.00000   1.00000
9885.00000   4.88600   1.00000   0.00000   1.00000   1.00000   0.00000   1.00000   1.00000   1.00000
9929.00000   4.10883   2.00000   0.00000   1.00000   1.00000   0.00000   1.00000   2.00000   1.00000
9940.00000   4.22462   1.00000   0.00000   1.00000   1.00000   0.00000   1.00000   1.00000   1.00000
5316.00000   3.05949   1.00000   0.00000   1.00000   1.00000   0.00000   0.00000   0.00000   0.00000
5474.00000   9.38866   1.00000   0.00000   1.00000   1.00000   0.00000   1.00000   1.00000   1.00000
8651.00000   3.92705   1.00000   0.00000   1.00000   1.00000   0.00000   1.00000   1.00000   1.00000
9098.00000   5.45434   1.00000   0.00000   1.00000   1.00000   0.00000   1.00000   1.00000   1.00000
9442.00000   4.63484   2.00000   0.00000   1.00000   1.00000   0.00000   1.00000   2.00000   1.00000
9536.00000   5.01316   2.00000   0.00000   1.00000   1.00000   0.00000   1.00000   2.00000   1.00000
9599.00000   2.75436   1.00000   0.00000   1.00000   1.00000   0.00000   1.00000   1.00000   1.00000
9832.00000   5.36335   1.00000   0.00000   1.00000   1.00000   0.00000   0.00000   0.00000   0.00000
9898.00000   4.13410   1.00000   0.00000   1.00000   1.00000   0.00000   1.00000   1.00000   1.00000
5264.00000   7.01450   3.00000   0.00000   1.00000   1.00000   0.00000   1.00000   3.00000   1.00000
5850.00000   3.28096   3.00000   0.00000   1.00000   1.00000   0.00000   0.00000   0.00000   0.00000
6408.00000   7.37121   2.00000   0.00000   1.00000   1.00000   0.00000   0.00000   0.00000   0.00000
7176.00000   3.21936   1.00000   0.00000   1.00000   1.00000   0.00000   1.00000   1.00000   1.00000
7633.00000   5.12218   1.00000   0.00000   1.00000   1.00000   0.00000   0.00000   0.00000   0.00000
8559.00000   2.62734   2.00000   0.00000   1.00000   1.00000   0.00000   1.00000   2.00000   1.00000
9461.00000   3.66055   2.00000   0.00000   1.00000   1.00000   0.00000   1.00000   2.00000   1.00000
9493.00000   6.66688   3.00000   0.00000   1.00000   1.00000   0.00000   1.00000   3.00000   1.00000
9547.00000   2.34883   2.00000   0.00000   1.00000   1.00000   0.00000   1.00000   3.00000   1.00000
9843.00000   3.61660   2.00000   0.00000   1.00000   1.00000   0.00000   1.00000   2.00000   1.00000
