4188.00000   1.88523   1.00000   1.00000   0.00000   1.00000   0.00000   0.00000   0.00000   0.00000
4496.00000   2.86693   3.00000   1.00000   0.00000   1.00000   0.00000   0.00000   0.00000   0.00000
5419.00000   3.17326   3.00000   1.00000   0.00000   1.00000   0.00000   0.00000   0.00000   0.00000
5785.00000   3.67378   1.00000   1.00000   0.00000   1.00000   0.00000   0.00000   0.00000   0.00000
7771.00000   2.26759   3.00000   1.00000   0.00000   1.00000   0.00000   0.00000   0.00000   0.00000
7861.00000   3.03820   2.00000   1.00000   0.00000   1.00000   0.00000   0.00000   0.00000   0.00000
7972.00000   3.54437   1.50000   1.00000   1.00000   2.00000   0.00000   1.00000   2.00000   1.00000
8041.00000   3.03209   1.50000   1.00000   1.00000   2.00000   1.00000   1.00000   0.50000   2.00000
8136.00000   4.12566   1.00000   1.00000   0.00000   1.00000   0.00000   0.00000   0.00000   0.00000
8266.00000   2.39799   2.00000   1.00000   0.00000   1.00000   0.00000   0.00000   0.00000   0.00000
8987.00000   3.11447   1.60000   1.00000   1.00000   5.00000   0.00000   1.00000   3.00000   1.00000
9031.00000   2.51475   1.00000   1.00000   1.00000   2.00000   0.00000   1.00000   1.00000   1.00000
9070.00000   2.40974   1.00000   1.00000   0.00000   1.00000   0.00000   0.00000   0.00000   0.00000
9283.00000   3.30518   2.00000   1.00000   0.00000   1.00000   0.00000   0.00000   0.00000   0.00000
9323.00000   3.35012   2.00000   1.00000   0.00000   1.00000   0.00000   0.00000   0.00000   0.00000
9484.00000   3.60908   2.00000   1.00000   1.00000   5.00000   0.00000   1.00000   4.00000   1.00000
9550.00000   2.66548   1.50000   1.00000   1.00000   2.00000   0.00000   1.00000   1.00000   1.00000
9555.00000   3.79779   2.00000   1.00000   0.00000   1.00000   0.00000   0.00000   0.00000   0.00000
9564.00000   3.48888   1.00000   1.00000   0.00000   1.00000   0.00000   0.00000   0.00000   0.00000
9589.00000   2.07872   2.00000   1.00000   1.00000   2.00000   1.00000   1.00000   0.40000   5.00000
9645.00000   3.30938   1.00000   1.00000   0.00000   1.00000   0.00000   0.00000   0.00000   0.00000
9794.00000   2.48413   1.00000   1.00000   1.00000   2.00000   1.00000   1.00000   1.00000   2.00000
9861.00000   3.10837   1.00000   1.00000   0.00000   1.00000   0.00000   0.00000   0.00000   0.00000
9977.00000   3.15150   1.00000   1.00000   1.00000   2.00000   1.00000   1.00000   1.00000   2.00000
4855.00000   2.40984   2.00000   0.00000   1.00000   1.00000   0.00000   1.00000   2.00000   1.00000
7135.00000   2.77962   2.00000   0.00000   1.00000   1.00000   0.00000   1.00000   2.00000   1.00000
7227.00000   8.16386   2.00000   0.00000   1.00000   1.00000   0.00000   1.00000   2.00000   1.00000
8487.00000   2.38515   1.00000   0.00000   1.00000   1.00000   0.00000   1.00000   1.00000   1.00000
8635.00000   8.65119   2.00000   0.00000   1.00000   1.00000   0.00000   1.00000   2.00000   1.00000
8945.00000   2.27419   1.00000   0.00000   1.00000   1.00000   0.00000   1.00000   1.00000   1.00000
9114.00000   8.52830   2.00000   0.00000   1.00000   1.00000   0.00000   1.00000   2.00000   1.00000
9120.00000   3.14450   2.00000   0.00000   1.00000   2.00000   0.00000   1.00000   2.00000   2.00000
9180.00000   3.38367   2.50000   0.00000   1.00000   2.00000   0.00000   1.00000   2.50000   2.00000
9368.00000   3.01144   2.00000   0.00000   1.00000   1.00000   0.00000   1.00000   2.00000   1.00000
9461.00000   6.07899   2.00000   0.00000   1.00000   1.00000   0.00000   1.00000   2.00000   1.00000
9490.00000   2.64514   1.00000   0.00000   1.00000   1.00000   0.00000   1.00000   1.00000   1.00000
9511.00000   3.40532   1.00000   0.00000   1.00000   1.00000   0.00000   1.00000   1.00000   1.00000
9545.00000   2.27050   2.00000   0.00000   1.00000   2.00000   0.00000   1.00000   2.00000   2.00000
9658.00000   2.71469   1.00000   0.00000   1.00000   1.00000   0.00000   1.00000   1.00000   1.00000
9743.00000   2.64179   1.00000   0.00000   1.00000   1.00000   0.00000   1.00000   1.00000   1.00000
9829.00000   2.44507   1.00000   0.00000   1.00000   1.00000   0.00000   1.00000   1.00000   1.00000
1221.00000   5.06391   3.00000   0.00000   1.00000   1.00000   0.00000   1.00000   3.00000   1.00000
5150.00000   5.01666   2.00000   0.00000   1.00000   1.00000   0.00000   1.00000   2.00000   1.00000
6145.00000   2.89498   3.00000   0.00000   1.00000   1.00000   0.00000   1.00000   3.00000   1.00000
6457.00000   3.66091   1.50000   0.00000   1.00000   2.00000   0.00000   1.00000   1.50000   2.00000
6498.00000   3.29614   4.00000   0.00000   1.00000   1.00000   0.00000   1.00000   4.00000   1.00000
6632.00000   2.80991   1.00000   0.00000   1.00000   1.00000   0.00000   1.00000   1.00000   1.00000
8118.00000   2.78175   1.00000   0.00000   1.00000   1.00000   0.00000   1.00000   1.00000   1.00000
8854.00000   2.71802   1.00000   0.00000   1.00000   1.00000   0.00000   1.00000   1.00000   1.00000
9697.00000   6.57263   2.00000   0.00000   1.00000   1.00000   0.00000   1.00000   2.00000   1.00000
9731.00000   3.11421   1.00000   0.00000   1.00000   1.00000   0.00000   1.00000   1.00000   1.00000
5068.00000   6.62772   3.00000   0.00000   1.00000   1.00000   0.00000   1.00000   3.00000   1.00000
5331.00000   2.44065   1.00000   0.00000   1.00000   1.00000   0.00000   1.00000   1.00000   1.00000
7720.00000   4.00409   1.00000   0.00000   1.00000   2.00000   0.00000   1.00000   1.00000   2.00000
8606.00000   2.99673   1.00000   0.00000   1.00000   1.00000   0.00000   1.00000   1.00000   1.00000
8924.00000   3.15983   1.00000   0.00000   1.00000   1.00000   0.00000   1.00000   1.00000   1.00000
9077.00000   9.89828   2.00000   0.00000   1.00000   1.00000   0.00000   1.00000   2.00000   1.00000
9078.00000   2.62853   1.00000   0.00000   1.00000   1.00000   0.00000   1.00000   1.00000   1.00000
9336.00000   2.46524   1.00000   0.00000   1.00000   1.00000   0.00000   1.00000   1.00000   1.00000
9452.00000   7.07394   3.00000   0.00000   1.00000   1.00000   0.00000   1.00000   3.00000   1.00000
9597.00000   7.50675   3.00000   0.00000   1.00000   1.00000   0.00000   1.00000   3.00000   1.00000
9711.00000   2.78315   1.00000   0.00000   1.00000   1.00000   0.00000   1.00000   1.00000   1.00000
3443.00000   2.64405   1.00000   0.00000   1.00000   1.00000   0.00000   1.00000   1.00000   1.00000
6037.00000   2.61048   1.00000   0.00000   1.00000   1.00000   0.00000   1.00000   1.00000   1.00000
6899.00000   3.99426   2.00000   0.00000   1.00000   1.00000   0.00000   1.00000   2.00000   1.00000
7229.00000   2.79109   2.00000   0.00000   1.00000   1.00000   0.00000   1.00000   2.00000   1.00000
8140.00000   2.56742   3.00000   0.00000   1.00000   1.00000   0.00000   1.00000   3.00000   1.00000
8388.00000   3.64839   1.00000   0.00000   1.00000   1.00000   0.00000   1.00000   1.00000   1.00000
8586.00000   2.76562   2.00000   0.00000   1.00000   1.00000   0.00000   1.00000   2.00000   1.00000
9049.00000   2.26310   1.00000   0.00000   1.00000   1.00000   0.00000   1.00000   1.00000   1.00000
9442.00000   2.97317   1.00000   0.00000   1.00000   1.00000   0.00000   1.00000   1.00000   1.00000
9462.00000   2.53931   1.00000   0.00000   1.00000   1.00000   0.00000   1.00000   1.00000   1.00000
9489.00000   3.08971   2.00000   0.00000   1.00000   1.00000   0.00000   1.00000   2.00000   1.00000
9639.00000   2.42330   2.00000   0.00000   1.00000   1.00000   0.00000   1.00000   2.00000   1.00000
9655.00000   2.82438   2.00000   0.00000   1.00000   1.00000   0.00000   1.00000   2.00000   1.00000
9846.00000   2.51088   2.00000   0.00000   1.00000   1.00000   0.00000   1.00000   2.00000   1.00000
9881.00000   3.88471   1.00000   0.00000   1.00000   1.00000   0.00000   1.00000   1.00000   1.00000
9945.00000   3.31649   3.00000   0.00000   1.00000   1.00000   0.00000   1.00000   3.00000   1.00000
9986.00000   2.67712   2.00000   0.00000   1.00000   1.00000   0.00000   1.00000   2.00000   1.00000
