4441.00000   2.93212   3.00000   1.00000   0.00000   1.00000   0.00000   1.00000   2.50000   2.00000
5883.00000   3.68965   3.00000   1.00000   0.00000   1.00000   0.00000   1.00000   2.50000   2.00000
6547.00000   4.12552   2.00000   1.00000   0.00000   1.00000   0.00000   1.00000   2.33333   3.00000
7307.00000   1.77552   2.00000   1.00000   1.00000   2.00000   1.00000   1.00000   2.25000   4.00000
7346.00000   3.10635   1.00000   1.00000   0.00000   1.00000   0.00000   0.00000   0.00000   0.00000
8279.00000   3.54518   2.00000   1.00000   1.00000   2.00000   0.00000   0.00000   0.00000   0.00000
8791.00000   3.38664   1.00000   1.00000   0.00000   1.00000   0.00000   0.00000   0.00000   0.00000
8837.00000   3.15092   2.33333   1.00000   1.00000   3.00000   0.00000   0.00000   0.00000   0.00000
8965.00000   2.90232   1.00000   1.00000   0.00000   1.00000   0.00000   1.00000   2.00000   1.00000
9039.00000   4.13585   2.00000   1.00000   0.00000   1.00000   0.00000   1.00000   2.50000   2.00000
9058.00000   3.49917   3.00000   1.00000   0.00000   1.00000   1.00000   1.00000   1.75000   4.00000
9314.00000   3.60869   1.50000   1.00000   1.00000   2.00000   0.00000   1.00000   3.00000   1.00000
9409.00000   3.36486   1.75000   1.00000   1.00000   4.00000   1.00000   1.00000   2.00000   4.00000
9480.00000   3.22118   2.50000   1.00000   1.00000   2.00000   1.00000   1.00000   1.50000   2.00000
9689.00000   3.10458   1.50000   1.00000   1.00000   2.00000   1.00000   1.00000   1.33333   3.00000
9740.00000   3.49048   1.50000   1.00000   1.00000   2.00000   1.00000   1.00000   2.00000   2.00000
9790.00000   3.63529   2.00000   1.00000   1.00000   2.00000   0.00000   1.00000   2.33333   3.00000
9816.00000   3.92000   1.00000   1.00000   0.00000   1.00000   0.00000   0.00000   0.00000   0.00000
9870.00000   2.47763   2.00000   1.00000   1.00000   2.00000   1.00000   1.00000   2.50000   4.00000
9972.00000   3.48714   1.50000   1.00000   1.00000   2.00000   1.00000   1.00000   2.00000   3.00000
8971.00000   2.56542   2.00000   0.00000   1.00000   2.00000   0.00000   1.00000   2.00000   2.00000
9156.00000   3.64115   2.00000   0.00000   1.00000   2.00000   0.00000   1.00000   2.00000   2.00000
9802.00000   3.45286   1.00000   0.00000   1.00000   1.00000   0.00000   1.00000   1.00000   1.00000
6698.00000   1.63483   2.00000   0.00000   1.00000   1.00000   0.00000   1.00000   2.00000   1.00000
6772.00000   2.32275   1.00000   0.00000   1.00000   1.00000   0.00000   1.00000   1.00000   1.00000
6919.00000   2.31569   1.00000   0.00000   1.00000   1.00000   0.00000   1.00000   1.00000   1.00000
8432.00000   3.35909   3.00000   0.00000   1.00000   1.00000   0.00000   0.00000   0.00000   0.00000
8484.00000   2.31556   1.00000   0.00000   1.00000   1.00000   0.00000   1.00000   1.00000   1.00000
8990.00000   2.64141   1.00000   0.00000   1.00000   1.00000   0.00000   1.00000   1.00000   1.00000
9587.00000   2.14570   2.00000   0.00000   1.00000   1.00000   0.00000   1.00000   2.00000   1.00000
9645.00000   1.74747   2.00000   0.00000   1.00000   1.00000   0.00000   1.00000   2.00000   1.00000
9669.00000   4.28570   3.00000   0.00000   1.00000   1.00000   0.00000   1.00000   3.00000   1.00000
9707.00000   1.83436   2.00000   0.00000   1.00000   1.00000   0.00000   1.00000   2.00000   1.00000
9713.00000   1.97231   1.00000   0.00000   1.00000   1.00000   0.00000   1.00000   1.00000   1.00000
9793.00000   2.70862   1.00000   0.00000   1.00000   1.00000   0.00000   1.00000   1.00000   1.00000
9909.00000   3.01975   3.00000   0.00000   1.00000   1.00000   0.00000   1.00000   3.00000   1.00000
5632.00000   2.93812   2.00000   0.00000   1.00000   1.00000   0.00000   1.00000   2.00000   1.00000
6106.00000   3.41532   3.00000   0.00000   1.00000   1.00000   0.00000   0.00000   0.00000   0.00000
6302.00000   3.17859   2.00000   0.00000   1.00000   1.00000   0.00000   1.00000   2.00000   1.00000
6310.00000   2.82867   2.00000   0.00000   1.00000   1.00000   0.00000   1.00000   2.00000   1.00000
7138.00000   3.68584   1.00000   0.00000   1.00000   1.00000   0.00000   1.00000   1.00000   1.00000
7426.00000   3.09420   1.00000   0.00000   1.00000   1.00000   0.00000   1.00000   1.00000   1.00000
7457.00000   3.15812   1.00000   0.00000   1.00000   1.00000   0.00000   1.00000   1.00000   1.00000
7911.00000   2.84457   3.00000   0.00000   1.00000   1.00000   0.00000   1.00000   4.00000   1.00000
8272.00000   3.13813   2.00000   0.00000   1.00000   1.00000   0.00000   1.00000   2.00000   1.00000
8390.00000   3.73352   2.00000   0.00000   1.00000   1.00000   0.00000   1.00000   2.00000   1.00000
8602.00000   3.13236   3.00000   0.00000   1.00000   1.00000   0.00000   1.00000   2.00000   1.00000
8805.00000   3.40469   1.00000   0.00000   1.00000   1.00000   0.00000   1.00000   1.00000   1.00000
9350.00000   4.01776   2.00000   0.00000   1.00000   1.00000   0.00000   1.00000   2.00000   1.00000
9429.00000   3.04040   1.00000   0.00000   1.00000   1.00000   0.00000   1.00000   1.00000   1.00000
9688.00000   3.42708   2.00000   0.00000   1.00000   1.00000   0.00000   1.00000   2.00000   1.00000
