4272.00000   5.41327   3.00000   1.00000   0.00000   1.00000   0.00000   0.00000   0.00000   0.00000
7120.00000   3.37438   3.00000   1.00000   0.00000   1.00000   0.00000   0.00000   0.00000   0.00000
7779.00000   4.26848   2.00000   1.00000   1.00000   2.00000   1.00000   1.00000   0.75000   4.00000
8037.00000   2.38763   2.00000   1.00000   0.00000   1.00000   0.00000   1.00000   2.00000   1.00000
8371.00000   1.94628   2.00000   1.00000   0.00000   1.00000   0.00000   1.00000   2.00000   1.00000
8751.00000   3.63809   2.00000   1.00000   1.00000   2.00000   1.00000   1.00000   2.00000   2.00000
8763.00000   2.93530   1.00000   1.00000   1.00000   2.00000   0.00000   1.00000   1.00000   1.00000
8801.00000   2.91828   2.00000   1.00000   0.00000   1.00000   0.00000   0.00000   0.00000   0.00000
8905.00000   7.40693   2.00000   1.00000   1.00000   2.00000   1.00000   1.00000   1.66667   3.00000
8975.00000   3.42602   1.50000   1.00000   1.00000   2.00000   0.00000   1.00000   1.00000   1.00000
8988.00000   7.00931   1.50000   1.00000   1.00000   2.00000   0.00000   1.00000   1.50000   2.00000
9038.00000   7.08239   1.50000   1.00000   1.00000   2.00000   1.00000   1.00000   1.66667   3.00000
9095.00000   3.80095   1.00000   1.00000   1.00000   4.00000   1.00000   1.00000   0.75000   4.00000
9170.00000   5.59158   2.00000   1.00000   0.00000   1.00000   0.00000   1.00000   1.66667   3.00000
9365.00000   7.94907   1.75000   1.00000   1.00000   4.00000   0.00000   1.00000   2.00000   2.00000
9423.00000   2.58433   2.00000   1.00000   0.00000   1.00000   0.00000   1.00000   1.50000   2.00000
9451.00000   4.19139   0.75000   1.00000   1.00000   4.00000   1.00000   0.00000   1.00000   1.00000
9681.00000   4.80198   2.00000   1.00000   1.00000   4.00000   1.00000   1.00000   2.25000   4.00000
9766.00000   3.21682   1.00000   1.00000   1.00000   2.00000   1.00000   1.00000   1.33333   3.00000
9814.00000   2.27582   2.00000   1.00000   0.00000   1.00000   0.00000   1.00000   2.00000   1.00000
9902.00000   2.97438   1.50000   1.00000   1.00000   2.00000   1.00000   1.00000   1.50000   2.00000
4636.00000   4.12775   2.00000   0.00000   1.00000   1.00000   0.00000   1.00000   2.00000   1.00000
5793.00000   3.73928   2.00000   0.00000   1.00000   1.00000   0.00000   1.00000   2.00000   1.00000
7605.00000   3.54623   3.00000   0.00000   1.00000   1.00000   0.00000   1.00000   3.00000   1.00000
8586.00000   3.33251   1.00000   0.00000   1.00000   1.00000   0.00000   1.00000   1.00000   1.00000
8603.00000   2.57344   1.00000   0.00000   1.00000   1.00000   0.00000   1.00000   1.00000   1.00000
8729.00000   3.87030   2.00000   0.00000   1.00000   1.00000   0.00000   1.00000   2.00000   1.00000
8866.00000   5.73951   3.00000   0.00000   1.00000   1.00000   0.00000   1.00000   3.00000   1.00000
9066.00000   2.17453   1.50000   0.00000   1.00000   2.00000   0.00000   0.00000   0.00000   0.00000
9316.00000   2.16255   1.00000   0.00000   1.00000   1.00000   0.00000   1.00000   1.00000   1.00000
9491.00000   2.74465   1.00000   0.00000   1.00000   1.00000   0.00000   1.00000   1.00000   1.00000
9643.00000   4.12551   2.00000   0.00000   1.00000   1.00000   0.00000   1.00000   2.00000   1.00000
9752.00000   2.38628   2.00000   0.00000   1.00000   1.00000   0.00000   1.00000   2.00000   1.00000
9807.00000   3.19231   2.00000   0.00000   1.00000   1.00000   0.00000   0.00000   0.00000   0.00000
9815.00000   3.90636   1.00000   0.00000   1.00000   1.00000   0.00000   1.00000   1.00000   1.00000
9928.00000   2.76244   2.00000   0.00000   1.00000   1.00000   0.00000   1.00000   2.00000   1.00000
9945.00000   3.26655   2.00000   0.00000   1.00000   1.00000   0.00000   1.00000   2.00000   1.00000
3582.00000   3.49431   3.00000   0.00000   1.00000   1.00000   0.00000   1.00000   2.00000   1.00000
5916.00000   3.40265   2.00000   0.00000   1.00000   1.00000   0.00000   1.00000   2.00000   1.00000
6029.00000   3.66719   2.00000   0.00000   1.00000   1.00000   0.00000   0.00000   0.00000   0.00000
6485.00000   2.98735   1.00000   0.00000   1.00000   1.00000   0.00000   1.00000   1.00000   1.00000
7571.00000   3.62919   2.00000   0.00000   1.00000   1.00000   0.00000   0.00000   0.00000   0.00000
7898.00000   2.89595   1.00000   0.00000   1.00000   1.00000   0.00000   1.00000   1.00000   1.00000
8054.00000   3.20817   1.00000   0.00000   1.00000   1.00000   1.00000   1.00000   1.50000   2.00000
8294.00000   3.20972   2.00000   0.00000   1.00000   1.00000   0.00000   1.00000   2.00000   1.00000
8393.00000   2.80876   1.00000   0.00000   1.00000   1.00000   0.00000   0.00000   0.00000   0.00000
8550.00000   3.01189   2.00000   0.00000   1.00000   1.00000   0.00000   0.00000   0.00000   0.00000
8941.00000   2.82544   1.00000   0.00000   1.00000   1.00000   0.00000   1.00000   1.00000   1.00000
8971.00000   2.56542   1.00000   0.00000   1.00000   1.00000   0.00000   1.00000   1.00000   1.00000
9156.00000   3.64115   2.00000   0.00000   1.00000   1.00000   0.00000   1.00000   2.00000   1.00000
9669.00000   4.28570   1.50000   0.00000   1.00000   2.00000   0.00000   1.00000   1.50000   2.00000
9860.00000   2.81133   1.00000   0.00000   1.00000   1.00000   1.00000   1.00000   1.50000   2.00000
9909.00000   3.01975   1.00000   0.00000   1.00000   2.00000   0.00000   1.00000   1.00000   2.00000
9954.00000   8.96434   2.00000   0.00000   1.00000   1.00000   0.00000   1.00000   2.00000   1.00000
9957.00000   2.60811   1.00000   0.00000   1.00000   1.00000   1.00000   1.00000   1.50000   2.00000
