5196.00000   3.95066   2.00000   1.00000   0.00000   1.00000   0.00000   0.00000   0.00000   0.00000
6551.00000   1.78896   1.00000   1.00000   0.00000   1.00000   0.00000   0.00000   0.00000   0.00000
7331.00000   2.24735   2.00000   1.00000   1.00000   2.00000   1.00000   1.00000   1.50000   2.00000
7857.00000   1.99441   1.66667   1.00000   1.00000   3.00000   0.00000   1.00000   2.00000   2.00000
8104.00000   3.36037   2.50000   1.00000   1.00000   2.00000   1.00000   1.00000   1.00000   2.00000
8239.00000   4.78486   1.00000   1.00000   0.00000   1.00000   0.00000   0.00000   0.00000   0.00000
8314.00000   2.02356   1.00000   1.00000   0.00000   1.00000   0.00000   0.00000   0.00000   0.00000
8678.00000   2.80473   1.00000   1.00000   0.00000   1.00000   0.00000   0.00000   0.00000   0.00000
8823.00000   1.69887   1.00000   1.00000   0.00000   1.00000   0.00000   0.00000   0.00000   0.00000
8933.00000   3.84202   2.00000   1.00000   0.00000   1.00000   0.00000   0.00000   0.00000   0.00000
8998.00000   1.83183   1.00000   1.00000   0.00000   1.00000   0.00000   0.00000   0.00000   0.00000
9023.00000   3.10843   2.00000   1.00000   1.00000   2.00000   0.00000   1.00000   1.00000   1.00000
9366.00000   2.57479   1.00000   1.00000   0.00000   1.00000   0.00000   0.00000   0.00000   0.00000
9449.00000   2.12695   1.00000   1.00000   0.00000   1.00000   0.00000   0.00000   0.00000   0.00000
9764.00000   2.56410   1.50000   1.00000   1.00000   2.00000   1.00000   1.00000   0.80000   5.00000
9783.00000   2.35496   1.50000   1.00000   1.00000   2.00000   1.00000   1.00000   1.00000   2.00000
9981.00000   1.85993   1.00000   1.00000   0.00000   1.00000   0.00000   0.00000   0.00000   0.00000
5218.00000   3.83413   2.00000   0.00000   1.00000   1.00000   0.00000   1.00000   3.00000   1.00000
5535.00000   3.97885   1.00000   0.00000   1.00000   1.00000   0.00000   1.00000   1.00000   1.00000
7311.00000   2.50065   0.00000   0.00000   1.00000   2.00000   0.00000   1.00000   1.00000   2.00000
7650.00000   3.43863   1.00000   0.00000   1.00000   1.00000   0.00000   0.00000   0.00000   0.00000
7688.00000   6.63149   2.00000   0.00000   1.00000   2.00000   0.00000   1.00000   2.00000   2.00000
8151.00000   3.49897   1.00000   0.00000   1.00000   2.00000   0.00000   1.00000   1.00000   2.00000
8434.00000   3.82795   1.00000   0.00000   1.00000   1.00000   1.00000   1.00000   2.00000   2.00000
8661.00000   2.53518   1.50000   0.00000   1.00000   2.00000   0.00000   1.00000   1.50000   2.00000
8708.00000   4.88706   2.00000   0.00000   1.00000   1.00000   0.00000   1.00000   2.00000   1.00000
8952.00000   4.58215   2.00000   0.00000   1.00000   1.00000   0.00000   1.00000   2.00000   1.00000
9067.00000   3.02411   1.00000   0.00000   1.00000   1.00000   0.00000   1.00000   1.00000   1.00000
9149.00000   2.96575   3.00000   0.00000   1.00000   1.00000   0.00000   1.00000   3.00000   1.00000
9364.00000   3.88121   1.00000   0.00000   1.00000   1.00000   0.00000   1.00000   1.00000   1.00000
9624.00000   4.02501   2.00000   0.00000   1.00000   1.00000   0.00000   1.00000   2.00000   1.00000
9769.00000   5.08474   2.00000   0.00000   1.00000   1.00000   0.00000   1.00000   2.00000   1.00000
9813.00000   3.03835   1.00000   0.00000   1.00000   1.00000   0.00000   1.00000   1.00000   1.00000
3575.00000   4.70301   2.00000   0.00000   1.00000   1.00000   0.00000   1.00000   2.00000   1.00000
3892.00000   5.25514   2.00000   0.00000   1.00000   1.00000   0.00000   1.00000   2.00000   1.00000
7085.00000   6.39492   2.00000   0.00000   1.00000   1.00000   0.00000   1.00000   2.00000   1.00000
7149.00000   4.44943   1.50000   0.00000   1.00000   2.00000   0.00000   1.00000   1.50000   2.00000
7351.00000   3.15439   1.50000   0.00000   1.00000   2.00000   0.00000   1.00000   1.50000   2.00000
7355.00000   3.90480   2.00000   0.00000   1.00000   1.00000   0.00000   1.00000   2.00000   1.00000
7638.00000   4.47964   2.00000   0.00000   1.00000   1.00000   0.00000   1.00000   2.00000   1.00000
7854.00000   3.78862   1.00000   0.00000   1.00000   1.00000   0.00000   1.00000   1.00000   1.00000
8297.00000   3.93880   1.00000   0.00000   1.00000   1.00000   0.00000   1.00000   1.00000   1.00000
8523.00000   5.77692   2.00000   0.00000   1.00000   1.00000   0.00000   1.00000   2.00000   1.00000
8902.00000   3.35434   2.00000   0.00000   1.00000   1.00000   0.00000   1.00000   2.00000   1.00000
8915.00000   3.42626   1.00000   0.00000   1.00000   1.00000   0.00000   1.00000   1.00000   1.00000
6267.00000   1.95048   1.00000   0.00000   1.00000   1.00000   0.00000   1.00000   1.00000   1.00000
7831.00000   3.07218   2.00000   0.00000   1.00000   1.00000   0.00000   1.00000   2.00000   1.00000
7928.00000   4.54762   3.00000   0.00000   1.00000   1.00000   0.00000   1.00000   3.00000   1.00000
8094.00000   4.82574   2.00000   0.00000   1.00000   1.00000   0.00000   1.00000   2.00000   1.00000
8191.00000   3.33473   2.00000   0.00000   1.00000   1.00000   0.00000   1.00000   2.00000   1.00000
8602.00000   2.56912   1.00000   0.00000   1.00000   1.00000   0.00000   1.00000   1.00000   1.00000
8722.00000   2.68366   1.00000   0.00000   1.00000   1.00000   0.00000   1.00000   1.00000   1.00000
8751.00000   2.71288   1.00000   0.00000   1.00000   1.00000   0.00000   1.00000   1.00000   1.00000
9005.00000   4.04725   4.00000   0.00000   1.00000   1.00000   0.00000   1.00000   4.00000   1.00000
9012.00000   1.97448   1.00000   0.00000   1.00000   1.00000   0.00000   1.00000   1.00000   1.00000
9064.00000   5.72452   2.00000   0.00000   1.00000   1.00000   0.00000   1.00000   2.00000   1.00000
9462.00000   5.48694   3.00000   0.00000   1.00000   1.00000   0.00000   1.00000   3.00000   1.00000
9473.00000   4.71425   2.00000   0.00000   1.00000   1.00000   0.00000   1.00000   2.00000   1.00000
9524.00000   1.97867   1.00000   0.00000   1.00000   1.00000   0.00000   1.00000   1.00000   1.00000
9958.00000   3.21909   2.50000   0.00000   1.00000   2.00000   0.00000   1.00000   2.50000   2.00000
9990.00000   6.46310   2.00000   0.00000   1.00000   1.00000   0.00000   1.00000   2.00000   1.00000
4674.00000   3.88695   1.00000   0.00000   1.00000   1.00000   0.00000   1.00000   1.00000   1.00000
4993.00000   3.91204   1.00000   0.00000   1.00000   1.00000   0.00000   1.00000   1.00000   1.00000
6511.00000   3.27443   1.00000   0.00000   1.00000   1.00000   0.00000   1.00000   1.00000   1.00000
7403.00000   4.95218   2.00000   0.00000   1.00000   1.00000   0.00000   1.00000   2.00000   1.00000
7459.00000   3.71108   1.00000   0.00000   1.00000   1.00000   0.00000   1.00000   1.00000   1.00000
7885.00000   4.75064   2.00000   0.00000   1.00000   1.00000   0.00000   1.00000   2.00000   1.00000
8187.00000   3.71444   1.00000   0.00000   1.00000   1.00000   0.00000   1.00000   1.00000   1.00000
8739.00000   2.38171   2.00000   0.00000   1.00000   1.00000   0.00000   1.00000   2.00000   1.00000
8875.00000   4.12992   1.00000   0.00000   1.00000   1.00000   0.00000   1.00000   1.00000   1.00000
8881.00000   3.22538   1.00000   0.00000   1.00000   1.00000   0.00000   1.00000   1.00000   1.00000
9004.00000   5.21039   2.00000   0.00000   1.00000   1.00000   0.00000   1.00000   2.00000   1.00000
9263.00000   2.47183   1.00000   0.00000   1.00000   1.00000   0.00000   1.00000   1.00000   1.00000
9497.00000   3.85292   1.00000   0.00000   1.00000   1.00000   0.00000   1.00000   1.00000   1.00000
9897.00000   3.50494   2.00000   0.00000   1.00000   1.00000   0.00000   1.00000   2.00000   1.00000
9943.00000   4.19484   1.00000   0.00000   1.00000   1.00000   0.00000   1.00000   1.00000   1.00000
