5769.00000   2.58497   2.00000   1.00000   1.00000   2.00000   1.00000   1.00000   1.50000   2.00000
7315.00000   4.16525   2.00000   1.00000   1.00000   2.00000   1.00000   1.00000   1.50000   2.00000
7637.00000   3.07040   1.00000   1.00000   1.00000   2.00000   0.00000   1.00000   1.00000   1.00000
7833.00000   3.10062   1.00000   1.00000   1.00000   2.00000   0.00000   1.00000   1.00000   1.00000
8144.00000   3.47312   1.00000   1.00000   1.00000   2.00000   1.00000   1.00000   1.00000   2.00000
8528.00000   5.37266   1.50000   1.00000   1.00000   4.00000   0.00000   1.00000   2.00000   2.00000
8584.00000   4.63694   1.25000   1.00000   1.00000   4.00000   0.00000   1.00000   2.00000   2.00000
8981.00000   4.69456   1.50000   1.00000   1.00000   4.00000   0.00000   1.00000   2.00000   1.00000
9249.00000   3.95711   1.50000   1.00000   1.00000   2.00000   1.00000   1.00000   2.00000   2.00000
9257.00000   4.94403   1.00000   1.00000   0.00000   1.00000   0.00000   0.00000   0.00000   0.00000
9307.00000   7.84310   2.00000   1.00000   1.00000   4.00000   0.00000   1.00000   2.50000   2.00000
9329.00000   2.59104   2.00000   1.00000   0.00000   1.00000   0.00000   0.00000   0.00000   0.00000
9342.00000   4.96278   1.66667   1.00000   1.00000   3.00000   0.00000   1.00000   2.00000   2.00000
9399.00000   2.98384   2.00000   1.00000   1.00000   2.00000   1.00000   1.00000   0.50000   2.00000
9510.00000   3.28122   1.50000   1.00000   1.00000   2.00000   1.00000   1.00000   1.50000   2.00000
9681.00000   5.40852   1.00000   1.00000   0.00000   1.00000   0.00000   0.00000   0.00000   0.00000
1863.00000   3.32676   3.00000   0.00000   1.00000   1.00000   0.00000   1.00000   3.00000   1.00000
7309.00000   3.43636   1.00000   0.00000   1.00000   1.00000   0.00000   1.00000   1.00000   1.00000
7850.00000   5.72628   2.00000   0.00000   1.00000   1.00000   0.00000   1.00000   2.00000   1.00000
8127.00000   5.32219   2.00000   0.00000   1.00000   1.00000   0.00000   1.00000   2.00000   1.00000
8315.00000   3.64328   2.00000   0.00000   1.00000   1.00000   0.00000   1.00000   2.00000   1.00000
8483.00000   5.07541   2.00000   0.00000   1.00000   3.00000   0.00000   1.00000   2.00000   3.00000
8544.00000   2.49374   1.50000   0.00000   1.00000   2.00000   0.00000   1.00000   1.50000   2.00000
9100.00000   5.87294   2.00000   0.00000   1.00000   1.00000   0.00000   1.00000   2.00000   1.00000
9126.00000   4.02189   1.00000   0.00000   1.00000   1.00000   1.00000   1.00000   0.50000   4.00000
9159.00000   2.80762   1.00000   0.00000   1.00000   2.00000   0.00000   1.00000   1.00000   2.00000
9300.00000   3.54361   1.00000   0.00000   1.00000   1.00000   0.00000   1.00000   1.00000   1.00000
9531.00000   4.74433   2.00000   0.00000   1.00000   1.00000   0.00000   1.00000   2.00000   1.00000
9925.00000   3.05715   1.00000   0.00000   1.00000   1.00000   1.00000   1.00000   0.50000   2.00000
4885.00000   3.68579   2.00000   0.00000   1.00000   1.00000   0.00000   1.00000   2.00000   1.00000
6772.00000   4.51100   3.00000   0.00000   1.00000   1.00000   0.00000   1.00000   3.00000   1.00000
7139.00000   5.89800   2.00000   0.00000   1.00000   1.00000   0.00000   1.00000   2.00000   1.00000
7477.00000   5.10891   3.00000   0.00000   1.00000   1.00000   0.00000   1.00000   3.00000   1.00000
7776.00000   4.16890   2.00000   0.00000   1.00000   1.00000   0.00000   1.00000   2.00000   1.00000
8352.00000   3.58223   1.00000   0.00000   1.00000   1.00000   0.00000   1.00000   1.00000   1.00000
8532.00000   2.62600   1.00000   0.00000   1.00000   1.00000   0.00000   1.00000   1.00000   1.00000
8810.00000   2.62254   1.00000   0.00000   1.00000   1.00000   0.00000   1.00000   1.00000   1.00000
9235.00000   2.89983   2.00000   0.00000   1.00000   1.00000   0.00000   1.00000   2.00000   1.00000
9454.00000   3.55330   1.00000   0.00000   1.00000   1.00000   0.00000   1.00000   1.00000   1.00000
9586.00000   4.09601   1.00000   0.00000   1.00000   1.00000   0.00000   1.00000   1.00000   1.00000
9644.00000   3.94617   1.00000   0.00000   1.00000   1.00000   0.00000   1.00000   1.00000   1.00000
9884.00000   3.43190   3.00000   0.00000   1.00000   1.00000   0.00000   1.00000   3.00000   1.00000
9895.00000   3.01263   1.00000   0.00000   1.00000   1.00000   0.00000   1.00000   1.00000   1.00000
5144.00000   3.31536   2.00000   0.00000   1.00000   1.00000   0.00000   1.00000   2.00000   1.00000
7881.00000   5.39468   2.00000   0.00000   1.00000   1.00000   0.00000   1.00000   2.00000   1.00000
8435.00000   6.17877   2.00000   0.00000   1.00000   1.00000   0.00000   1.00000   2.00000   1.00000
9211.00000   4.21547   2.00000   0.00000   1.00000   1.00000   0.00000   1.00000   2.00000   1.00000
9389.00000   3.33679   1.00000   0.00000   1.00000   1.00000   0.00000   1.00000   1.00000   1.00000
9493.00000   3.22125   1.00000   0.00000   1.00000   1.00000   0.00000   1.00000   1.00000   1.00000
9570.00000   4.04267   3.00000   0.00000   1.00000   1.00000   0.00000   1.00000   3.00000   1.00000
9732.00000   4.66766   2.00000   0.00000   1.00000   1.00000   0.00000   1.00000   2.00000   1.00000
9972.00000   3.95737   1.00000   0.00000   1.00000   1.00000   0.00000   1.00000   1.00000   1.00000
