5873.00000   4.16848   2.00000   1.00000   0.00000   1.00000   0.00000   1.00000   1.66667   3.00000
5904.00000   2.77876   1.00000   1.00000   0.00000   1.00000   0.00000   0.00000   0.00000   0.00000
6237.00000   3.03243   1.00000   1.00000   0.00000   1.00000   0.00000   0.00000   0.00000   0.00000
6764.00000   5.95181   2.00000   1.00000   0.00000   1.00000   0.00000   1.00000   2.00000   4.00000
7010.00000   4.39201   2.00000   1.00000   0.00000   1.00000   0.00000   1.00000   1.50000   4.00000
7304.00000   3.06212   1.00000   1.00000   0.00000   1.00000   0.00000   0.00000   0.00000   0.00000
7925.00000   7.30905   2.00000   1.00000   0.00000   1.00000   0.00000   1.00000   1.66667   3.00000
7945.00000   6.38796   2.00000   1.00000   0.00000   1.00000   0.00000   1.00000   1.75000   4.00000
8205.00000   2.52602   1.00000   1.00000   0.00000   1.00000   0.00000   0.00000   0.00000   0.00000
8308.00000   7.16097   2.00000   1.00000   0.00000   1.00000   0.00000   1.00000   2.00000   4.00000
8311.00000   2.82372   1.00000   1.00000   0.00000   1.00000   0.00000   0.00000   0.00000   0.00000
8554.00000   3.17948   1.00000   1.00000   0.00000   1.00000   0.00000   0.00000   0.00000   0.00000
8609.00000   2.25612   1.00000   1.00000   1.00000   2.00000   0.00000   1.00000   1.00000   1.00000
8845.00000   2.95693   1.00000   1.00000   0.00000   1.00000   0.00000   0.00000   0.00000   0.00000
8972.00000   2.65835   1.00000   1.00000   0.00000   1.00000   0.00000   0.00000   0.00000   0.00000
9160.00000   5.07553   2.00000   1.00000   0.00000   1.00000   0.00000   1.00000   2.00000   4.00000
9199.00000   7.66475   2.00000   1.00000   0.00000   1.00000   0.00000   1.00000   2.00000   3.00000
9448.00000   6.35383   1.50000   1.00000   1.00000   2.00000   0.00000   1.00000   2.00000   1.00000
9457.00000   3.79772   1.00000   1.00000   1.00000   2.00000   0.00000   1.00000   1.66667   3.00000
9621.00000   2.81376   1.00000   1.00000   1.00000   2.00000   0.00000   1.00000   1.00000   1.00000
9664.00000   3.34160   1.66667   1.00000   1.00000   3.00000   0.00000   0.00000   0.00000   0.00000
9710.00000   5.13201   1.00000   1.00000   1.00000   2.00000   0.00000   1.00000   2.00000   1.00000
9796.00000   3.33386   1.00000   1.00000   1.00000   2.00000   0.00000   1.00000   1.00000   1.00000
9827.00000   2.52494   0.50000   1.00000   1.00000   2.00000   0.00000   1.00000   1.00000   1.00000
9952.00000   2.82837   1.00000   1.00000   0.00000   1.00000   0.00000   0.00000   0.00000   0.00000
9983.00000   2.78673   1.00000   1.00000   1.00000   2.00000   0.00000   1.00000   1.00000   1.00000
8457.00000   5.85174   3.00000   0.00000   1.00000   1.00000   0.00000   1.00000   3.00000   1.00000
9248.00000   3.25026   0.00000   0.00000   1.00000   1.00000   0.00000   0.00000   0.00000   0.00000
9294.00000   4.84365   0.50000   0.00000   1.00000   2.00000   0.00000   1.00000   1.50000   2.00000
9398.00000   6.32250   1.00000   0.00000   1.00000   1.00000   0.00000   1.00000   1.00000   1.00000
9459.00000   7.31143   2.00000   0.00000   1.00000   1.00000   0.00000   1.00000   2.00000   1.00000
9532.00000   7.01187   1.00000   0.00000   1.00000   1.00000   0.00000   1.00000   1.00000   1.00000
9924.00000   3.13485   1.50000   0.00000   1.00000   2.00000   0.00000   1.00000   1.50000   2.00000
9932.00000   5.43934   1.50000   0.00000   1.00000   2.00000   0.00000   1.00000   1.00000   1.00000
9986.00000   4.64743   0.50000   0.00000   1.00000   2.00000   0.00000   1.00000   1.50000   2.00000
9995.00000   5.27547   1.00000   0.00000   1.00000   1.00000   0.00000   0.00000   0.00000   0.00000
3875.00000   3.15455   1.00000   0.00000   1.00000   1.00000   0.00000   0.00000   0.00000   0.00000
6230.00000   4.19604   3.00000   0.00000   1.00000   1.00000   0.00000   1.00000   3.00000   1.00000
7338.00000   3.53473   1.00000   0.00000   1.00000   1.00000   0.00000   1.00000   1.00000   1.00000
7960.00000   3.65459   1.00000   0.00000   1.00000   1.00000   0.00000   1.00000   1.00000   1.00000
8468.00000   4.13326   2.50000   0.00000   1.00000   2.00000   0.00000   1.00000   2.00000   2.00000
8476.00000   3.62418   3.00000   0.00000   1.00000   2.00000   0.00000   1.00000   3.00000   2.00000
8561.00000   3.75181   3.00000   0.00000   1.00000   2.00000   0.00000   1.00000   3.00000   2.00000
8925.00000   4.32693   2.00000   0.00000   1.00000   1.00000   0.00000   1.00000   2.00000   1.00000
9451.00000   3.42295   1.00000   0.00000   1.00000   1.00000   0.00000   1.00000   1.00000   1.00000
9584.00000   4.24342   2.00000   0.00000   1.00000   1.00000   0.00000   1.00000   2.00000   1.00000
9931.00000   4.78019   2.00000   0.00000   1.00000   1.00000   0.00000   1.00000   2.00000   1.00000
9971.00000   2.48228   3.00000   0.00000   1.00000   1.00000   0.00000   1.00000   1.00000   1.00000
7671.00000   3.22634   1.00000   0.00000   1.00000   1.00000   0.00000   1.00000   1.00000   1.00000
8149.00000   4.75137   1.00000   0.00000   1.00000   1.00000   0.00000   1.00000   1.00000   1.00000
8362.00000   4.50783   2.00000   0.00000   1.00000   1.00000   0.00000   0.00000   0.00000   0.00000
8377.00000   4.09044   3.00000   0.00000   1.00000   2.00000   0.00000   1.00000   1.50000   2.00000
9378.00000   3.77670   2.50000   0.00000   1.00000   2.00000   0.00000   1.00000   3.00000   1.00000
9474.00000   2.29331   1.00000   0.00000   1.00000   1.00000   0.00000   1.00000   1.00000   1.00000
9647.00000   2.10144   1.00000   0.00000   1.00000   1.00000   0.00000   0.00000   0.00000   0.00000
9688.00000   4.31024   2.50000   0.00000   1.00000   2.00000   0.00000   1.00000   2.50000   2.00000
9693.00000   3.05645   1.00000   0.00000   1.00000   1.00000   0.00000   0.00000   0.00000   0.00000
9703.00000   2.00013   1.00000   0.00000   1.00000   1.00000   0.00000   0.00000   0.00000   0.00000
9829.00000   1.88073   1.00000   0.00000   1.00000   1.00000   0.00000   1.00000   1.00000   1.00000
1431.00000   3.97967   2.00000   0.00000   1.00000   1.00000   0.00000   1.00000   2.00000   1.00000
5352.00000   3.47811   2.00000   0.00000   1.00000   1.00000   0.00000   1.00000   2.00000   1.00000
5800.00000   2.43640   1.00000   0.00000   1.00000   1.00000   0.00000   1.00000   1.00000   1.00000
5936.00000   3.93667   3.00000   0.00000   1.00000   1.00000   0.00000   1.00000   4.00000   1.00000
6828.00000   1.97098   1.00000   0.00000   1.00000   1.00000   0.00000   1.00000   1.00000   1.00000
7410.00000   2.81484   2.00000   0.00000   1.00000   1.00000   0.00000   1.00000   2.00000   1.00000
7766.00000   4.74599   3.00000   0.00000   1.00000   1.00000   0.00000   1.00000   3.00000   1.00000
8266.00000   3.09709   1.00000   0.00000   1.00000   1.00000   0.00000   1.00000   1.00000   1.00000
9080.00000   2.76737   1.00000   0.00000   1.00000   1.00000   0.00000   0.00000   0.00000   0.00000
9392.00000   3.59949   1.00000   0.00000   1.00000   1.00000   0.00000   1.00000   1.00000   1.00000
9910.00000   2.77633   1.00000   0.00000   1.00000   1.00000   0.00000   1.00000   1.00000   1.00000
