5267.00000   1.28310   3.00000   1.00000   0.00000   1.00000   0.00000   1.00000   2.00000   1.00000
7000.00000   4.41796   0.50000   1.00000   1.00000   2.00000   0.00000   1.00000   1.00000   1.00000
7038.00000   2.96687   1.00000   1.00000   0.00000   1.00000   0.00000   0.00000   0.00000   0.00000
7423.00000   2.89141   2.00000   1.00000   1.00000   2.00000   0.00000   0.00000   0.00000   0.00000
7433.00000   2.59978   1.00000   1.00000   0.00000   1.00000   0.00000   0.00000   0.00000   0.00000
7630.00000   2.24636   3.00000   1.00000   0.00000   1.00000   0.00000   1.00000   1.50000   2.00000
7640.00000   3.12954   1.00000   1.00000   0.00000   1.00000   0.00000   0.00000   0.00000   0.00000
7834.00000   3.77103   2.00000   1.00000   0.00000   1.00000   0.00000   1.00000   2.00000   2.00000
7930.00000   2.60627   1.00000   1.00000   0.00000   1.00000   0.00000   1.00000   3.00000   1.00000
8416.00000   2.96534   1.66667   1.00000   1.00000   3.00000   1.00000   1.00000   1.66667   3.00000
8598.00000   3.19756   1.00000   1.00000   0.00000   1.00000   0.00000   1.00000   3.00000   1.00000
8617.00000   3.54319   1.50000   1.00000   1.00000   2.00000   0.00000   1.00000   2.00000   1.00000
8713.00000   2.29703   1.00000   1.00000   1.00000   2.00000   1.00000   1.00000   1.00000   2.00000
8779.00000   5.02720   2.50000   1.00000   1.00000   2.00000   0.00000   1.00000   1.50000   2.00000
8793.00000   2.82623   1.00000   1.00000   0.00000   1.00000   0.00000   0.00000   0.00000   0.00000
8797.00000   3.04208   1.00000   1.00000   0.00000   1.00000   0.00000   0.00000   0.00000   0.00000
9009.00000   2.42934   1.00000   1.00000   0.00000   1.00000   0.00000   0.00000   0.00000   0.00000
9220.00000   3.08470   1.50000   1.00000   1.00000   2.00000   0.00000   1.00000   1.00000   1.00000
9387.00000   3.51843   2.00000   1.00000   0.00000   1.00000   0.00000   1.00000   2.00000   1.00000
9477.00000   2.42670   1.50000   1.00000   1.00000   2.00000   1.00000   1.00000   2.00000   3.00000
9489.00000   2.75068   1.00000   1.00000   0.00000   1.00000   0.00000   0.00000   0.00000   0.00000
9517.00000   3.03744   2.00000   1.00000   0.00000   1.00000   0.00000   0.00000   0.00000   0.00000
9837.00000   2.95368   1.00000   1.00000   0.00000   1.00000   0.00000   0.00000   0.00000   0.00000
9859.00000   2.97151   2.00000   1.00000   1.00000   3.00000   1.00000   1.00000   1.66667   3.00000
9886.00000   2.55664   1.00000   1.00000   0.00000   1.00000   0.00000   0.00000   0.00000   0.00000
6986.00000   3.34796   1.00000   0.00000   1.00000   1.00000   0.00000   1.00000   1.00000   1.00000
7305.00000   2.42441   2.00000   0.00000   1.00000   1.00000   0.00000   1.00000   2.00000   1.00000
7365.00000   1.96997   1.00000   0.00000   1.00000   1.00000   0.00000   1.00000   1.00000   1.00000
7582.00000   2.19535   1.00000   0.00000   1.00000   1.00000   0.00000   1.00000   1.00000   1.00000
7650.00000   2.46533   1.00000   0.00000   1.00000   1.00000   0.00000   1.00000   1.00000   1.00000
7771.00000   2.54682   2.00000   0.00000   1.00000   1.00000   0.00000   0.00000   0.00000   0.00000
7785.00000   2.29892   1.00000   0.00000   1.00000   1.00000   1.00000   1.00000   1.50000   2.00000
8060.00000   3.26966   3.00000   0.00000   1.00000   1.00000   0.00000   1.00000   3.00000   1.00000
8472.00000   3.75622   2.00000   0.00000   1.00000   1.00000   0.00000   1.00000   2.00000   1.00000
8593.00000   2.53088   2.00000   0.00000   1.00000   1.00000   0.00000   1.00000   2.00000   1.00000
8866.00000   2.87571   2.00000   0.00000   1.00000   1.00000   0.00000   1.00000   2.00000   1.00000
8891.00000   2.31937   3.00000   0.00000   1.00000   1.00000   0.00000   1.00000   3.00000   1.00000
9120.00000   1.90107   1.00000   0.00000   1.00000   1.00000   0.00000   1.00000   1.00000   1.00000
9288.00000   2.60090   2.00000   0.00000   1.00000   1.00000   0.00000   1.00000   2.00000   1.00000
9467.00000   3.38326   2.00000   0.00000   1.00000   2.00000   0.00000   1.00000   2.00000   2.00000
9484.00000   3.85914   2.00000   0.00000   1.00000   1.00000   0.00000   1.00000   2.00000   1.00000
9599.00000   2.18374   3.00000   0.00000   1.00000   1.00000   0.00000   1.00000   3.00000   1.00000
9684.00000   3.35609   1.00000   0.00000   1.00000   1.00000   0.00000   1.00000   1.00000   1.00000
9942.00000   2.84679   2.00000   0.00000   1.00000   1.00000   0.00000   1.00000   2.00000   1.00000
2578.00000   4.29108   2.00000   0.00000   1.00000   1.00000   0.00000   1.00000   2.00000   1.00000
5857.00000   2.77642   3.00000   0.00000   1.00000   1.00000   0.00000   1.00000   3.00000   1.00000
6190.00000   2.54469   4.00000   0.00000   1.00000   1.00000   0.00000   0.00000   0.00000   0.00000
6518.00000   3.60910   1.00000   0.00000   1.00000   1.00000   0.00000   1.00000   1.00000   1.00000
7739.00000   3.71725   1.00000   0.00000   1.00000   1.00000   0.00000   1.00000   1.00000   1.00000
8107.00000   3.84552   3.00000   0.00000   1.00000   1.00000   0.00000   0.00000   0.00000   0.00000
8338.00000   4.00172   2.00000   0.00000   1.00000   1.00000   0.00000   1.00000   2.00000   1.00000
8529.00000   4.71925   1.00000   0.00000   1.00000   1.00000   0.00000   1.00000   1.00000   1.00000
8555.00000   2.61835   2.00000   0.00000   1.00000   1.00000   1.00000   1.00000   1.50000   2.00000
8682.00000   1.62746   1.00000   0.00000   1.00000   1.00000   0.00000   1.00000   1.00000   1.00000
9046.00000   2.84333   1.00000   0.00000   1.00000   1.00000   0.00000   1.00000   1.00000   1.00000
9264.00000   2.49721   2.00000   0.00000   1.00000   1.00000   0.00000   1.00000   2.00000   1.00000
9375.00000   3.90223   1.00000   0.00000   1.00000   1.00000   0.00000   1.00000   1.00000   1.00000
9470.00000   5.97373   1.00000   0.00000   1.00000   1.00000   0.00000   1.00000   1.00000   1.00000
9764.00000   3.07973   2.00000   0.00000   1.00000   1.00000   0.00000   1.00000   2.00000   1.00000
9774.00000   3.83694   2.00000   0.00000   1.00000   1.00000   0.00000   1.00000   2.00000   1.00000
9840.00000   4.43937   1.00000   0.00000   1.00000   1.00000   0.00000   1.00000   1.00000   1.00000
