2330.00000   4.36426   2.00000   1.00000   0.00000   1.00000   0.00000   0.00000   0.00000   0.00000
5159.00000   2.43165   2.00000   1.00000   0.00000   1.00000   0.00000   1.00000   3.00000   1.00000
5682.00000   6.55405   2.00000   1.00000   0.00000   1.00000   0.00000   0.00000   0.00000   0.00000
5901.00000   7.65441   2.00000   1.00000   0.00000   1.00000   0.00000   1.00000   1.50000   2.00000
6333.00000   5.09752   2.00000   1.00000   0.00000   1.00000   0.00000   0.00000   0.00000   0.00000
6374.00000   4.11914   1.00000   1.00000   1.00000   3.00000   1.00000   1.00000   1.00000   3.00000
6605.00000   3.30312   1.00000   1.00000   0.00000   1.00000   1.00000   0.00000   1.00000   1.00000
6622.00000   6.28187   1.50000   1.00000   1.00000   2.00000   0.00000   0.00000   0.00000   0.00000
7376.00000   3.63213   1.00000   1.00000   0.00000   1.00000   1.00000   1.00000   0.66667   3.00000
7693.00000   2.52824   1.50000   1.00000   1.00000   2.00000   1.00000   1.00000   1.50000   2.00000
7721.00000   4.89860   1.50000   1.00000   1.00000   2.00000   1.00000   1.00000   1.50000   2.00000
8014.00000   3.34295   1.00000   1.00000   0.00000   1.00000   0.00000   0.00000   0.00000   0.00000
8043.00000   7.68718   2.00000   1.00000   0.00000   1.00000   0.00000   1.00000   2.00000   1.00000
8049.00000   4.28153   2.00000   1.00000   0.00000   1.00000   0.00000   1.00000   1.00000   1.00000
8330.00000   7.59776   2.00000   1.00000   0.00000   1.00000   0.00000   1.00000   2.00000   1.00000
8341.00000   4.84866   0.50000   1.00000   1.00000   2.00000   1.00000   1.00000   1.66667   3.00000
8342.00000   4.03645   1.00000   1.00000   1.00000   3.00000   1.00000   0.00000   1.00000   1.00000
8387.00000   4.56188   1.00000   1.00000   0.00000   1.00000   1.00000   1.00000   0.66667   3.00000
8401.00000   6.31296   2.00000   1.00000   0.00000   1.00000   0.00000   1.00000   2.00000   1.00000
9157.00000   7.13591   2.00000   1.00000   0.00000   1.00000   0.00000   1.00000   1.50000   2.00000
9332.00000   5.76543   3.00000   1.00000   0.00000   1.00000   0.00000   0.00000   0.00000   0.00000
9391.00000   5.94259   2.00000   1.00000   0.00000   1.00000   0.00000   1.00000   1.00000   1.00000
9586.00000   5.75664   1.50000   1.00000   1.00000   2.00000   1.00000   1.00000   1.50000   2.00000
9808.00000   5.61008   2.00000   1.00000   0.00000   1.00000   0.00000   1.00000   2.00000   1.00000
9898.00000   3.33721   1.66667   1.00000   1.00000   3.00000   1.00000   1.00000   1.33333   3.00000
6369.00000   5.20919   1.00000   0.00000   1.00000   1.00000   0.00000   0.00000   0.00000   0.00000
7129.00000   4.97307   1.00000   0.00000   1.00000   1.00000   1.00000   1.00000   1.50000   2.00000
7136.00000   2.44791   1.00000   0.00000   1.00000   1.00000   0.00000   1.00000   1.00000   1.00000
7484.00000   2.13786   3.00000   0.00000   1.00000   1.00000   0.00000   1.00000   3.00000   1.00000
7933.00000   2.03032   1.00000   0.00000   1.00000   1.00000   0.00000   0.00000   0.00000   0.00000
8309.00000   4.46596   1.00000   0.00000   1.00000   1.00000   0.00000   1.00000   1.00000   1.00000
8926.00000   2.06128   2.00000   0.00000   1.00000   1.00000   0.00000   0.00000   0.00000   0.00000
8943.00000   4.19543   1.00000   0.00000   1.00000   1.00000   1.00000   1.00000   1.50000   2.00000
9193.00000   3.11758   1.00000   0.00000   1.00000   2.00000   0.00000   1.00000   1.00000   2.00000
9395.00000   3.53611   2.00000   0.00000   1.00000   1.00000   0.00000   1.00000   3.00000   1.00000
9461.00000   3.21420   1.50000   0.00000   1.00000   2.00000   0.00000   1.00000   1.50000   2.00000
9541.00000   3.48058   1.00000   0.00000   1.00000   1.00000   0.00000   1.00000   1.00000   1.00000
9542.00000   2.23137   1.00000   0.00000   1.00000   1.00000   0.00000   1.00000   1.00000   1.00000
9641.00000   2.59309   2.00000   0.00000   1.00000   1.00000   0.00000   1.00000   2.00000   1.00000
2744.00000   2.74363   3.00000   0.00000   1.00000   1.00000   0.00000   0.00000   0.00000   0.00000
6126.00000   3.49832   1.00000   0.00000   1.00000   1.00000   0.00000   0.00000   0.00000   0.00000
7175.00000   2.50805   3.00000   0.00000   1.00000   1.00000   0.00000   0.00000   0.00000   0.00000
7671.00000   3.86394   1.00000   0.00000   1.00000   1.00000   0.00000   1.00000   1.00000   1.00000
7817.00000   3.15614   2.00000   0.00000   1.00000   1.00000   0.00000   1.00000   2.00000   1.00000
7947.00000   3.38387   2.00000   0.00000   1.00000   1.00000   0.00000   0.00000   0.00000   0.00000
8425.00000   3.35213   1.00000   0.00000   1.00000   1.00000   0.00000   1.00000   1.00000   1.00000
9161.00000   3.91904   1.00000   0.00000   1.00000   1.00000   0.00000   1.00000   1.00000   1.00000
9227.00000   2.84275   1.00000   0.00000   1.00000   1.00000   0.00000   1.00000   1.00000   1.00000
9282.00000   2.50089   2.00000   0.00000   1.00000   1.00000   0.00000   1.00000   2.00000   1.00000
9694.00000   4.29025   1.00000   0.00000   1.00000   1.00000   0.00000   1.00000   1.00000   1.00000
9842.00000   2.55967   2.00000   0.00000   1.00000   1.00000   0.00000   1.00000   2.00000   1.00000
