2468.00000   2.56814   2.00000   1.00000   0.00000   1.00000   0.00000   0.00000   0.00000   0.00000
6738.00000   6.77078   2.00000   1.00000   0.00000   1.00000   0.00000   0.00000   0.00000   0.00000
7434.00000   3.09842   1.00000   1.00000   0.00000   1.00000   0.00000   0.00000   0.00000   0.00000
8025.00000   2.75050   1.00000   1.00000   0.00000   1.00000   0.00000   0.00000   0.00000   0.00000
8036.00000   7.77309   2.00000   1.00000   0.00000   1.00000   0.00000   0.00000   0.00000   0.00000
8091.00000   3.19731   1.00000   1.00000   0.00000   1.00000   0.00000   0.00000   0.00000   0.00000
8273.00000   2.72914   2.00000   1.00000   1.00000   2.00000   0.00000   1.00000   3.00000   1.00000
8429.00000   3.27055   1.00000   1.00000   1.00000   2.00000   1.00000   1.00000   0.50000   4.00000
8607.00000   3.12945   1.50000   1.00000   1.00000   2.00000   1.00000   1.00000   1.00000   2.00000
8635.00000   8.65119   1.00000   1.00000   1.00000   2.00000   1.00000   1.00000   1.00000   2.00000
8692.00000   3.42956   1.50000   1.00000   1.00000   2.00000   0.00000   1.00000   1.00000   1.00000
8894.00000   3.58020   1.00000   1.00000   0.00000   1.00000   0.00000   0.00000   0.00000   0.00000
9120.00000   3.14450   1.50000   1.00000   1.00000   2.00000   1.00000   1.00000   1.50000   2.00000
9290.00000   3.30565   2.25000   1.00000   1.00000   4.00000   0.00000   1.00000   2.66667   3.00000
9378.00000   8.68907   2.00000   1.00000   0.00000   1.00000   0.00000   0.00000   0.00000   0.00000
9545.00000   2.27050   1.00000   1.00000   1.00000   2.00000   1.00000   1.00000   1.00000   2.00000
9673.00000   2.68566   1.50000   1.00000   1.00000   2.00000   0.00000   1.00000   2.00000   1.00000
9696.00000   3.09798   1.50000   1.00000   1.00000   2.00000   1.00000   1.00000   1.00000   2.00000
9728.00000   2.84150   1.50000   1.00000   1.00000   2.00000   1.00000   1.00000   1.50000   2.00000
9779.00000   2.92635   1.00000   1.00000   0.00000   1.00000   0.00000   0.00000   0.00000   0.00000
9811.00000   8.54198   1.00000   1.00000   0.00000   1.00000   0.00000   0.00000   0.00000   0.00000
9947.00000   3.16628   1.50000   1.00000   1.00000   4.00000   0.00000   1.00000   2.50000   2.00000
8088.00000   3.52048   1.00000   0.00000   1.00000   1.00000   0.00000   1.00000   1.00000   1.00000
9589.00000   2.07872   0.00000   0.00000   1.00000   2.00000   0.00000   1.00000   0.00000   2.00000
9685.00000   3.53133   0.00000   0.00000   1.00000   1.00000   0.00000   1.00000   0.00000   1.00000
7141.00000   2.74895   1.50000   0.00000   1.00000   2.00000   0.00000   1.00000   1.50000   2.00000
7194.00000   3.39729   1.00000   0.00000   1.00000   1.00000   0.00000   1.00000   1.00000   1.00000
7898.00000   3.40603   2.00000   0.00000   1.00000   1.00000   0.00000   1.00000   2.00000   1.00000
8819.00000   3.53648   2.50000   0.00000   1.00000   2.00000   0.00000   1.00000   2.50000   2.00000
8997.00000   2.48949   2.00000   0.00000   1.00000   2.00000   0.00000   1.00000   2.00000   2.00000
9174.00000   2.93249   1.00000   0.00000   1.00000   2.00000   0.00000   1.00000   1.00000   2.00000
9321.00000   2.72003   1.00000   0.00000   1.00000   1.00000   0.00000   1.00000   1.00000   1.00000
9691.00000   3.51229   1.00000   0.00000   1.00000   1.00000   0.00000   1.00000   1.00000   1.00000
9826.00000   2.61007   1.00000   0.00000   1.00000   1.00000   0.00000   1.00000   1.00000   1.00000
9865.00000   3.00908   2.00000   0.00000   1.00000   1.00000   0.00000   1.00000   2.00000   1.00000
9907.00000   2.67574   1.00000   0.00000   1.00000   1.00000   0.00000   1.00000   1.00000   1.00000
4137.00000   2.35226   2.00000   0.00000   1.00000   1.00000   0.00000   1.00000   2.00000   1.00000
4419.00000   6.51204   2.00000   0.00000   1.00000   1.00000   0.00000   1.00000   2.00000   1.00000
4855.00000   2.40984   1.00000   0.00000   1.00000   1.00000   0.00000   1.00000   1.00000   1.00000
5866.00000   2.73885   2.00000   0.00000   1.00000   1.00000   0.00000   1.00000   2.00000   1.00000
6026.00000   3.73378   1.00000   0.00000   1.00000   1.00000   0.00000   1.00000   1.00000   1.00000
6252.00000   5.58612   2.00000   0.00000   1.00000   1.00000   0.00000   1.00000   2.00000   1.00000
7079.00000   2.57902   1.00000   0.00000   1.00000   1.00000   0.00000   1.00000   1.00000   1.00000
7157.00000   4.06294   1.00000   0.00000   1.00000   1.00000   0.00000   1.00000   1.00000   1.00000
7177.00000   3.51344   2.00000   0.00000   1.00000   1.00000   0.00000   1.00000   2.00000   1.00000
7492.00000   2.86752   2.00000   0.00000   1.00000   1.00000   0.00000   1.00000   2.00000   1.00000
8041.00000   3.03209   0.00000   0.00000   1.00000   1.00000   0.00000   1.00000   0.00000   1.00000
8239.00000   3.33980   1.00000   0.00000   1.00000   1.00000   0.00000   1.00000   1.00000   1.00000
8510.00000   2.29712   1.00000   0.00000   1.00000   1.00000   0.00000   1.00000   1.00000   1.00000
8576.00000   3.41636   1.00000   0.00000   1.00000   1.00000   0.00000   1.00000   1.00000   1.00000
9050.00000   2.71493   1.00000   0.00000   1.00000   1.00000   0.00000   1.00000   1.00000   1.00000
