1103.00000   6.96525   2.00000   1.00000   0.00000   1.00000   0.00000   0.00000   0.00000   0.00000
1665.00000   4.59624   3.00000   1.00000   0.00000   1.00000   0.00000   1.00000   2.00000   1.00000
1893.00000   1.95119   3.00000   1.00000   0.00000   1.00000   0.00000   1.00000   1.50000   2.00000
3734.00000   7.34062   2.00000   1.00000   0.00000   1.00000   0.00000   1.00000   2.50000   2.00000
5111.00000   3.01443   2.00000   1.00000   1.00000   3.00000   1.00000   0.00000   1.00000   1.00000
5648.00000   3.25298   2.00000   1.00000   1.00000   3.00000   1.00000   1.00000   1.66667   3.00000
6054.00000   4.19824   3.00000   1.00000   0.00000   1.00000   0.00000   1.00000   2.00000   1.00000
7041.00000   4.54918   1.66667   1.00000   1.00000   3.00000   1.00000   1.00000   1.66667   3.00000
7510.00000   3.65744   2.00000   1.00000   1.00000   3.00000   1.00000   1.00000   1.50000   2.00000
7763.00000   3.79408   1.00000   1.00000   0.00000   1.00000   0.00000   0.00000   0.00000   0.00000
7783.00000   2.95969   2.00000   1.00000   0.00000   1.00000   0.00000   0.00000   0.00000   0.00000
8493.00000   3.70876   1.50000   1.00000   1.00000   2.00000   1.00000   1.00000   1.50000   2.00000
8576.00000   4.89137   1.00000   1.00000   0.00000   1.00000   0.00000   0.00000   0.00000   0.00000
9034.00000   5.09808   2.00000   1.00000   1.00000   3.00000   1.00000   1.00000   2.00000   3.00000
9178.00000   3.12773   1.50000   1.00000   1.00000   2.00000   1.00000   1.00000   1.50000   2.00000
9185.00000   3.45877   1.50000   1.00000   1.00000   2.00000   1.00000   1.00000   1.50000   2.00000
9336.00000   3.39788   2.00000   1.00000   1.00000   2.00000   1.00000   1.00000   0.50000   2.00000
9762.00000   3.75310   1.50000   1.00000   1.00000   2.00000   1.00000   1.00000   1.50000   2.00000
9834.00000   2.83413   2.00000   1.00000   0.00000   1.00000   0.00000   1.00000   1.00000   1.00000
9846.00000   4.39515   2.00000   1.00000   1.00000   2.00000   1.00000   1.00000   2.00000   3.00000
9885.00000   4.88600   1.50000   1.00000   1.00000   2.00000   1.00000   1.00000   1.66667   3.00000
9967.00000   2.98231   1.00000   1.00000   1.00000   3.00000   1.00000   1.00000   1.00000   3.00000
5853.00000   4.74557   1.00000   0.00000   1.00000   1.00000   0.00000   1.00000   1.00000   1.00000
6321.00000   4.26321   3.00000   0.00000   1.00000   1.00000   0.00000   0.00000   0.00000   0.00000
6545.00000   4.77156   1.00000   0.00000   1.00000   1.00000   0.00000   0.00000   0.00000   0.00000
6730.00000   5.14250   3.00000   0.00000   1.00000   1.00000   0.00000   1.00000   3.00000   1.00000
7058.00000   3.71637   2.00000   0.00000   1.00000   1.00000   0.00000   1.00000   2.00000   1.00000
7291.00000   2.52846   3.00000   0.00000   1.00000   1.00000   0.00000   1.00000   3.00000   1.00000
7409.00000   3.70335   3.00000   0.00000   1.00000   1.00000   0.00000   1.00000   3.00000   1.00000
7750.00000   6.62800   1.00000   0.00000   1.00000   1.00000   0.00000   1.00000   1.00000   1.00000
8150.00000   4.18698   1.00000   0.00000   1.00000   1.00000   1.00000   1.00000   1.50000   2.00000
8304.00000   4.04548   2.00000   0.00000   1.00000   1.00000   0.00000   1.00000   2.00000   1.00000
8693.00000   5.09454   2.00000   0.00000   1.00000   1.00000   0.00000   0.00000   0.00000   0.00000
8722.00000   2.82718   1.00000   0.00000   1.00000   1.00000   0.00000   1.00000   1.00000   1.00000
9209.00000   4.36410   2.00000   0.00000   1.00000   1.00000   0.00000   1.00000   2.00000   1.00000
9373.00000   2.83695   3.00000   0.00000   1.00000   1.00000   0.00000   1.00000   2.00000   1.00000
9535.00000   3.66684   2.00000   0.00000   1.00000   1.00000   0.00000   1.00000   2.00000   1.00000
9551.00000   4.67917   1.00000   0.00000   1.00000   1.00000   0.00000   1.00000   1.00000   1.00000
2901.00000   4.02777   2.00000   0.00000   1.00000   1.00000   0.00000   0.00000   0.00000   0.00000
4671.00000   3.37109   2.00000   0.00000   1.00000   1.00000   0.00000   1.00000   3.00000   1.00000
8388.00000   4.02670   3.00000   0.00000   1.00000   1.00000   0.00000   1.00000   4.00000   1.00000
8426.00000   5.78322   3.00000   0.00000   1.00000   1.00000   0.00000   1.00000   3.00000   1.00000
8896.00000   3.77532   3.00000   0.00000   1.00000   1.00000   0.00000   1.00000   4.00000   1.00000
9458.00000   3.43807   1.00000   0.00000   1.00000   1.00000   1.00000   1.00000   1.50000   2.00000
