2720.00000   5.15449   2.00000   1.00000   0.00000   1.00000   0.00000   1.00000   2.00000   2.00000
6848.00000   3.97892   1.50000   1.00000   1.00000   2.00000   0.00000   1.00000   1.00000   1.00000
7090.00000   3.23393   1.50000   1.00000   1.00000   2.00000   0.00000   1.00000   1.00000   1.00000
7494.00000   3.90715   1.50000   1.00000   1.00000   2.00000   0.00000   1.00000   2.00000   2.00000
8358.00000   3.36556   2.00000   1.00000   1.00000   2.00000   0.00000   1.00000   2.66667   3.00000
8525.00000   5.95664   1.50000   1.00000   1.00000   2.00000   0.00000   1.00000   1.50000   2.00000
8690.00000   5.67350   1.00000   1.00000   1.00000   2.00000   0.00000   1.00000   1.00000   1.00000
8849.00000   3.73680   2.00000   1.00000   1.00000   3.00000   0.00000   1.00000   4.00000   1.00000
9020.00000   3.67435   1.50000   1.00000   1.00000   2.00000   0.00000   1.00000   1.00000   1.00000
9053.00000   3.31319   1.50000   1.00000   1.00000   2.00000   0.00000   1.00000   1.00000   1.00000
9284.00000   2.88814   2.00000   1.00000   1.00000   2.00000   0.00000   1.00000   1.00000   1.00000
9409.00000   3.60817   2.33333   1.00000   1.00000   3.00000   0.00000   1.00000   3.00000   1.00000
9471.00000   3.87358   2.00000   1.00000   0.00000   1.00000   0.00000   1.00000   2.00000   1.00000
9478.00000   3.12020   1.00000   1.00000   0.00000   1.00000   0.00000   0.00000   0.00000   0.00000
9556.00000   3.21913   2.33333   1.00000   1.00000   3.00000   0.00000   1.00000   4.00000   1.00000
9779.00000   3.01626   1.75000   1.00000   1.00000   4.00000   0.00000   0.00000   0.00000   0.00000
9823.00000   4.78384   2.00000   1.00000   1.00000   2.00000   0.00000   1.00000   1.50000   2.00000
9837.00000   2.84971   1.00000   1.00000   0.00000   1.00000   0.00000   0.00000   0.00000   0.00000
1889.00000   5.01327   3.00000   0.00000   1.00000   1.00000   0.00000   1.00000   3.00000   1.00000
2000.00000   4.81954   2.50000   0.00000   1.00000   2.00000   0.00000   1.00000   2.50000   2.00000
5916.00000   3.09421   2.00000   0.00000   1.00000   1.00000   0.00000   1.00000   2.00000   1.00000
7120.00000   3.57880   1.00000   0.00000   1.00000   1.00000   0.00000   1.00000   1.00000   1.00000
7890.00000   3.89779   2.00000   0.00000   1.00000   1.00000   0.00000   1.00000   2.00000   1.00000
8010.00000   3.10321   2.00000   0.00000   1.00000   1.00000   0.00000   0.00000   0.00000   0.00000
8403.00000   3.86581   1.00000   0.00000   1.00000   1.00000   0.00000   1.00000   1.00000   1.00000
8569.00000   3.52323   1.00000   0.00000   1.00000   2.00000   0.00000   1.00000   1.00000   2.00000
8589.00000   3.13167   1.00000   0.00000   1.00000   1.00000   0.00000   0.00000   0.00000   0.00000
9014.00000   4.42256   2.00000   0.00000   1.00000   1.00000   0.00000   1.00000   2.00000   1.00000
9207.00000   3.36786   2.00000   0.00000   1.00000   1.00000   0.00000   1.00000   2.00000   1.00000
9255.00000   3.02267   2.00000   0.00000   1.00000   1.00000   0.00000   1.00000   2.00000   1.00000
9299.00000   4.19858   3.00000   0.00000   1.00000   2.00000   0.00000   1.00000   3.00000   2.00000
9442.00000   4.18738   1.50000   0.00000   1.00000   2.00000   0.00000   1.00000   1.50000   2.00000
9580.00000   3.65764   2.50000   0.00000   1.00000   2.00000   0.00000   1.00000   2.50000   2.00000
9801.00000   5.02260   2.00000   0.00000   1.00000   1.00000   0.00000   1.00000   2.00000   1.00000
9950.00000   3.36107   2.00000   0.00000   1.00000   1.00000   0.00000   1.00000   2.00000   1.00000
7036.00000   4.45580   2.00000   0.00000   1.00000   1.00000   0.00000   1.00000   2.00000   1.00000
8537.00000   3.31725   3.00000   0.00000   1.00000   1.00000   0.00000   1.00000   3.00000   1.00000
8685.00000   3.97496   2.00000   0.00000   1.00000   1.00000   0.00000   1.00000   2.00000   1.00000
8867.00000   4.23508   2.00000   0.00000   1.00000   1.00000   0.00000   1.00000   2.00000   1.00000
9232.00000   4.66122   2.00000   0.00000   1.00000   1.00000   0.00000   1.00000   2.00000   1.00000
9423.00000   4.60505   1.00000   0.00000   1.00000   1.00000   0.00000   1.00000   1.00000   1.00000
9519.00000   4.74815   2.00000   0.00000   1.00000   1.00000   0.00000   1.00000   2.00000   1.00000
9769.00000   4.96980   2.00000   0.00000   1.00000   1.00000   0.00000   1.00000   2.00000   1.00000
7393.00000   2.98266   1.00000   0.00000   1.00000   1.00000   0.00000   1.00000   1.00000   1.00000
8404.00000   3.24148   2.00000   0.00000   1.00000   1.00000   0.00000   1.00000   2.00000   1.00000
8468.00000   4.13326   2.00000   0.00000   1.00000   1.00000   0.00000   1.00000   2.00000   1.00000
8476.00000   3.62418   3.00000   0.00000   1.00000   1.00000   0.00000   1.00000   1.00000   1.00000
8561.00000   3.75181   3.00000   0.00000   1.00000   1.00000   0.00000   1.00000   0.00000   1.00000
8780.00000   2.64565   1.00000   0.00000   1.00000   1.00000   0.00000   1.00000   1.00000   1.00000
9240.00000   3.80726   1.00000   0.00000   1.00000   1.00000   0.00000   1.00000   1.00000   1.00000
9565.00000   3.55299   2.00000   0.00000   1.00000   1.00000   0.00000   1.00000   2.00000   1.00000
9968.00000   4.00025   1.00000   0.00000   1.00000   1.00000   0.00000   1.00000   1.00000   1.00000
9971.00000   2.48228   2.00000   0.00000   1.00000   1.00000   0.00000   1.00000   2.00000   1.00000
