4818.00000   2.30963   1.00000   1.00000   0.00000   1.00000   0.00000   0.00000   0.00000   0.00000
5724.00000   2.87852   2.00000   1.00000   0.00000   1.00000   0.00000   1.00000   2.00000   1.00000
6105.00000   2.38053   1.33333   1.00000   1.00000   3.00000   0.00000   0.00000   0.00000   0.00000
6199.00000   4.00461   2.00000   1.00000   0.00000   1.00000   0.00000   0.00000   0.00000   0.00000
6233.00000   2.72954   1.00000   1.00000   0.00000   1.00000   0.00000   0.00000   0.00000   0.00000
7172.00000   4.14390   1.50000   1.00000   1.00000   2.00000   0.00000   1.00000   1.00000   1.00000
7236.00000   3.81720   2.00000   1.00000   0.00000   1.00000   0.00000   1.00000   1.00000   1.00000
7280.00000   2.69950   1.00000   1.00000   0.00000   1.00000   0.00000   0.00000   0.00000   0.00000
7351.00000   2.49365   2.00000   1.00000   0.00000   1.00000   0.00000   0.00000   0.00000   0.00000
7515.00000   3.35227   1.50000   1.00000   1.00000   2.00000   0.00000   1.00000   1.00000   1.00000
8219.00000   3.79774   0.33333   1.00000   1.00000   3.00000   0.00000   0.00000   0.00000   0.00000
8299.00000   4.66385   1.50000   1.00000   1.00000   2.00000   0.00000   1.00000   1.00000   1.00000
8953.00000   4.29341   1.00000   1.00000   0.00000   1.00000   0.00000   0.00000   0.00000   0.00000
8959.00000   4.47259   1.33333   1.00000   1.00000   3.00000   0.00000   1.00000   2.50000   2.00000
8978.00000   2.96384   1.66667   1.00000   1.00000   3.00000   0.00000   0.00000   0.00000   0.00000
8998.00000   2.98616   2.00000   1.00000   0.00000   1.00000   0.00000   1.00000   1.50000   2.00000
9062.00000   3.26533   1.50000   1.00000   1.00000   2.00000   0.00000   1.00000   2.00000   2.00000
9095.00000   3.99541   1.50000   1.00000   1.00000   2.00000   0.00000   1.00000   1.00000   1.00000
9125.00000   3.55933   2.00000   1.00000   0.00000   1.00000   0.00000   1.00000   2.00000   2.00000
9730.00000   3.17539   1.33333   1.00000   1.00000   3.00000   0.00000   1.00000   1.50000   2.00000
9745.00000   2.47527   1.00000   1.00000   0.00000   1.00000   0.00000   1.00000   1.50000   2.00000
9776.00000   3.10554   2.00000   1.00000   1.00000   2.00000   0.00000   1.00000   1.50000   2.00000
9841.00000   5.01486   1.50000   1.00000   1.00000   2.00000   0.00000   1.00000   1.00000   2.00000
6215.00000   2.01339   1.00000   0.00000   1.00000   1.00000   0.00000   0.00000   0.00000   0.00000
6236.00000   1.81948   3.00000   0.00000   1.00000   1.00000   0.00000   0.00000   0.00000   0.00000
7556.00000   2.54424   1.00000   0.00000   1.00000   1.00000   0.00000   0.00000   0.00000   0.00000
8742.00000   2.23500   1.00000   0.00000   1.00000   1.00000   0.00000   1.00000   1.00000   1.00000
9154.00000   2.60190   1.00000   0.00000   1.00000   1.00000   0.00000   1.00000   1.00000   1.00000
9257.00000   2.45266   1.00000   0.00000   1.00000   1.00000   0.00000   1.00000   1.00000   1.00000
9491.00000   2.79517   0.50000   0.00000   1.00000   2.00000   0.00000   1.00000   0.50000   2.00000
9535.00000   4.02095   1.00000   0.00000   1.00000   1.00000   0.00000   0.00000   0.00000   0.00000
9545.00000   3.82167   1.00000   0.00000   1.00000   1.00000   0.00000   1.00000   1.00000   1.00000
9781.00000   3.27522   2.00000   0.00000   1.00000   2.00000   0.00000   1.00000   1.50000   2.00000
9843.00000   3.06771   2.00000   0.00000   1.00000   1.00000   0.00000   1.00000   2.00000   1.00000
9962.00000   2.97773   1.00000   0.00000   1.00000   1.00000   0.00000   1.00000   1.00000   1.00000
7713.00000   2.50409   1.00000   0.00000   1.00000   1.00000   0.00000   1.00000   1.00000   1.00000
7987.00000   3.15682   2.00000   0.00000   1.00000   1.00000   0.00000   1.00000   4.00000   1.00000
7989.00000   3.40279   1.00000   0.00000   1.00000   1.00000   0.00000   1.00000   1.00000   1.00000
8337.00000   3.03562   1.00000   0.00000   1.00000   1.00000   0.00000   1.00000   1.00000   1.00000
8650.00000   3.71483   3.00000   0.00000   1.00000   1.00000   0.00000   0.00000   0.00000   0.00000
8748.00000   3.43668   2.00000   0.00000   1.00000   1.00000   0.00000   1.00000   2.00000   1.00000
8845.00000   3.52823   2.00000   0.00000   1.00000   1.00000   0.00000   0.00000   0.00000   0.00000
8935.00000   2.85763   0.00000   0.00000   1.00000   1.00000   0.00000   1.00000   0.00000   1.00000
9038.00000   3.75198   1.00000   0.00000   1.00000   1.00000   0.00000   0.00000   0.00000   0.00000
9251.00000   3.61133   2.00000   0.00000   1.00000   1.00000   0.00000   1.00000   2.00000   1.00000
9686.00000   2.95284   2.00000   0.00000   1.00000   1.00000   0.00000   1.00000   2.00000   1.00000
