1942.00000   3.11918   3.00000   1.00000   0.00000   1.00000   0.00000   1.00000   2.00000   1.00000
4729.00000   3.12992   1.00000   1.00000   0.00000   1.00000   0.00000   1.00000   1.00000   1.00000
5272.00000   5.00833   1.00000   1.00000   0.00000   1.00000   0.00000   1.00000   2.00000   2.00000
6493.00000   2.39318   3.00000   1.00000   0.00000   1.00000   0.00000   0.00000   0.00000   0.00000
6946.00000   3.30115   1.00000   1.00000   0.00000   1.00000   0.00000   0.00000   0.00000   0.00000
7083.00000   3.62528   0.50000   1.00000   1.00000   2.00000   0.00000   1.00000   1.50000   2.00000
7284.00000   2.71555   1.00000   1.00000   1.00000   3.00000   0.00000   1.00000   2.00000   1.00000
7285.00000   3.29096   1.00000   1.00000   0.00000   1.00000   0.00000   0.00000   0.00000   0.00000
7793.00000   2.32582   1.00000   1.00000   0.00000   1.00000   0.00000   0.00000   0.00000   0.00000
7854.00000   3.41718   1.50000   1.00000   1.00000   2.00000   0.00000   1.00000   2.50000   2.00000
8097.00000   3.20244   2.00000   1.00000   0.00000   1.00000   0.00000   1.00000   2.00000   2.00000
8152.00000   2.42458   1.00000   1.00000   0.00000   1.00000   0.00000   0.00000   0.00000   0.00000
8196.00000   2.75432   2.00000   1.00000   0.00000   1.00000   0.00000   0.00000   0.00000   0.00000
8446.00000   2.94217   2.00000   1.00000   0.00000   1.00000   0.00000   1.00000   2.50000   2.00000
8771.00000   2.41657   1.50000   1.00000   1.00000   2.00000   0.00000   1.00000   1.50000   2.00000
8802.00000   2.79799   1.00000   1.00000   0.00000   1.00000   0.00000   1.00000   2.50000   2.00000
8850.00000   3.85330   1.66667   1.00000   1.00000   3.00000   0.00000   1.00000   2.00000   1.00000
8872.00000   3.20935   2.00000   1.00000   0.00000   1.00000   0.00000   0.00000   0.00000   0.00000
8937.00000   2.92435   2.00000   1.00000   0.00000   1.00000   0.00000   1.00000   1.50000   2.00000
9349.00000   3.07221   1.00000   1.00000   0.00000   1.00000   0.00000   0.00000   0.00000   0.00000
9409.00000   2.64990   2.00000   1.00000   0.00000   1.00000   0.00000   0.00000   0.00000   0.00000
9436.00000   3.55044   1.66667   1.00000   1.00000   3.00000   0.00000   1.00000   2.00000   1.00000
9742.00000   3.77155   0.50000   1.00000   1.00000   2.00000   0.00000   1.00000   1.00000   1.00000
9766.00000   3.16699   2.00000   1.00000   1.00000   2.00000   0.00000   0.00000   0.00000   0.00000
9899.00000   2.47423   1.50000   1.00000   1.00000   2.00000   0.00000   1.00000   1.50000   2.00000
9979.00000   3.29076   0.50000   1.00000   1.00000   2.00000   0.00000   1.00000   1.00000   1.00000
3614.00000   4.51987   2.50000   0.00000   1.00000   2.00000   0.00000   1.00000   2.50000   2.00000
4315.00000   3.20071   3.00000   0.00000   1.00000   1.00000   0.00000   0.00000   0.00000   0.00000
4631.00000   5.53934   2.00000   0.00000   1.00000   1.00000   0.00000   1.00000   2.00000   1.00000
4722.00000   6.63285   2.00000   0.00000   1.00000   1.00000   0.00000   1.00000   2.00000   1.00000
6314.00000   2.89741   1.00000   0.00000   1.00000   1.00000   0.00000   1.00000   1.00000   1.00000
6545.00000   4.11612   1.00000   0.00000   1.00000   1.00000   0.00000   1.00000   1.00000   1.00000
8139.00000   3.59847   2.00000   0.00000   1.00000   2.00000   0.00000   1.00000   2.00000   1.00000
8301.00000   2.99395   1.00000   0.00000   1.00000   1.00000   0.00000   1.00000   1.00000   1.00000
8345.00000   4.77127   2.00000   0.00000   1.00000   1.00000   0.00000   1.00000   2.00000   1.00000
8427.00000   3.51109   1.00000   0.00000   1.00000   1.00000   0.00000   1.00000   2.00000   1.00000
9262.00000   2.89194   1.00000   0.00000   1.00000   1.00000   0.00000   1.00000   1.00000   1.00000
9521.00000   2.84902   1.00000   0.00000   1.00000   1.00000   0.00000   1.00000   1.00000   1.00000
9556.00000   3.11080   1.00000   0.00000   1.00000   1.00000   0.00000   1.00000   1.00000   1.00000
9694.00000   3.46024   2.00000   0.00000   1.00000   1.00000   0.00000   1.00000   2.00000   2.00000
9840.00000   3.92572   1.00000   0.00000   1.00000   1.00000   0.00000   1.00000   1.00000   1.00000
9945.00000   3.86424   2.00000   0.00000   1.00000   1.00000   0.00000   0.00000   0.00000   0.00000
9957.00000   4.17728   1.00000   0.00000   1.00000   1.00000   0.00000   0.00000   0.00000   0.00000
4198.00000   2.93887   2.00000   0.00000   1.00000   1.00000   0.00000   1.00000   2.00000   1.00000
5168.00000   4.15379   1.00000   0.00000   1.00000   1.00000   0.00000   0.00000   0.00000   0.00000
5305.00000   3.62084   2.00000   0.00000   1.00000   1.00000   0.00000   1.00000   2.00000   1.00000
6291.00000   3.04951   1.00000   0.00000   1.00000   1.00000   0.00000   1.00000   1.00000   1.00000
6497.00000   3.56019   3.00000   0.00000   1.00000   1.00000   0.00000   1.00000   2.00000   1.00000
7041.00000   3.54785   1.00000   0.00000   1.00000   1.00000   0.00000   1.00000   1.00000   1.00000
7239.00000   2.54461   1.00000   0.00000   1.00000   1.00000   0.00000   1.00000   1.00000   1.00000
7296.00000   3.70911   2.00000   0.00000   1.00000   1.00000   0.00000   1.00000   2.00000   1.00000
7595.00000   3.57106   1.00000   0.00000   1.00000   1.00000   0.00000   1.00000   1.00000   1.00000
7688.00000   2.79020   3.00000   0.00000   1.00000   1.00000   0.00000   1.00000   2.00000   1.00000
7814.00000   4.18920   2.00000   0.00000   1.00000   1.00000   0.00000   1.00000   2.00000   1.00000
7846.00000   3.39664   2.00000   0.00000   1.00000   1.00000   0.00000   1.00000   2.00000   1.00000
7870.00000   2.95412   1.00000   0.00000   1.00000   1.00000   0.00000   1.00000   1.00000   1.00000
7960.00000   3.81385   1.00000   0.00000   1.00000   1.00000   0.00000   1.00000   1.00000   1.00000
7978.00000   3.04538   2.00000   0.00000   1.00000   1.00000   0.00000   1.00000   1.00000   1.00000
8010.00000   4.44147   1.00000   0.00000   1.00000   1.00000   0.00000   0.00000   0.00000   0.00000
8098.00000   2.58557   1.00000   0.00000   1.00000   1.00000   0.00000   0.00000   0.00000   0.00000
8980.00000   2.78858   1.00000   0.00000   1.00000   1.00000   0.00000   1.00000   1.00000   1.00000
8984.00000   3.69587   1.00000   0.00000   1.00000   1.00000   0.00000   1.00000   1.00000   1.00000
9122.00000   3.35493   2.00000   0.00000   1.00000   1.00000   0.00000   1.00000   2.00000   1.00000
9929.00000   3.44425   3.00000   0.00000   1.00000   1.00000   0.00000   1.00000   3.00000   1.00000
