3699.00000   2.76413   1.00000   1.00000   0.00000   1.00000   0.00000   0.00000   0.00000   0.00000
3952.00000   1.82551   2.00000   1.00000   0.00000   1.00000   0.00000   0.00000   0.00000   0.00000
4736.00000   2.84895   1.00000   1.00000   0.00000   1.00000   0.00000   1.00000   3.00000   1.00000
4998.00000   3.13575   2.00000   1.00000   0.00000   1.00000   0.00000   1.00000   3.00000   1.00000
5933.00000   3.07730   2.00000   1.00000   0.00000   1.00000   0.00000   1.00000   1.00000   1.00000
6136.00000   2.73134   2.50000   1.00000   1.00000   2.00000   0.00000   1.00000   2.50000   2.00000
6931.00000   2.19918   2.00000   1.00000   0.00000   1.00000   0.00000   0.00000   0.00000   0.00000
7628.00000   2.75221   2.00000   1.00000   1.00000   2.00000   0.00000   1.00000   1.50000   2.00000
7974.00000   2.91245   1.80000   1.00000   1.00000   5.00000   0.00000   1.00000   3.00000   2.00000
8004.00000   2.26746   2.00000   1.00000   0.00000   1.00000   0.00000   1.00000   4.00000   1.00000
8149.00000   3.29261   2.00000   1.00000   1.00000   2.00000   0.00000   1.00000   1.00000   1.00000
8322.00000   2.45823   1.00000   1.00000   0.00000   1.00000   0.00000   1.00000   2.00000   1.00000
8372.00000   2.67942   1.00000   1.00000   0.00000   1.00000   0.00000   0.00000   0.00000   0.00000
8406.00000   2.09332   2.00000   1.00000   0.00000   1.00000   0.00000   1.00000   4.00000   1.00000
8425.00000   3.35213   0.50000   1.00000   1.00000   2.00000   0.00000   1.00000   1.00000   1.00000
8804.00000   3.58823   1.50000   1.00000   1.00000   2.00000   0.00000   1.00000   1.00000   1.00000
9110.00000   3.79308   1.50000   1.00000   1.00000   2.00000   0.00000   1.00000   2.00000   2.00000
9161.00000   3.91904   0.50000   1.00000   1.00000   2.00000   0.00000   1.00000   1.00000   1.00000
9193.00000   3.11758   1.00000   1.00000   1.00000   2.00000   0.00000   1.00000   1.00000   1.00000
9203.00000   2.32427   1.00000   1.00000   0.00000   1.00000   0.00000   0.00000   0.00000   0.00000
9227.00000   2.84275   1.50000   1.00000   1.00000   2.00000   0.00000   1.00000   1.00000   1.00000
9267.00000   3.13504   1.40000   1.00000   1.00000   5.00000   0.00000   0.00000   0.00000   0.00000
9461.00000   3.21420   1.00000   1.00000   1.00000   2.00000   0.00000   1.00000   2.00000   3.00000
9735.00000   2.82920   3.00000   1.00000   0.00000   1.00000   0.00000   1.00000   3.00000   1.00000
9819.00000   2.48624   3.00000   1.00000   0.00000   1.00000   0.00000   0.00000   0.00000   0.00000
9887.00000   2.55302   2.00000   1.00000   0.00000   1.00000   0.00000   1.00000   2.33333   3.00000
6622.00000   6.28187   3.00000   0.00000   1.00000   1.00000   0.00000   1.00000   3.00000   1.00000
7512.00000   2.79860   1.00000   0.00000   1.00000   1.00000   0.00000   1.00000   1.00000   1.00000
7637.00000   3.12358   2.00000   0.00000   1.00000   1.00000   0.00000   1.00000   2.00000   1.00000
7693.00000   2.52824   1.50000   0.00000   1.00000   2.00000   0.00000   1.00000   1.50000   2.00000
7721.00000   4.89860   1.00000   0.00000   1.00000   1.00000   0.00000   1.00000   1.00000   1.00000
8341.00000   4.84866   2.00000   0.00000   1.00000   2.00000   0.00000   1.00000   2.50000   2.00000
8433.00000  10.16452   2.00000   0.00000   1.00000   1.00000   0.00000   1.00000   2.00000   1.00000
8702.00000   2.55019   1.00000   0.00000   1.00000   1.00000   0.00000   1.00000   1.00000   1.00000
9328.00000   6.65035   2.00000   0.00000   1.00000   1.00000   0.00000   1.00000   2.00000   1.00000
9391.00000   5.94259   1.00000   0.00000   1.00000   1.00000   0.00000   0.00000   0.00000   0.00000
9586.00000   5.75664   1.00000   0.00000   1.00000   1.00000   0.00000   1.00000   1.00000   1.00000
9709.00000   3.28025   1.00000   0.00000   1.00000   2.00000   0.00000   0.00000   0.00000   0.00000
9882.00000   2.73078   1.00000   0.00000   1.00000   1.00000   0.00000   1.00000   1.00000   1.00000
9924.00000  10.28090   2.00000   0.00000   1.00000   1.00000   0.00000   1.00000   2.00000   1.00000
2852.00000   2.76530   3.00000   0.00000   1.00000   2.00000   0.00000   1.00000   2.00000   1.00000
5037.00000   4.12702   3.00000   0.00000   1.00000   1.00000   0.00000   1.00000   3.00000   1.00000
6012.00000   3.31365   2.00000   0.00000   1.00000   1.00000   0.00000   1.00000   2.00000   1.00000
7521.00000   3.95877   2.00000   0.00000   1.00000   1.00000   0.00000   0.00000   0.00000   0.00000
7779.00000   3.10102   1.00000   0.00000   1.00000   1.00000   0.00000   0.00000   0.00000   0.00000
8027.00000   2.80819   1.00000   0.00000   1.00000   1.00000   0.00000   1.00000   1.00000   1.00000
8361.00000   5.06567   3.00000   0.00000   1.00000   1.00000   0.00000   1.00000   3.00000   1.00000
8563.00000   5.20848   2.00000   0.00000   1.00000   1.00000   0.00000   1.00000   3.00000   1.00000
8767.00000   4.12198   2.00000   0.00000   1.00000   1.00000   0.00000   1.00000   2.00000   1.00000
8924.00000   4.28529   1.00000   0.00000   1.00000   2.00000   0.00000   1.00000   1.00000   2.00000
9213.00000   2.46175   1.00000   0.00000   1.00000   1.00000   0.00000   1.00000   1.00000   1.00000
9322.00000   3.93907   2.00000   0.00000   1.00000   1.00000   0.00000   1.00000   2.00000   1.00000
9816.00000   3.74485   1.00000   0.00000   1.00000   1.00000   0.00000   1.00000   1.00000   1.00000
9911.00000   3.25187   1.00000   0.00000   1.00000   1.00000   0.00000   1.00000   1.00000   1.00000
9979.00000   2.63261   1.00000   0.00000   1.00000   1.00000   0.00000   1.00000   1.00000   1.00000
2230.00000   3.04035   3.00000   0.00000   1.00000   1.00000   0.00000   1.00000   3.00000   1.00000
2936.00000   3.45855   3.00000   0.00000   1.00000   1.00000   0.00000   1.00000   3.00000   1.00000
4041.00000   3.61260   2.00000   0.00000   1.00000   1.00000   0.00000   1.00000   2.00000   1.00000
4244.00000   3.68691   2.00000   0.00000   1.00000   1.00000   0.00000   1.00000   2.00000   1.00000
5922.00000   2.64449   3.00000   0.00000   1.00000   1.00000   0.00000   1.00000   3.00000   1.00000
6179.00000   3.43639   2.00000   0.00000   1.00000   1.00000   0.00000   1.00000   2.00000   1.00000
7709.00000   3.09593   1.00000   0.00000   1.00000   1.00000   0.00000   1.00000   1.00000   1.00000
8030.00000   3.48664   2.00000   0.00000   1.00000   1.00000   0.00000   1.00000   2.00000   1.00000
8160.00000   3.24115   1.00000   0.00000   1.00000   1.00000   0.00000   1.00000   1.00000   1.00000
8213.00000   4.16442   2.00000   0.00000   1.00000   1.00000   0.00000   1.00000   2.00000   1.00000
8222.00000   3.76850   2.00000   0.00000   1.00000   1.00000   0.00000   1.00000   2.00000   1.00000
8247.00000   4.08352   2.00000   0.00000   1.00000   1.00000   0.00000   1.00000   2.00000   1.00000
8349.00000   3.28539   3.00000   0.00000   1.00000   1.00000   0.00000   0.00000   0.00000   0.00000
8415.00000   3.25359   1.00000   0.00000   1.00000   1.00000   0.00000   1.00000   1.00000   1.00000
8461.00000   2.55541   1.00000   0.00000   1.00000   1.00000   0.00000   1.00000   1.00000   1.00000
8567.00000   3.93380   2.00000   0.00000   1.00000   1.00000   0.00000   1.00000   2.00000   1.00000
8747.00000   2.76320   3.00000   0.00000   1.00000   1.00000   0.00000   1.00000   3.00000   1.00000
8982.00000   4.20963   2.00000   0.00000   1.00000   1.00000   0.00000   1.00000   2.00000   1.00000
9134.00000   4.84105   2.50000   0.00000   1.00000   2.00000   0.00000   1.00000   3.00000   2.00000
9251.00000   2.13255   1.00000   0.00000   1.00000   1.00000   0.00000   1.00000   1.00000   1.00000
9299.00000   2.45392   2.00000   0.00000   1.00000   1.00000   0.00000   1.00000   2.00000   1.00000
9438.00000   4.73635   2.00000   0.00000   1.00000   1.00000   0.00000   1.00000   2.00000   1.00000
5564.00000   6.12985   2.00000   0.00000   1.00000   1.00000   0.00000   1.00000   2.00000   1.00000
5676.00000   5.96159   3.00000   0.00000   1.00000   1.00000   0.00000   1.00000   2.00000   1.00000
5903.00000   2.70371   1.00000   0.00000   1.00000   1.00000   0.00000   1.00000   1.00000   1.00000
6758.00000   3.92201   2.00000   0.00000   1.00000   1.00000   0.00000   1.00000   3.00000   1.00000
7181.00000   5.51296   2.00000   0.00000   1.00000   1.00000   0.00000   1.00000   2.00000   1.00000
7271.00000   2.94984   1.00000   0.00000   1.00000   1.00000   0.00000   1.00000   1.00000   1.00000
8365.00000   3.47267   3.00000   0.00000   1.00000   1.00000   0.00000   1.00000   4.00000   1.00000
8399.00000   3.32009   1.00000   0.00000   1.00000   1.00000   0.00000   1.00000   1.00000   1.00000
8536.00000   3.41436   1.00000   0.00000   1.00000   1.00000   0.00000   1.00000   1.00000   1.00000
8971.00000   3.31450   0.00000   0.00000   1.00000   1.00000   0.00000   0.00000   0.00000   0.00000
9081.00000   7.23227   2.00000   0.00000   1.00000   1.00000   0.00000   1.00000   2.00000   1.00000
9164.00000   3.12189   1.00000   0.00000   1.00000   1.00000   0.00000   1.00000   1.00000   1.00000
9566.00000   3.33435   1.00000   0.00000   1.00000   1.00000   0.00000   1.00000   1.00000   1.00000
