4236.00000   5.66278   2.00000   1.00000   0.00000   1.00000   0.00000   1.00000   2.33333   3.00000
6438.00000   2.35359   1.50000   1.00000   1.00000   2.00000   0.00000   1.00000   1.00000   1.00000
7438.00000   4.59718   1.00000   1.00000   0.00000   1.00000   0.00000   0.00000   0.00000   0.00000
7457.00000   1.96171   1.00000   1.00000   1.00000   2.00000   0.00000   1.00000   1.00000   1.00000
7459.00000   4.86098   1.25000   1.00000   1.00000   4.00000   0.00000   0.00000   0.00000   0.00000
8342.00000   4.87324   1.00000   1.00000   1.00000   2.00000   0.00000   0.00000   0.00000   0.00000
8649.00000   4.74876   2.00000   1.00000   0.00000   1.00000   0.00000   1.00000   3.00000   2.00000
8844.00000   3.09349   2.00000   1.00000   1.00000   2.00000   0.00000   1.00000   2.00000   2.00000
9187.00000   3.50373   0.50000   1.00000   1.00000   2.00000   0.00000   1.00000   1.00000   1.00000
9331.00000   6.16031   1.50000   1.00000   1.00000   2.00000   0.00000   1.00000   2.66667   3.00000
9342.00000   3.99742   2.00000   1.00000   1.00000   3.00000   0.00000   1.00000   2.00000   1.00000
9354.00000   2.98516   1.00000   1.00000   1.00000   2.00000   0.00000   1.00000   1.00000   1.00000
9567.00000   4.85032   1.00000   1.00000   0.00000   1.00000   0.00000   0.00000   0.00000   0.00000
9897.00000   3.30697   2.00000   1.00000   1.00000   2.00000   0.00000   1.00000   1.50000   2.00000
9903.00000   3.72852   2.00000   1.00000   0.00000   1.00000   0.00000   1.00000   2.00000   2.00000
9968.00000   4.05227   1.75000   1.00000   1.00000   4.00000   0.00000   1.00000   4.00000   1.00000
7691.00000   3.61965   2.00000   0.00000   1.00000   1.00000   0.00000   1.00000   2.00000   1.00000
7753.00000   3.75223   0.50000   0.00000   1.00000   2.00000   0.00000   1.00000   1.50000   2.00000
7901.00000   2.56896   1.00000   0.00000   1.00000   1.00000   0.00000   1.00000   1.00000   1.00000
8161.00000   2.42898   2.00000   0.00000   1.00000   1.00000   0.00000   1.00000   3.00000   1.00000
8244.00000   3.84149   1.00000   0.00000   1.00000   2.00000   0.00000   1.00000   1.00000   2.00000
8477.00000   2.30673   1.00000   0.00000   1.00000   1.00000   0.00000   1.00000   1.00000   1.00000
8525.00000   1.93106   1.00000   0.00000   1.00000   1.00000   0.00000   0.00000   0.00000   0.00000
8537.00000   3.19886   2.00000   0.00000   1.00000   1.00000   0.00000   1.00000   3.00000   1.00000
8656.00000   4.08309   2.00000   0.00000   1.00000   1.00000   0.00000   1.00000   2.00000   1.00000
8931.00000   2.80275   1.00000   0.00000   1.00000   1.00000   0.00000   1.00000   1.00000   1.00000
9110.00000   2.31160   2.00000   0.00000   1.00000   1.00000   0.00000   1.00000   2.00000   1.00000
9168.00000   4.75641   2.50000   0.00000   1.00000   2.00000   0.00000   1.00000   2.50000   2.00000
9289.00000   3.25603   2.00000   0.00000   1.00000   1.00000   0.00000   1.00000   2.00000   1.00000
9686.00000   1.97078   1.00000   0.00000   1.00000   1.00000   0.00000   0.00000   0.00000   0.00000
9900.00000   2.42506   1.00000   0.00000   1.00000   1.00000   0.00000   1.00000   1.00000   1.00000
5989.00000   3.81734   2.00000   0.00000   1.00000   1.00000   0.00000   0.00000   0.00000   0.00000
7475.00000   6.76195   2.00000   0.00000   1.00000   1.00000   0.00000   1.00000   2.00000   1.00000
7884.00000   3.96447   2.00000   0.00000   1.00000   2.00000   0.00000   1.00000   2.50000   2.00000
8033.00000   3.41811   1.00000   0.00000   1.00000   1.00000   0.00000   1.00000   1.00000   1.00000
9410.00000   3.44325   1.00000   0.00000   1.00000   1.00000   0.00000   1.00000   1.00000   1.00000
9532.00000   3.76142   2.00000   0.00000   1.00000   2.00000   0.00000   1.00000   2.00000   2.00000
9637.00000   3.38085   0.50000   0.00000   1.00000   2.00000   0.00000   1.00000   0.50000   2.00000
9642.00000   5.36653   2.00000   0.00000   1.00000   1.00000   0.00000   1.00000   2.00000   1.00000
9687.00000   3.64732   1.00000   0.00000   1.00000   1.00000   0.00000   1.00000   1.00000   1.00000
9777.00000   5.59201   2.00000   0.00000   1.00000   1.00000   0.00000   1.00000   2.00000   1.00000
6114.00000   4.61368   1.00000   0.00000   1.00000   1.00000   0.00000   1.00000   1.00000   1.00000
7239.00000   5.05921   2.00000   0.00000   1.00000   1.00000   0.00000   1.00000   2.00000   1.00000
7308.00000   3.29622   1.00000   0.00000   1.00000   1.00000   0.00000   1.00000   1.00000   1.00000
7453.00000   5.35165   2.00000   0.00000   1.00000   1.00000   0.00000   1.00000   2.00000   1.00000
7729.00000   6.04317   2.00000   0.00000   1.00000   1.00000   0.00000   1.00000   2.00000   1.00000
7990.00000   4.06269   3.00000   0.00000   1.00000   1.00000   0.00000   1.00000   3.00000   1.00000
8105.00000   4.45046   1.00000   0.00000   1.00000   1.00000   0.00000   1.00000   1.00000   1.00000
8202.00000   3.25486   1.00000   0.00000   1.00000   1.00000   0.00000   1.00000   1.00000   1.00000
8204.00000   3.27003   1.00000   0.00000   1.00000   1.00000   0.00000   0.00000   0.00000   0.00000
8602.00000   4.46647   1.00000   0.00000   1.00000   1.00000   0.00000   1.00000   1.00000   1.00000
8616.00000   3.21111   1.00000   0.00000   1.00000   1.00000   0.00000   1.00000   1.00000   1.00000
8648.00000   2.57866   1.00000   0.00000   1.00000   1.00000   0.00000   1.00000   1.00000   1.00000
8889.00000   5.73221   2.00000   0.00000   1.00000   1.00000   0.00000   1.00000   2.00000   1.00000
