2287.00000   2.98064   2.00000   1.00000   0.00000   1.00000   0.00000   0.00000   0.00000   0.00000
5781.00000   3.51093   4.00000   1.00000   0.00000   1.00000   0.00000   0.00000   0.00000   0.00000
5958.00000   2.40513   3.00000   1.00000   0.00000   1.00000   0.00000   0.00000   0.00000   0.00000
6204.00000   3.43008   3.00000   1.00000   0.00000   1.00000   0.00000   0.00000   0.00000   0.00000
6495.00000   2.86271   3.00000   1.00000   0.00000   1.00000   0.00000   0.00000   0.00000   0.00000
7307.00000   1.77552   2.00000   1.00000   1.00000   2.00000   0.00000   1.00000   1.00000   1.00000
8338.00000   2.52922   1.00000   1.00000   0.00000   1.00000   0.00000   0.00000   0.00000   0.00000
8595.00000   2.67473   1.00000   1.00000   0.00000   1.00000   0.00000   0.00000   0.00000   0.00000
8749.00000   3.27162   3.00000   1.00000   0.00000   1.00000   0.00000   0.00000   0.00000   0.00000
8799.00000   3.28647   2.00000   1.00000   0.00000   1.00000   0.00000   0.00000   0.00000   0.00000
8941.00000   2.82544   1.00000   1.00000   1.00000   2.00000   0.00000   1.00000   1.00000   1.00000
8971.00000   2.56542   1.50000   1.00000   1.00000   4.00000   0.00000   0.00000   0.00000   0.00000
8975.00000   3.42602   2.00000   1.00000   1.00000   2.00000   0.00000   1.00000   1.00000   1.00000
8990.00000   2.64141   2.00000   1.00000   1.00000   2.00000   0.00000   1.00000   1.00000   1.00000
9156.00000   3.64115   1.75000   1.00000   1.00000   4.00000   0.00000   1.00000   2.50000   2.00000
9199.00000   3.05146   1.00000   1.00000   0.00000   1.00000   0.00000   0.00000   0.00000   0.00000
9394.00000   3.44719   2.00000   1.00000   0.00000   1.00000   0.00000   0.00000   0.00000   0.00000
9485.00000   4.00173   2.00000   1.00000   0.00000   1.00000   0.00000   0.00000   0.00000   0.00000
9576.00000   2.79334   2.00000   1.00000   0.00000   1.00000   0.00000   0.00000   0.00000   0.00000
9689.00000   3.10458   1.50000   1.00000   1.00000   2.00000   0.00000   1.00000   1.00000   1.00000
9860.00000   2.81133   1.50000   1.00000   1.00000   2.00000   0.00000   1.00000   1.00000   1.00000
9870.00000   2.47763   2.00000   1.00000   1.00000   2.00000   0.00000   1.00000   1.00000   1.00000
9950.00000   2.16835   1.00000   1.00000   0.00000   1.00000   0.00000   0.00000   0.00000   0.00000
9958.00000   2.97199   1.00000   1.00000   0.00000   1.00000   0.00000   0.00000   0.00000   0.00000
9972.00000   3.48714   1.50000   1.00000   1.00000   2.00000   0.00000   1.00000   1.00000   1.00000
3582.00000   3.49431   3.00000   0.00000   1.00000   1.00000   0.00000   1.00000   3.00000   1.00000
5916.00000   3.40265   2.00000   0.00000   1.00000   1.00000   0.00000   1.00000   2.00000   1.00000
6029.00000   3.66719   2.00000   0.00000   1.00000   1.00000   0.00000   1.00000   2.00000   1.00000
6485.00000   2.98735   1.00000   0.00000   1.00000   1.00000   0.00000   1.00000   1.00000   1.00000
7571.00000   3.62919   2.00000   0.00000   1.00000   1.00000   0.00000   1.00000   2.00000   1.00000
7779.00000   4.26848   3.00000   0.00000   1.00000   1.00000   0.00000   1.00000   3.00000   1.00000
7898.00000   2.89595   1.00000   0.00000   1.00000   1.00000   0.00000   1.00000   1.00000   1.00000
8054.00000   3.20817   1.00000   0.00000   1.00000   1.00000   0.00000   1.00000   1.00000   1.00000
8294.00000   3.20972   2.00000   0.00000   1.00000   1.00000   0.00000   1.00000   2.00000   1.00000
8393.00000   2.80876   1.00000   0.00000   1.00000   1.00000   0.00000   1.00000   1.00000   1.00000
8550.00000   3.01189   2.00000   0.00000   1.00000   1.00000   0.00000   1.00000   2.00000   1.00000
9095.00000   3.80095   0.00000   0.00000   1.00000   1.00000   0.00000   1.00000   0.00000   1.00000
9365.00000   7.94907   2.00000   0.00000   1.00000   1.00000   0.00000   1.00000   2.00000   1.00000
9451.00000   4.19139   0.00000   0.00000   1.00000   1.00000   0.00000   1.00000   0.00000   1.00000
9669.00000   4.28570   2.50000   0.00000   1.00000   2.00000   0.00000   1.00000   2.50000   2.00000
9681.00000   4.80198   3.00000   0.00000   1.00000   1.00000   0.00000   1.00000   3.00000   1.00000
9902.00000   2.97438   1.00000   0.00000   1.00000   1.00000   0.00000   1.00000   1.00000   1.00000
9909.00000   3.01975   2.50000   0.00000   1.00000   2.00000   0.00000   1.00000   2.50000   2.00000
9954.00000   8.96434   2.00000   0.00000   1.00000   1.00000   0.00000   1.00000   2.00000   1.00000
9957.00000   2.60811   1.00000   0.00000   1.00000   1.00000   0.00000   1.00000   1.00000   1.00000
8837.00000   3.15092   3.00000   0.00000   1.00000   2.00000   0.00000   1.00000   2.00000   2.00000
9314.00000   3.60869   1.00000   0.00000   1.00000   1.00000   0.00000   0.00000   0.00000   0.00000
9409.00000   3.36486   2.00000   0.00000   1.00000   2.00000   0.00000   1.00000   1.00000   2.00000
9802.00000   3.45286   1.00000   0.00000   1.00000   1.00000   0.00000   0.00000   0.00000   0.00000
6698.00000   1.63483   2.00000   0.00000   1.00000   1.00000   0.00000   1.00000   2.00000   1.00000
6772.00000   2.32275   1.00000   0.00000   1.00000   1.00000   0.00000   1.00000   1.00000   1.00000
6919.00000   2.31569   1.00000   0.00000   1.00000   1.00000   0.00000   1.00000   1.00000   1.00000
8279.00000   3.54518   3.00000   0.00000   1.00000   1.00000   0.00000   1.00000   3.00000   1.00000
8432.00000   3.35909   3.00000   0.00000   1.00000   1.00000   0.00000   1.00000   3.00000   1.00000
8484.00000   2.31556   1.00000   0.00000   1.00000   1.00000   0.00000   1.00000   1.00000   1.00000
9587.00000   2.14570   2.00000   0.00000   1.00000   1.00000   0.00000   1.00000   2.00000   1.00000
9645.00000   1.74747   2.00000   0.00000   1.00000   1.00000   0.00000   1.00000   2.00000   1.00000
9707.00000   1.83436   2.00000   0.00000   1.00000   1.00000   0.00000   1.00000   2.00000   1.00000
9713.00000   1.97231   1.00000   0.00000   1.00000   1.00000   0.00000   1.00000   1.00000   1.00000
9793.00000   2.70862   1.00000   0.00000   1.00000   1.00000   0.00000   1.00000   1.00000   1.00000
