1442.00000   3.01602   2.00000   1.00000   0.00000   1.00000   0.00000   0.00000   0.00000   0.00000
3125.00000   3.02242   2.00000   1.00000   0.00000   1.00000   0.00000   0.00000   0.00000   0.00000
5982.00000   2.91567   1.20000   1.00000   1.00000   5.00000   0.00000   1.00000   1.00000   1.00000
6029.00000   3.31794   2.00000   1.00000   0.00000   1.00000   0.00000   0.00000   0.00000   0.00000
6135.00000   7.54064   3.00000   1.00000   0.00000   1.00000   0.00000   0.00000   0.00000   0.00000
6546.00000   3.08471   2.00000   1.00000   0.00000   1.00000   0.00000   0.00000   0.00000   0.00000
7076.00000   2.79884   1.00000   1.00000   0.00000   1.00000   0.00000   0.00000   0.00000   0.00000
7085.00000   3.42331   3.00000   1.00000   0.00000   1.00000   0.00000   0.00000   0.00000   0.00000
7329.00000   6.06521   1.50000   1.00000   1.00000   2.00000   0.00000   1.00000   1.00000   1.00000
7669.00000   3.58235   2.00000   1.00000   0.00000   1.00000   0.00000   0.00000   0.00000   0.00000
7780.00000   3.60496   1.00000   1.00000   0.00000   1.00000   0.00000   0.00000   0.00000   0.00000
7794.00000   3.48838   2.00000   1.00000   0.00000   1.00000   0.00000   0.00000   0.00000   0.00000
8098.00000   3.13680   2.00000   1.00000   0.00000   1.00000   0.00000   0.00000   0.00000   0.00000
8106.00000   2.73102   3.00000   1.00000   0.00000   1.00000   0.00000   0.00000   0.00000   0.00000
8224.00000   6.23128   2.00000   1.00000   1.00000   2.00000   0.00000   1.00000   1.00000   1.00000
8310.00000   2.94061   1.00000   1.00000   0.00000   1.00000   0.00000   0.00000   0.00000   0.00000
8490.00000   2.62828   1.00000   1.00000   0.00000   1.00000   0.00000   0.00000   0.00000   0.00000
9208.00000   4.58384   1.50000   1.00000   1.00000   2.00000   0.00000   1.00000   1.00000   1.00000
9235.00000   3.21196   1.00000   1.00000   0.00000   1.00000   0.00000   0.00000   0.00000   0.00000
9263.00000   4.74989   2.00000   1.00000   0.00000   1.00000   0.00000   0.00000   0.00000   0.00000
9647.00000   3.06457   1.00000   1.00000   0.00000   1.00000   0.00000   0.00000   0.00000   0.00000
9741.00000   3.30238   1.00000   1.00000   0.00000   1.00000   0.00000   0.00000   0.00000   0.00000
9761.00000   2.27257   1.00000   1.00000   1.00000   2.00000   0.00000   1.00000   1.00000   1.00000
9790.00000   3.93738   2.00000   1.00000   0.00000   1.00000   0.00000   0.00000   0.00000   0.00000
9856.00000   3.85848   1.00000   1.00000   1.00000   2.00000   0.00000   1.00000   1.00000   1.00000
9860.00000   3.21189   1.00000   1.00000   0.00000   1.00000   0.00000   0.00000   0.00000   0.00000
2733.00000   5.47925   3.00000   0.00000   1.00000   1.00000   0.00000   1.00000   3.00000   1.00000
4633.00000   3.60954   3.00000   0.00000   1.00000   1.00000   0.00000   1.00000   3.00000   1.00000
4939.00000   3.42973   3.00000   0.00000   1.00000   1.00000   0.00000   1.00000   3.00000   1.00000
6202.00000   3.07705   2.00000   0.00000   1.00000   1.00000   0.00000   1.00000   2.00000   1.00000
6922.00000   2.98497   3.00000   0.00000   1.00000   1.00000   0.00000   1.00000   3.00000   1.00000
7285.00000   4.71267   1.00000   0.00000   1.00000   1.00000   0.00000   1.00000   1.00000   1.00000
7324.00000   3.83868   1.00000   0.00000   1.00000   1.00000   0.00000   1.00000   1.00000   1.00000
7753.00000   3.75223   1.00000   0.00000   1.00000   2.00000   0.00000   1.00000   1.00000   2.00000
7953.00000   2.68719   2.00000   0.00000   1.00000   1.00000   0.00000   1.00000   2.00000   1.00000
8144.00000   4.01853   1.00000   0.00000   1.00000   1.00000   0.00000   1.00000   1.00000   1.00000
8161.00000   2.42898   2.00000   0.00000   1.00000   1.00000   0.00000   1.00000   2.00000   1.00000
8244.00000   3.84149   2.00000   0.00000   1.00000   2.00000   0.00000   1.00000   2.00000   2.00000
8472.00000   4.34883   2.00000   0.00000   1.00000   1.00000   0.00000   1.00000   2.00000   1.00000
9021.00000   3.82283   1.00000   0.00000   1.00000   1.00000   0.00000   1.00000   1.00000   1.00000
9063.00000   3.06906   1.00000   0.00000   1.00000   2.00000   0.00000   1.00000   1.00000   2.00000
9110.00000   2.31160   3.00000   0.00000   1.00000   1.00000   0.00000   1.00000   3.00000   1.00000
9127.00000   2.66905   4.00000   0.00000   1.00000   1.00000   0.00000   1.00000   4.00000   1.00000
9168.00000   4.75641   0.50000   0.00000   1.00000   2.00000   0.00000   1.00000   0.50000   2.00000
9561.00000   3.14143   2.00000   0.00000   1.00000   1.00000   0.00000   1.00000   2.00000   1.00000
9629.00000   3.37904   1.00000   0.00000   1.00000   1.00000   0.00000   1.00000   1.00000   1.00000
9836.00000   4.55935   1.00000   0.00000   1.00000   1.00000   0.00000   1.00000   1.00000   1.00000
5534.00000   3.32330   2.00000   0.00000   1.00000   1.00000   0.00000   1.00000   2.00000   1.00000
5800.00000   4.38410   2.00000   0.00000   1.00000   1.00000   0.00000   1.00000   2.00000   1.00000
5824.00000   4.19131   2.00000   0.00000   1.00000   1.00000   0.00000   1.00000   2.00000   1.00000
5932.00000   2.38426   1.00000   0.00000   1.00000   1.00000   0.00000   1.00000   1.00000   1.00000
7271.00000   3.12906   1.00000   0.00000   1.00000   1.00000   0.00000   1.00000   1.00000   1.00000
7352.00000   3.93180   2.00000   0.00000   1.00000   1.00000   0.00000   1.00000   2.00000   1.00000
7435.00000   2.89614   2.00000   0.00000   1.00000   1.00000   0.00000   1.00000   2.00000   1.00000
7816.00000   2.61399   1.00000   0.00000   1.00000   1.00000   0.00000   1.00000   1.00000   1.00000
8029.00000   2.52347   1.00000   0.00000   1.00000   1.00000   0.00000   1.00000   1.00000   1.00000
8547.00000   3.07073   1.00000   0.00000   1.00000   1.00000   0.00000   1.00000   1.00000   1.00000
8693.00000   3.10955   1.00000   0.00000   1.00000   1.00000   0.00000   1.00000   1.00000   1.00000
9254.00000   4.68571   2.00000   0.00000   1.00000   1.00000   0.00000   1.00000   2.00000   1.00000
9275.00000   3.68276   1.00000   0.00000   1.00000   1.00000   0.00000   1.00000   1.00000   1.00000
9544.00000   2.24203   1.00000   0.00000   1.00000   1.00000   0.00000   1.00000   1.00000   1.00000
9617.00000   3.12905   1.00000   0.00000   1.00000   1.00000   0.00000   1.00000   1.00000   1.00000
9862.00000   4.38322   1.00000   0.00000   1.00000   1.00000   0.00000   1.00000   1.00000   1.00000
6165.00000   2.86064   1.00000   0.00000   1.00000   1.00000   0.00000   1.00000   1.00000   1.00000
6314.00000   2.84824   1.00000   0.00000   1.00000   1.00000   0.00000   1.00000   1.00000   1.00000
6685.00000   1.78166   1.00000   0.00000   1.00000   1.00000   0.00000   1.00000   1.00000   1.00000
6830.00000   1.89247   1.00000   0.00000   1.00000   1.00000   0.00000   1.00000   1.00000   1.00000
7971.00000   3.91033   2.00000   0.00000   1.00000   1.00000   0.00000   1.00000   2.00000   1.00000
8527.00000   2.61741   1.00000   0.00000   1.00000   1.00000   0.00000   1.00000   1.00000   1.00000
8531.00000   2.91944   2.00000   0.00000   1.00000   1.00000   0.00000   1.00000   2.00000   1.00000
8648.00000   2.57866   2.00000   0.00000   1.00000   1.00000   0.00000   1.00000   2.00000   1.00000
8882.00000   3.67555   2.00000   0.00000   1.00000   1.00000   0.00000   1.00000   2.00000   1.00000
8930.00000   4.46371   2.00000   0.00000   1.00000   1.00000   0.00000   1.00000   2.00000   1.00000
9117.00000   2.91616   1.00000   0.00000   1.00000   1.00000   0.00000   1.00000   1.00000   1.00000
9196.00000   2.99144   2.00000   0.00000   1.00000   2.00000   0.00000   1.00000   2.00000   2.00000
9205.00000   2.35386   1.00000   0.00000   1.00000   1.00000   0.00000   1.00000   1.00000   1.00000
9260.00000   3.30559   1.00000   0.00000   1.00000   1.00000   0.00000   1.00000   1.00000   1.00000
9326.00000   2.72434   1.00000   0.00000   1.00000   1.00000   0.00000   1.00000   1.00000   1.00000
9449.00000   4.29554   2.00000   0.00000   1.00000   1.00000   0.00000   1.00000   2.00000   1.00000
9600.00000   4.80569   2.00000   0.00000   1.00000   1.00000   0.00000   1.00000   2.00000   1.00000
9716.00000   1.75934   1.00000   0.00000   1.00000   1.00000   0.00000   1.00000   1.00000   1.00000
9731.00000   2.18186   1.00000   0.00000   1.00000   1.00000   0.00000   1.00000   1.00000   1.00000
 495.00000   3.00964   3.00000   0.00000   1.00000   1.00000   0.00000   1.00000   3.00000   1.00000
5370.00000   3.95928   1.00000   0.00000   1.00000   1.00000   0.00000   1.00000   1.00000   1.00000
5521.00000   4.32182   2.00000   0.00000   1.00000   1.00000   0.00000   1.00000   2.00000   1.00000
5858.00000   3.14046   1.00000   0.00000   1.00000   1.00000   0.00000   1.00000   1.00000   1.00000
7655.00000   3.01972   1.00000   0.00000   1.00000   1.00000   0.00000   1.00000   1.00000   1.00000
7689.00000   7.32881   3.00000   0.00000   1.00000   1.00000   0.00000   1.00000   3.00000   1.00000
7725.00000   2.70511   2.00000   0.00000   1.00000   1.00000   0.00000   1.00000   2.00000   1.00000
7880.00000   2.41101   2.00000   0.00000   1.00000   1.00000   0.00000   1.00000   2.00000   1.00000
7887.00000   3.18519   2.00000   0.00000   1.00000   1.00000   0.00000   1.00000   2.00000   1.00000
7911.00000   5.96480   2.00000   0.00000   1.00000   1.00000   0.00000   1.00000   2.00000   1.00000
8007.00000   4.94980   2.00000   0.00000   1.00000   1.00000   0.00000   1.00000   2.00000   1.00000
8610.00000   3.97150   1.00000   0.00000   1.00000   1.00000   0.00000   1.00000   1.00000   1.00000
8611.00000   3.62046   3.00000   0.00000   1.00000   1.00000   0.00000   1.00000   3.00000   1.00000
8753.00000   4.07466   2.00000   0.00000   1.00000   1.00000   0.00000   1.00000   2.00000   1.00000
8795.00000   2.74645   1.00000   0.00000   1.00000   1.00000   0.00000   1.00000   1.00000   1.00000
9188.00000   3.46173   2.00000   0.00000   1.00000   1.00000   0.00000   1.00000   2.00000   1.00000
9560.00000   2.70897   1.00000   0.00000   1.00000   1.00000   0.00000   1.00000   1.00000   1.00000
9685.00000   3.28880   1.00000   0.00000   1.00000   1.00000   0.00000   1.00000   1.00000   1.00000
9925.00000   3.32212   1.00000   0.00000   1.00000   1.00000   0.00000   1.00000   1.00000   1.00000
