2580.00000   4.81010   2.00000   1.00000   0.00000   1.00000   0.00000   0.00000   0.00000   0.00000
3970.00000   4.66045   3.00000   1.00000   0.00000   1.00000   0.00000   0.00000   0.00000   0.00000
6558.00000   3.12059   1.00000   1.00000   0.00000   1.00000   0.00000   0.00000   0.00000   0.00000
6578.00000   3.88871   1.00000   1.00000   0.00000   1.00000   0.00000   0.00000   0.00000   0.00000
6970.00000   3.45165   1.00000   1.00000   1.00000   2.00000   0.00000   1.00000   1.00000   1.00000
7508.00000   3.97636   1.00000   1.00000   0.00000   1.00000   0.00000   0.00000   0.00000   0.00000
8180.00000   2.84088   1.00000   1.00000   0.00000   1.00000   0.00000   0.00000   0.00000   0.00000
8343.00000   4.61818   1.00000   1.00000   0.00000   1.00000   0.00000   0.00000   0.00000   0.00000
8349.00000   2.63382   2.50000   1.00000   1.00000   2.00000   0.00000   1.00000   1.00000   1.00000
8824.00000   3.44298   2.00000   1.00000   0.00000   1.00000   0.00000   0.00000   0.00000   0.00000
8970.00000   3.92439   1.00000   1.00000   0.00000   1.00000   0.00000   0.00000   0.00000   0.00000
9154.00000   3.62367   1.50000   1.00000   1.00000   2.00000   0.00000   1.00000   1.00000   1.00000
9161.00000   2.55713   1.50000   1.00000   1.00000   2.00000   0.00000   1.00000   1.00000   1.00000
9212.00000   3.85715   2.00000   1.00000   0.00000   1.00000   0.00000   0.00000   0.00000   0.00000
9460.00000   3.08967   1.00000   1.00000   0.00000   1.00000   0.00000   0.00000   0.00000   0.00000
9474.00000   4.00755   2.00000   1.00000   1.00000   2.00000   0.00000   1.00000   1.00000   1.00000
9729.00000   3.15198   1.00000   1.00000   1.00000   2.00000   1.00000   1.00000   0.40000   5.00000
9741.00000   4.23518   1.00000   1.00000   0.00000   1.00000   0.00000   0.00000   0.00000   0.00000
9780.00000   3.81736   1.00000   1.00000   0.00000   1.00000   0.00000   0.00000   0.00000   0.00000
9807.00000   3.03529   1.50000   1.00000   1.00000   2.00000   1.00000   1.00000   0.50000   2.00000
9953.00000   3.93257   1.50000   1.00000   1.00000   2.00000   1.00000   1.00000   1.50000   2.00000
9957.00000   3.78204   1.50000   1.00000   1.00000   2.00000   1.00000   1.00000   0.50000   2.00000
9971.00000   3.56589   2.00000   1.00000   0.00000   1.00000   0.00000   0.00000   0.00000   0.00000
6616.00000   4.50652   1.00000   0.00000   1.00000   1.00000   0.00000   1.00000   1.00000   1.00000
7041.00000   4.74828   1.00000   0.00000   1.00000   1.00000   0.00000   1.00000   1.00000   1.00000
7803.00000   6.04210   2.00000   0.00000   1.00000   1.00000   0.00000   1.00000   2.00000   1.00000
8279.00000   6.51073   1.50000   0.00000   1.00000   2.00000   0.00000   1.00000   1.50000   2.00000
8428.00000   4.39549   2.00000   0.00000   1.00000   1.00000   0.00000   1.00000   2.00000   1.00000
8595.00000   7.14401   2.00000   0.00000   1.00000   1.00000   0.00000   1.00000   2.00000   1.00000
8719.00000   4.89976   2.00000   0.00000   1.00000   1.00000   0.00000   1.00000   2.00000   1.00000
8777.00000   2.51444   3.00000   0.00000   1.00000   1.00000   0.00000   1.00000   3.00000   1.00000
8783.00000   5.19356   3.00000   0.00000   1.00000   1.00000   0.00000   1.00000   3.00000   1.00000
9525.00000   6.85538   1.00000   0.00000   1.00000   1.00000   0.00000   1.00000   1.00000   1.00000
9583.00000   2.79372   1.50000   0.00000   1.00000   2.00000   0.00000   1.00000   1.50000   2.00000
9591.00000   4.45987   1.00000   0.00000   1.00000   1.00000   0.00000   1.00000   1.00000   1.00000
9641.00000   8.27585   2.00000   0.00000   1.00000   1.00000   0.00000   1.00000   2.00000   1.00000
9743.00000   5.82910   2.00000   0.00000   1.00000   1.00000   0.00000   1.00000   2.00000   1.00000
9877.00000   2.42465   2.00000   0.00000   1.00000   2.00000   0.00000   1.00000   2.00000   2.00000
9975.00000   5.91356   1.00000   0.00000   1.00000   2.00000   0.00000   1.00000   1.00000   2.00000
5398.00000   8.49759   2.00000   0.00000   1.00000   1.00000   0.00000   1.00000   2.00000   1.00000
6254.00000   4.65318   4.00000   0.00000   1.00000   1.00000   0.00000   1.00000   4.00000   1.00000
7500.00000   9.97683   2.00000   0.00000   1.00000   1.00000   0.00000   1.00000   2.00000   1.00000
8336.00000   3.35655   1.00000   0.00000   1.00000   2.00000   0.00000   1.00000   1.00000   2.00000
8848.00000   3.54150   1.00000   0.00000   1.00000   1.00000   0.00000   1.00000   1.00000   1.00000
8965.00000   2.62372   1.00000   0.00000   1.00000   1.00000   0.00000   1.00000   1.00000   1.00000
9106.00000   2.83686   2.00000   0.00000   1.00000   1.00000   0.00000   1.00000   2.00000   1.00000
9229.00000   3.13084   1.00000   0.00000   1.00000   1.00000   0.00000   1.00000   1.00000   1.00000
9377.00000   3.10797   2.00000   0.00000   1.00000   2.00000   0.00000   1.00000   2.00000   2.00000
9772.00000   3.70139   1.00000   0.00000   1.00000   1.00000   0.00000   1.00000   1.00000   1.00000
9869.00000   7.52661   2.00000   0.00000   1.00000   1.00000   0.00000   1.00000   2.00000   1.00000
2520.00000   4.96770   2.00000   0.00000   1.00000   1.00000   0.00000   1.00000   2.00000   1.00000
5247.00000   4.03529   2.00000   0.00000   1.00000   1.00000   0.00000   1.00000   2.00000   1.00000
7323.00000   2.41536   1.00000   0.00000   1.00000   1.00000   0.00000   1.00000   1.00000   1.00000
8184.00000   2.55278   1.00000   0.00000   1.00000   1.00000   0.00000   1.00000   1.00000   1.00000
8860.00000   2.65837   1.00000   0.00000   1.00000   2.00000   0.00000   1.00000   1.00000   2.00000
9057.00000   4.77796   2.00000   0.00000   1.00000   1.00000   0.00000   1.00000   2.00000   1.00000
9183.00000   2.33952   1.00000   0.00000   1.00000   1.00000   0.00000   1.00000   1.00000   1.00000
9208.00000   2.41563   1.00000   0.00000   1.00000   1.00000   0.00000   1.00000   1.00000   1.00000
9210.00000   1.81801   1.00000   0.00000   1.00000   1.00000   0.00000   1.00000   1.00000   1.00000
9223.00000   2.70682   1.00000   0.00000   1.00000   1.00000   0.00000   1.00000   1.00000   1.00000
9266.00000   1.99779   2.00000   0.00000   1.00000   1.00000   0.00000   1.00000   2.00000   1.00000
9376.00000   4.68505   2.00000   0.00000   1.00000   1.00000   0.00000   1.00000   2.00000   1.00000
9384.00000   2.86219   1.00000   0.00000   1.00000   1.00000   0.00000   1.00000   1.00000   1.00000
9497.00000   2.45110   1.00000   0.00000   1.00000   1.00000   0.00000   1.00000   1.00000   1.00000
9622.00000   3.11694   1.50000   0.00000   1.00000   2.00000   0.00000   1.00000   1.50000   2.00000
9984.00000   3.08834   1.00000   0.00000   1.00000   1.00000   0.00000   1.00000   1.00000   1.00000
4432.00000   5.44666   2.00000   0.00000   1.00000   1.00000   0.00000   1.00000   2.00000   1.00000
4796.00000   4.95685   2.00000   0.00000   1.00000   1.00000   0.00000   1.00000   2.00000   1.00000
5288.00000   4.89767   1.00000   0.00000   1.00000   1.00000   0.00000   1.00000   1.00000   1.00000
7214.00000   2.94339   1.00000   0.00000   1.00000   1.00000   0.00000   1.00000   1.00000   1.00000
7470.00000   5.67164   1.00000   0.00000   1.00000   1.00000   0.00000   1.00000   1.00000   1.00000
7767.00000   4.80087   2.00000   0.00000   1.00000   1.00000   0.00000   1.00000   2.00000   1.00000
8414.00000   2.92171   1.00000   0.00000   1.00000   1.00000   0.00000   1.00000   1.00000   1.00000
8878.00000   5.09450   2.00000   0.00000   1.00000   1.00000   0.00000   1.00000   2.00000   1.00000
8964.00000   2.45046   1.00000   0.00000   1.00000   1.00000   0.00000   1.00000   1.00000   1.00000
9541.00000   3.07780   1.00000   0.00000   1.00000   1.00000   0.00000   1.00000   1.00000   1.00000
9554.00000   3.10638   2.00000   0.00000   1.00000   1.00000   0.00000   1.00000   2.00000   1.00000
9677.00000   2.67491   1.00000   0.00000   1.00000   1.00000   0.00000   1.00000   1.00000   1.00000
9949.00000   3.91753   2.00000   0.00000   1.00000   1.00000   0.00000   1.00000   2.00000   1.00000
9983.00000   2.95294   1.00000   0.00000   1.00000   1.00000   0.00000   1.00000   1.00000   1.00000
