5631.00000   3.93277   2.00000   1.00000   1.00000   2.00000   0.00000   1.00000   1.00000   1.00000
5777.00000   3.74473   2.00000   1.00000   0.00000   1.00000   0.00000   0.00000   0.00000   0.00000
6211.00000   5.89117   2.00000   1.00000   0.00000   1.00000   0.00000   0.00000   0.00000   0.00000
8013.00000   4.87508   2.00000   1.00000   0.00000   1.00000   0.00000   0.00000   0.00000   0.00000
8718.00000   3.51694   1.00000   1.00000   0.00000   1.00000   0.00000   0.00000   0.00000   0.00000
8968.00000   2.76760   1.00000   1.00000   1.00000   2.00000   0.00000   1.00000   1.00000   1.00000
9141.00000   5.28212   2.00000   1.00000   0.00000   1.00000   0.00000   0.00000   0.00000   0.00000
9166.00000   4.10527   2.00000   1.00000   0.00000   1.00000   0.00000   0.00000   0.00000   0.00000
9194.00000   3.19272   1.00000   1.00000   0.00000   1.00000   0.00000   0.00000   0.00000   0.00000
9489.00000   3.08971   2.00000   1.00000   1.00000   5.00000   0.00000   1.00000   2.66667   3.00000
9502.00000   3.65584   1.50000   1.00000   1.00000   2.00000   0.00000   1.00000   2.00000   1.00000
9615.00000   3.35949   1.00000   1.00000   1.00000   2.00000   0.00000   1.00000   1.00000   1.00000
9655.00000   2.82438   1.20000   1.00000   1.00000   5.00000   0.00000   1.00000   3.00000   1.00000
9657.00000   2.98637   1.50000   1.00000   1.00000   2.00000   0.00000   1.00000   1.00000   1.00000
9675.00000   3.82376   1.00000   1.00000   0.00000   1.00000   0.00000   0.00000   0.00000   0.00000
9740.00000   4.05358   1.00000   1.00000   1.00000   2.00000   1.00000   1.00000   1.00000   2.00000
9775.00000   3.27130   1.00000   1.00000   0.00000   1.00000   0.00000   0.00000   0.00000   0.00000
9777.00000   3.33219   1.00000   1.00000   1.00000   2.00000   1.00000   1.00000   1.40000   5.00000
9794.00000   2.48413   1.00000   1.00000   1.00000   2.00000   1.00000   1.00000   1.00000   2.00000
9979.00000   3.41218   1.50000   1.00000   1.00000   2.00000   1.00000   1.00000   1.00000   2.00000
3443.00000   2.64405   1.00000   0.00000   1.00000   1.00000   0.00000   1.00000   1.00000   1.00000
6037.00000   2.61048   1.00000   0.00000   1.00000   1.00000   0.00000   1.00000   1.00000   1.00000
6457.00000   3.66091   0.00000   0.00000   1.00000   2.00000   0.00000   1.00000   0.00000   2.00000
6899.00000   3.99426   2.00000   0.00000   1.00000   1.00000   0.00000   1.00000   2.00000   1.00000
7229.00000   2.79109   2.00000   0.00000   1.00000   1.00000   0.00000   1.00000   2.00000   1.00000
7720.00000   4.00409   1.00000   0.00000   1.00000   2.00000   0.00000   1.00000   1.00000   2.00000
8140.00000   2.56742   3.00000   0.00000   1.00000   1.00000   0.00000   1.00000   3.00000   1.00000
8388.00000   3.64839   1.00000   0.00000   1.00000   1.00000   0.00000   0.00000   0.00000   0.00000
8586.00000   2.76562   2.00000   0.00000   1.00000   1.00000   0.00000   1.00000   2.00000   1.00000
8987.00000   3.11447   2.00000   0.00000   1.00000   1.00000   0.00000   1.00000   2.00000   1.00000
9049.00000   2.26310   1.00000   0.00000   1.00000   1.00000   0.00000   1.00000   1.00000   1.00000
9442.00000   2.97317   1.00000   0.00000   1.00000   1.00000   0.00000   1.00000   1.00000   1.00000
9462.00000   2.53931   1.00000   0.00000   1.00000   1.00000   0.00000   1.00000   1.00000   1.00000
9484.00000   3.60908   2.00000   0.00000   1.00000   1.00000   0.00000   1.00000   3.00000   1.00000
9550.00000   2.66548   1.00000   0.00000   1.00000   1.00000   0.00000   1.00000   1.00000   1.00000
9639.00000   2.42330   2.00000   0.00000   1.00000   1.00000   0.00000   1.00000   2.00000   1.00000
9846.00000   2.51088   2.00000   0.00000   1.00000   1.00000   0.00000   1.00000   2.00000   1.00000
9881.00000   3.88471   1.00000   0.00000   1.00000   2.00000   0.00000   1.00000   1.00000   2.00000
9945.00000   3.31649   3.00000   0.00000   1.00000   1.00000   0.00000   1.00000   1.00000   1.00000
9986.00000   2.67712   2.00000   0.00000   1.00000   1.00000   0.00000   1.00000   2.00000   1.00000
5150.00000   5.01666   2.00000   0.00000   1.00000   1.00000   0.00000   1.00000   2.00000   1.00000
5605.00000   2.66330   1.00000   0.00000   1.00000   1.00000   0.00000   1.00000   1.00000   1.00000
8763.00000   7.14517   2.00000   0.00000   1.00000   1.00000   0.00000   1.00000   2.00000   1.00000
8941.00000   3.42076   1.00000   0.00000   1.00000   1.00000   0.00000   1.00000   1.00000   1.00000
9330.00000   7.77530   2.00000   0.00000   1.00000   1.00000   0.00000   1.00000   2.00000   1.00000
9392.00000   7.26240   2.00000   0.00000   1.00000   2.00000   0.00000   1.00000   1.50000   2.00000
9708.00000   3.26615   1.00000   0.00000   1.00000   1.00000   0.00000   1.00000   1.00000   1.00000
9804.00000   3.77422   1.00000   0.00000   1.00000   1.00000   0.00000   1.00000   1.00000   1.00000
9922.00000   8.20873   2.00000   0.00000   1.00000   2.00000   0.00000   1.00000   2.50000   2.00000
2371.00000   3.69048   1.00000   0.00000   1.00000   1.00000   0.00000   1.00000   1.00000   1.00000
3419.00000   4.72151   2.00000   0.00000   1.00000   1.00000   0.00000   0.00000   0.00000   0.00000
4523.00000   3.46115   1.00000   0.00000   1.00000   1.00000   0.00000   1.00000   1.00000   1.00000
4677.00000   3.83593   1.00000   0.00000   1.00000   1.00000   0.00000   1.00000   1.00000   1.00000
5915.00000   3.84773   1.00000   0.00000   1.00000   1.00000   0.00000   1.00000   1.00000   1.00000
5994.00000   5.46651   2.00000   0.00000   1.00000   1.00000   0.00000   1.00000   2.00000   1.00000
7290.00000   5.59142   2.00000   0.00000   1.00000   1.00000   0.00000   1.00000   2.00000   1.00000
7333.00000   3.98831   1.00000   0.00000   1.00000   1.00000   0.00000   1.00000   1.00000   1.00000
7389.00000   3.90596   1.00000   0.00000   1.00000   1.00000   0.00000   1.00000   1.00000   1.00000
7634.00000   4.51101   2.00000   0.00000   1.00000   1.00000   0.00000   1.00000   2.00000   1.00000
8103.00000   3.46639   1.00000   0.00000   1.00000   1.00000   0.00000   1.00000   1.00000   1.00000
8155.00000   2.65246   1.50000   0.00000   1.00000   2.00000   0.00000   1.00000   1.50000   2.00000
8286.00000   2.80777   1.00000   0.00000   1.00000   1.00000   0.00000   1.00000   1.00000   1.00000
8374.00000   3.00674   1.00000   0.00000   1.00000   1.00000   0.00000   1.00000   1.00000   1.00000
8608.00000   3.77941   1.00000   0.00000   1.00000   1.00000   0.00000   0.00000   0.00000   0.00000
8904.00000   3.64287   1.00000   0.00000   1.00000   1.00000   0.00000   1.00000   1.00000   1.00000
8975.00000   2.61166   0.00000   0.00000   1.00000   1.00000   0.00000   1.00000   0.00000   1.00000
9282.00000   3.62910   1.00000   0.00000   1.00000   1.00000   0.00000   1.00000   1.00000   1.00000
9612.00000   3.08226   2.00000   0.00000   1.00000   1.00000   0.00000   1.00000   2.00000   1.00000
9677.00000   4.35487   1.00000   0.00000   1.00000   1.00000   0.00000   0.00000   0.00000   0.00000
9767.00000   3.83770   1.00000   0.00000   1.00000   1.00000   0.00000   1.00000   1.00000   1.00000
5712.00000   4.73666   2.00000   0.00000   1.00000   1.00000   0.00000   1.00000   2.00000   1.00000
5723.00000   5.30866   2.00000   0.00000   1.00000   1.00000   0.00000   1.00000   2.00000   1.00000
7009.00000   6.33562   2.00000   0.00000   1.00000   1.00000   0.00000   1.00000   2.00000   1.00000
7530.00000   5.58035   2.00000   0.00000   1.00000   1.00000   0.00000   1.00000   2.00000   1.00000
7662.00000   2.34050   1.00000   0.00000   1.00000   1.00000   0.00000   1.00000   1.00000   1.00000
7788.00000   2.28656   1.00000   0.00000   1.00000   1.00000   1.00000   1.00000   1.20000   5.00000
7804.00000   3.50423   1.00000   0.00000   1.00000   1.00000   0.00000   1.00000   1.00000   1.00000
8119.00000   3.84462   1.00000   0.00000   1.00000   1.00000   0.00000   1.00000   1.00000   1.00000
8403.00000   3.38698   1.00000   0.00000   1.00000   1.00000   0.00000   1.00000   1.00000   1.00000
8444.00000   5.09839   1.00000   0.00000   1.00000   1.00000   0.00000   1.00000   1.00000   1.00000
8790.00000   5.20085   2.00000   0.00000   1.00000   1.00000   0.00000   1.00000   2.00000   1.00000
8976.00000   3.23861   2.00000   0.00000   1.00000   1.00000   0.00000   0.00000   0.00000   0.00000
9370.00000   5.65128   2.00000   0.00000   1.00000   1.00000   0.00000   1.00000   2.00000   1.00000
9710.00000   3.85372   1.00000   0.00000   1.00000   1.00000   0.00000   1.00000   1.00000   1.00000
9824.00000   3.06248   1.00000   0.00000   1.00000   1.00000   0.00000   1.00000   1.00000   1.00000
9852.00000   3.37050   1.00000   0.00000   1.00000   1.00000   0.00000   1.00000   1.00000   1.00000
9913.00000   6.04999   2.00000   0.00000   1.00000   1.00000   0.00000   1.00000   2.00000   1.00000
9963.00000   4.02193   1.00000   0.00000   1.00000   1.00000   0.00000   1.00000   1.00000   1.00000
