4777.00000   4.57982   2.00000   1.00000   0.00000   1.00000   0.00000   0.00000   0.00000   0.00000
5899.00000   2.16073   3.00000   1.00000   0.00000   1.00000   0.00000   0.00000   0.00000   0.00000
6282.00000   2.41844   1.00000   1.00000   0.00000   1.00000   0.00000   0.00000   0.00000   0.00000
6868.00000   3.02675   1.50000   1.00000   1.00000   2.00000   1.00000   1.00000   1.00000   2.00000
7251.00000   2.89803   1.00000   1.00000   0.00000   1.00000   0.00000   0.00000   0.00000   0.00000
7423.00000   3.26582   1.00000   1.00000   0.00000   1.00000   0.00000   0.00000   0.00000   0.00000
7754.00000   4.20619   2.00000   1.00000   1.00000   2.00000   0.00000   1.00000   1.00000   1.00000
7896.00000   5.31984   2.00000   1.00000   0.00000   1.00000   0.00000   0.00000   0.00000   0.00000
8069.00000   3.42811   1.00000   1.00000   1.00000   2.00000   1.00000   1.00000   1.00000   2.00000
9042.00000   5.11043   1.50000   1.00000   1.00000   2.00000   1.00000   1.00000   1.00000   2.00000
9080.00000   3.55513   1.00000   1.00000   1.00000   2.00000   1.00000   1.00000   1.00000   2.00000
9298.00000   2.65431   1.00000   1.00000   0.00000   1.00000   0.00000   0.00000   0.00000   0.00000
9355.00000   5.29190   2.00000   1.00000   0.00000   1.00000   0.00000   0.00000   0.00000   0.00000
9398.00000   4.18328   1.00000   1.00000   1.00000   2.00000   1.00000   1.00000   1.00000   2.00000
9685.00000   4.81510   2.00000   1.00000   0.00000   1.00000   0.00000   0.00000   0.00000   0.00000
9724.00000   2.47394   1.25000   1.00000   1.00000   4.00000   0.00000   1.00000   3.00000   1.00000
9789.00000   2.85594   1.00000   1.00000   0.00000   1.00000   0.00000   0.00000   0.00000   0.00000
9793.00000   1.75875   1.00000   1.00000   0.00000   1.00000   0.00000   0.00000   0.00000   0.00000
9823.00000   4.16124   1.00000   1.00000   0.00000   1.00000   0.00000   0.00000   0.00000   0.00000
9847.00000   4.84341   1.50000   1.00000   1.00000   2.00000   1.00000   1.00000   0.40000   5.00000
9886.00000   4.47371   1.50000   1.00000   1.00000   2.00000   1.00000   1.00000   0.50000   2.00000
9917.00000   5.74134   1.00000   1.00000   1.00000   2.00000   1.00000   1.00000   0.40000   5.00000
2725.00000   3.47732   3.00000   0.00000   1.00000   1.00000   0.00000   1.00000   3.00000   1.00000
4898.00000   2.66254   2.00000   0.00000   1.00000   1.00000   0.00000   1.00000   2.00000   1.00000
6188.00000   2.22051   2.00000   0.00000   1.00000   1.00000   0.00000   1.00000   2.00000   1.00000
6340.00000   4.63403   3.00000   0.00000   1.00000   1.00000   0.00000   1.00000   3.00000   1.00000
6930.00000   3.57924   2.00000   0.00000   1.00000   1.00000   0.00000   1.00000   2.00000   1.00000
7653.00000   2.16985   1.00000   0.00000   1.00000   1.00000   0.00000   1.00000   1.00000   1.00000
8156.00000   2.59941   1.50000   0.00000   1.00000   2.00000   0.00000   1.00000   1.50000   2.00000
8936.00000   2.79093   2.00000   0.00000   1.00000   1.00000   0.00000   1.00000   2.00000   1.00000
8962.00000   5.28367   1.00000   0.00000   1.00000   1.00000   0.00000   1.00000   1.00000   1.00000
9012.00000   3.57053   1.00000   0.00000   1.00000   2.00000   0.00000   1.00000   1.00000   2.00000
9341.00000   4.28454   1.00000   0.00000   1.00000   1.00000   0.00000   1.00000   1.00000   1.00000
9392.00000   3.53421   1.00000   0.00000   1.00000   2.00000   0.00000   1.00000   1.00000   2.00000
9624.00000   4.50365   1.00000   0.00000   1.00000   1.00000   0.00000   1.00000   1.00000   1.00000
9628.00000   3.49765   0.50000   0.00000   1.00000   2.00000   0.00000   1.00000   0.50000   2.00000
6311.00000   2.16523   3.00000   0.00000   1.00000   1.00000   0.00000   1.00000   3.00000   1.00000
6393.00000   1.79454   2.00000   0.00000   1.00000   1.00000   0.00000   1.00000   2.00000   1.00000
7071.00000   2.26085   2.00000   0.00000   1.00000   1.00000   0.00000   1.00000   2.00000   1.00000
7428.00000   2.65949   1.00000   0.00000   1.00000   1.00000   0.00000   1.00000   1.00000   1.00000
8465.00000   1.83225   2.50000   0.00000   1.00000   2.00000   0.00000   1.00000   2.50000   2.00000
9177.00000   3.90018   1.00000   0.00000   1.00000   1.00000   0.00000   1.00000   1.00000   1.00000
9376.00000   1.21183   2.00000   0.00000   1.00000   1.00000   0.00000   1.00000   2.00000   1.00000
9921.00000   4.97672   1.00000   0.00000   1.00000   1.00000   1.00000   1.00000   1.00000   2.00000
9230.00000   3.17371   2.00000   0.00000   1.00000   1.00000   0.00000   1.00000   2.00000   1.00000
9997.00000   5.50555   1.00000   0.00000   1.00000   1.00000   0.00000   1.00000   1.00000   1.00000
5161.00000   4.41399   3.00000   0.00000   1.00000   1.00000   0.00000   1.00000   3.00000   1.00000
5507.00000   2.66345   3.00000   0.00000   1.00000   1.00000   0.00000   1.00000   3.00000   1.00000
5608.00000   5.67166   2.00000   0.00000   1.00000   1.00000   0.00000   1.00000   2.00000   1.00000
6838.00000   4.00305   1.00000   0.00000   1.00000   1.00000   0.00000   1.00000   1.00000   1.00000
7361.00000   4.14396   1.00000   0.00000   1.00000   1.00000   0.00000   1.00000   1.00000   1.00000
7404.00000   5.03468   1.00000   0.00000   1.00000   1.00000   0.00000   1.00000   1.00000   1.00000
7484.00000   2.61771   2.00000   0.00000   1.00000   1.00000   0.00000   1.00000   2.00000   1.00000
7520.00000   2.97538   2.00000   0.00000   1.00000   1.00000   0.00000   1.00000   2.00000   1.00000
8317.00000   4.48321   1.00000   0.00000   1.00000   1.00000   0.00000   1.00000   1.00000   1.00000
8365.00000   3.24589   3.00000   0.00000   1.00000   1.00000   0.00000   1.00000   3.00000   1.00000
8422.00000   5.26992   1.00000   0.00000   1.00000   1.00000   0.00000   1.00000   1.00000   1.00000
8707.00000   4.89489   1.00000   0.00000   1.00000   1.00000   0.00000   1.00000   1.00000   1.00000
8728.00000   2.47841   2.00000   0.00000   1.00000   1.00000   0.00000   1.00000   2.00000   1.00000
8747.00000   4.77239   1.00000   0.00000   1.00000   1.00000   0.00000   1.00000   1.00000   1.00000
9022.00000   4.13854   1.00000   0.00000   1.00000   1.00000   0.00000   1.00000   1.00000   1.00000
9238.00000   4.98363   1.00000   0.00000   1.00000   1.00000   0.00000   1.00000   1.00000   1.00000
9688.00000   4.29653   1.00000   0.00000   1.00000   1.00000   0.00000   1.00000   1.00000   1.00000
9715.00000   2.69841   1.00000   0.00000   1.00000   1.00000   0.00000   1.00000   1.00000   1.00000
9779.00000   2.55565   2.00000   0.00000   1.00000   1.00000   0.00000   1.00000   2.00000   1.00000
9924.00000   2.74219   2.00000   0.00000   1.00000   1.00000   0.00000   1.00000   2.00000   1.00000
9989.00000   2.99446   1.00000   0.00000   1.00000   1.00000   0.00000   1.00000   1.00000   1.00000
