1439.00000   3.27800   3.00000   1.00000   0.00000   1.00000   0.00000   0.00000   0.00000   0.00000
6024.00000   6.06032   2.00000   1.00000   0.00000   1.00000   0.00000   0.00000   0.00000   0.00000
6797.00000   5.63094   2.00000   1.00000   0.00000   1.00000   0.00000   0.00000   0.00000   0.00000
7108.00000   3.35314   1.00000   1.00000   0.00000   1.00000   0.00000   0.00000   0.00000   0.00000
7209.00000   3.67643   1.00000   1.00000   0.00000   1.00000   0.00000   0.00000   0.00000   0.00000
7212.00000   4.11724   3.00000   1.00000   0.00000   1.00000   0.00000   0.00000   0.00000   0.00000
8313.00000   3.31493   1.50000   1.00000   1.00000   2.00000   0.00000   1.00000   1.00000   1.00000
8408.00000   2.80068   2.50000   1.00000   1.00000   2.00000   0.00000   1.00000   4.00000   1.00000
8434.00000   4.62117   2.00000   1.00000   0.00000   1.00000   0.00000   0.00000   0.00000   0.00000
8950.00000   2.78763   1.00000   1.00000   1.00000   2.00000   0.00000   1.00000   1.00000   1.00000
8998.00000   3.30161   1.00000   1.00000   0.00000   1.00000   0.00000   0.00000   0.00000   0.00000
9013.00000   2.92966   1.75000   1.00000   1.00000   4.00000   0.00000   1.00000   2.00000   1.00000
9086.00000   3.58325   1.00000   1.00000   0.00000   1.00000   0.00000   0.00000   0.00000   0.00000
9124.00000   2.74491   2.00000   1.00000   0.00000   1.00000   0.00000   0.00000   0.00000   0.00000
9369.00000   4.11268   1.00000   1.00000   0.00000   1.00000   0.00000   0.00000   0.00000   0.00000
9535.00000   3.21534   1.50000   1.00000   1.00000   2.00000   0.00000   1.00000   1.00000   1.00000
9614.00000   3.06576   1.00000   1.00000   1.00000   2.00000   0.00000   1.00000   1.00000   1.00000
9644.00000   4.07237   2.00000   1.00000   0.00000   1.00000   0.00000   0.00000   0.00000   0.00000
9768.00000   4.29011   1.25000   1.00000   1.00000   4.00000   0.00000   1.00000   2.00000   1.00000
 523.00000   2.21656   2.00000   0.00000   1.00000   1.00000   0.00000   1.00000   2.00000   1.00000
5111.00000   3.32860   1.00000   0.00000   1.00000   1.00000   0.00000   1.00000   1.00000   1.00000
5532.00000   2.85970   1.00000   0.00000   1.00000   1.00000   0.00000   1.00000   1.00000   1.00000
5675.00000   3.06388   1.00000   0.00000   1.00000   1.00000   0.00000   1.00000   1.00000   1.00000
6181.00000   3.42781   3.00000   0.00000   1.00000   1.00000   0.00000   1.00000   3.00000   1.00000
6497.00000   2.62388   1.00000   0.00000   1.00000   2.00000   0.00000   1.00000   1.00000   2.00000
7249.00000   4.20640   2.00000   0.00000   1.00000   1.00000   0.00000   1.00000   2.00000   1.00000
7636.00000   3.07086   1.00000   0.00000   1.00000   1.00000   0.00000   1.00000   1.00000   1.00000
8067.00000   3.48259   2.00000   0.00000   1.00000   1.00000   0.00000   1.00000   2.00000   1.00000
8163.00000   4.00630   2.00000   0.00000   1.00000   1.00000   0.00000   1.00000   2.00000   1.00000
8301.00000   3.79514   1.00000   0.00000   1.00000   1.00000   0.00000   1.00000   1.00000   1.00000
8463.00000   2.46893   1.00000   0.00000   1.00000   1.00000   0.00000   1.00000   1.00000   1.00000
8529.00000   3.16449   1.00000   0.00000   1.00000   1.00000   0.00000   1.00000   1.00000   1.00000
8921.00000   3.19168   1.00000   0.00000   1.00000   1.00000   0.00000   1.00000   1.00000   1.00000
9399.00000   3.59054   2.00000   0.00000   1.00000   1.00000   0.00000   1.00000   2.00000   1.00000
9457.00000   3.35996   2.00000   0.00000   1.00000   1.00000   0.00000   1.00000   2.00000   1.00000
9488.00000   2.89749   3.00000   0.00000   1.00000   1.00000   0.00000   1.00000   3.00000   1.00000
9590.00000   2.44521   3.00000   0.00000   1.00000   1.00000   0.00000   1.00000   3.00000   1.00000
9957.00000   3.14584   1.00000   0.00000   1.00000   1.00000   0.00000   1.00000   1.00000   1.00000
2010.00000   2.20964   4.00000   0.00000   1.00000   1.00000   0.00000   1.00000   4.00000   1.00000
6039.00000   3.86159   3.00000   0.00000   1.00000   1.00000   0.00000   1.00000   3.00000   1.00000
7268.00000   3.11556   1.00000   0.00000   1.00000   1.00000   0.00000   1.00000   1.00000   1.00000
7641.00000   3.41152   2.00000   0.00000   1.00000   1.00000   0.00000   1.00000   2.00000   1.00000
8005.00000   2.95222   1.00000   0.00000   1.00000   1.00000   0.00000   1.00000   1.00000   1.00000
8095.00000   3.01402   1.00000   0.00000   1.00000   1.00000   0.00000   1.00000   1.00000   1.00000
8447.00000   3.27237   1.00000   0.00000   1.00000   1.00000   0.00000   1.00000   1.00000   1.00000
8622.00000   3.06585   1.00000   0.00000   1.00000   1.00000   0.00000   1.00000   1.00000   1.00000
8629.00000   2.79736   2.00000   0.00000   1.00000   1.00000   0.00000   1.00000   2.00000   1.00000
8691.00000   3.21954   2.00000   0.00000   1.00000   1.00000   0.00000   1.00000   2.00000   1.00000
8709.00000   3.67181   2.00000   0.00000   1.00000   1.00000   0.00000   1.00000   2.00000   1.00000
8860.00000   2.65261   1.00000   0.00000   1.00000   1.00000   0.00000   1.00000   1.00000   1.00000
8867.00000   2.81807   2.00000   0.00000   1.00000   1.00000   0.00000   1.00000   2.00000   1.00000
8894.00000   4.01365   2.00000   0.00000   1.00000   1.00000   0.00000   1.00000   2.00000   1.00000
9289.00000   3.47953   1.00000   0.00000   1.00000   1.00000   0.00000   1.00000   1.00000   1.00000
9306.00000   3.56384   1.00000   0.00000   1.00000   1.00000   0.00000   1.00000   1.00000   1.00000
9370.00000   3.80068   1.50000   0.00000   1.00000   2.00000   0.00000   1.00000   1.50000   2.00000
9401.00000   2.79191   1.00000   0.00000   1.00000   1.00000   0.00000   1.00000   1.00000   1.00000
9435.00000   3.24944   3.00000   0.00000   1.00000   1.00000   0.00000   1.00000   3.00000   1.00000
9632.00000   3.83902   1.50000   0.00000   1.00000   2.00000   0.00000   1.00000   1.50000   2.00000
9838.00000   3.57605   0.00000   0.00000   1.00000   1.00000   0.00000   1.00000   2.00000   1.00000
5950.00000   3.73602   3.00000   0.00000   1.00000   1.00000   0.00000   1.00000   3.00000   1.00000
6257.00000   2.46899   2.00000   0.00000   1.00000   1.00000   0.00000   1.00000   2.00000   1.00000
6986.00000   2.53889   2.00000   0.00000   1.00000   1.00000   0.00000   1.00000   2.00000   1.00000
7042.00000   2.63781   3.00000   0.00000   1.00000   1.00000   0.00000   1.00000   3.00000   1.00000
7276.00000   4.47118   3.00000   0.00000   1.00000   1.00000   0.00000   1.00000   3.00000   1.00000
7532.00000   3.50767   3.00000   0.00000   1.00000   1.00000   0.00000   1.00000   3.00000   1.00000
7560.00000   2.64742   4.00000   0.00000   1.00000   1.00000   0.00000   1.00000   4.00000   1.00000
7741.00000   3.26503   2.00000   0.00000   1.00000   1.00000   0.00000   1.00000   2.00000   1.00000
7904.00000   3.07891   1.00000   0.00000   1.00000   1.00000   0.00000   1.00000   1.00000   1.00000
8069.00000   2.53198   1.00000   0.00000   1.00000   1.00000   0.00000   1.00000   1.00000   1.00000
8106.00000   2.76375   3.00000   0.00000   1.00000   1.00000   0.00000   1.00000   3.00000   1.00000
8334.00000   2.64316   3.00000   0.00000   1.00000   1.00000   0.00000   1.00000   3.00000   1.00000
8462.00000   2.86327   1.00000   0.00000   1.00000   1.00000   0.00000   1.00000   1.00000   1.00000
8586.00000   3.88539   3.00000   0.00000   1.00000   1.00000   0.00000   1.00000   3.00000   1.00000
8682.00000   4.28800   3.00000   0.00000   1.00000   1.00000   0.00000   1.00000   3.00000   1.00000
8973.00000   3.07820   2.00000   0.00000   1.00000   1.00000   0.00000   1.00000   2.00000   1.00000
9059.00000   3.02247   3.00000   0.00000   1.00000   1.00000   0.00000   1.00000   3.00000   1.00000
9319.00000   3.30323   2.00000   0.00000   1.00000   1.00000   0.00000   1.00000   2.00000   1.00000
9750.00000   3.02589   1.00000   0.00000   1.00000   1.00000   0.00000   1.00000   1.00000   1.00000
9802.00000   2.91563   2.00000   0.00000   1.00000   1.00000   0.00000   1.00000   2.00000   1.00000
9916.00000   2.72234   2.00000   0.00000   1.00000   1.00000   0.00000   1.00000   2.00000   1.00000
9943.00000   2.59045   2.00000   0.00000   1.00000   1.00000   0.00000   1.00000   2.00000   1.00000
