5123.00000   3.69871   3.00000   1.00000   0.00000   1.00000   0.00000   0.00000   0.00000   0.00000
5135.00000   2.71789   1.00000   1.00000   0.00000   1.00000   0.00000   0.00000   0.00000   0.00000
6353.00000   4.82977   2.00000   1.00000   0.00000   1.00000   0.00000   0.00000   0.00000   0.00000
6373.00000   3.01968   1.00000   1.00000   0.00000   1.00000   0.00000   0.00000   0.00000   0.00000
7028.00000   6.01502   2.00000   1.00000   0.00000   1.00000   0.00000   0.00000   0.00000   0.00000
7187.00000   2.45371   1.00000   1.00000   0.00000   1.00000   0.00000   0.00000   0.00000   0.00000
8011.00000   3.12699   2.00000   1.00000   1.00000   2.00000   1.00000   1.00000   1.50000   2.00000
8068.00000   5.77068   2.00000   1.00000   0.00000   1.00000   0.00000   0.00000   0.00000   0.00000
8178.00000   2.93697   1.00000   1.00000   0.00000   1.00000   0.00000   0.00000   0.00000   0.00000
8189.00000   2.35361   1.00000   1.00000   0.00000   1.00000   0.00000   0.00000   0.00000   0.00000
8195.00000   2.59915   1.80000   1.00000   1.00000   5.00000   0.00000   1.00000   2.50000   2.00000
8204.00000   2.70636   2.50000   1.00000   1.00000   2.00000   0.00000   1.00000   1.00000   1.00000
8205.00000   2.06408   1.00000   1.00000   0.00000   1.00000   0.00000   0.00000   0.00000   0.00000
8458.00000   2.94987   1.50000   1.00000   1.00000   2.00000   1.00000   1.00000   1.00000   2.00000
8497.00000   2.43305   1.00000   1.00000   0.00000   1.00000   0.00000   0.00000   0.00000   0.00000
8536.00000   4.16772   3.00000   1.00000   0.00000   1.00000   0.00000   0.00000   0.00000   0.00000
8779.00000   2.51466   0.50000   1.00000   1.00000   2.00000   0.00000   1.00000   1.00000   1.00000
8925.00000   3.39427   1.00000   1.00000   0.00000   1.00000   0.00000   0.00000   0.00000   0.00000
9056.00000   2.79686   1.00000   1.00000   0.00000   1.00000   0.00000   0.00000   0.00000   0.00000
9149.00000   2.39378   1.00000   1.00000   0.00000   1.00000   0.00000   0.00000   0.00000   0.00000
9265.00000   2.65284   1.00000   1.00000   0.00000   1.00000   0.00000   0.00000   0.00000   0.00000
9809.00000   3.34725   1.00000   1.00000   0.00000   1.00000   0.00000   0.00000   0.00000   0.00000
9918.00000   2.88916   1.00000   1.00000   0.00000   1.00000   0.00000   0.00000   0.00000   0.00000
9947.00000   2.47602   0.50000   1.00000   1.00000   2.00000   1.00000   1.00000   0.50000   2.00000
9999.00000   2.99655   1.00000   1.00000   0.00000   1.00000   0.00000   0.00000   0.00000   0.00000
6321.00000   4.26321   2.00000   0.00000   1.00000   2.00000   0.00000   1.00000   2.00000   2.00000
6545.00000   4.77156   2.50000   0.00000   1.00000   2.00000   0.00000   1.00000   2.50000   2.00000
6645.00000   3.11624   2.00000   0.00000   1.00000   1.00000   0.00000   1.00000   2.00000   1.00000
7128.00000   2.34416   1.00000   0.00000   1.00000   1.00000   0.00000   1.00000   1.00000   1.00000
7516.00000   2.97931   2.00000   0.00000   1.00000   1.00000   0.00000   1.00000   2.00000   1.00000
7735.00000   2.87224   1.50000   0.00000   1.00000   2.00000   0.00000   1.00000   1.50000   2.00000
7936.00000   4.39301   3.00000   0.00000   1.00000   1.00000   0.00000   1.00000   3.00000   1.00000
7939.00000   4.51332   2.50000   0.00000   1.00000   2.00000   0.00000   1.00000   2.50000   2.00000
8395.00000   2.23087   1.00000   0.00000   1.00000   1.00000   0.00000   1.00000   1.00000   1.00000
8883.00000   3.01412   1.00000   0.00000   1.00000   1.00000   0.00000   1.00000   1.00000   1.00000
8904.00000   2.55806   2.00000   0.00000   1.00000   1.00000   0.00000   1.00000   2.00000   1.00000
9090.00000   3.01237   0.50000   0.00000   1.00000   2.00000   0.00000   1.00000   0.50000   2.00000
9343.00000   3.95722   2.00000   0.00000   1.00000   2.00000   0.00000   1.00000   2.00000   2.00000
9397.00000   2.79852   1.00000   0.00000   1.00000   1.00000   0.00000   1.00000   1.00000   1.00000
9484.00000   2.92467   2.00000   0.00000   1.00000   1.00000   0.00000   1.00000   2.00000   1.00000
9532.00000   4.27903   3.00000   0.00000   1.00000   1.00000   0.00000   1.00000   3.00000   1.00000
9617.00000   2.30557   1.00000   0.00000   1.00000   1.00000   0.00000   1.00000   1.00000   1.00000
9620.00000   3.73181   2.00000   0.00000   1.00000   2.00000   0.00000   1.00000   2.00000   2.00000
9730.00000   2.84819   2.00000   0.00000   1.00000   1.00000   0.00000   1.00000   2.00000   1.00000
9795.00000   2.69385   1.00000   0.00000   1.00000   1.00000   0.00000   1.00000   1.00000   1.00000
9958.00000   2.18889   1.00000   0.00000   1.00000   1.00000   0.00000   1.00000   1.00000   1.00000
1181.00000   2.21210   2.00000   0.00000   1.00000   1.00000   0.00000   1.00000   2.00000   1.00000
4823.00000   2.87307   1.00000   0.00000   1.00000   1.00000   0.00000   1.00000   1.00000   1.00000
5033.00000   3.96068   2.00000   0.00000   1.00000   1.00000   0.00000   1.00000   2.00000   1.00000
5424.00000   5.03094   2.00000   0.00000   1.00000   1.00000   0.00000   1.00000   2.00000   1.00000
6118.00000   4.63928   2.00000   0.00000   1.00000   1.00000   0.00000   1.00000   2.00000   1.00000
6631.00000   3.30621   1.00000   0.00000   1.00000   1.00000   0.00000   1.00000   1.00000   1.00000
7434.00000   2.92286   1.00000   0.00000   1.00000   1.00000   0.00000   1.00000   1.00000   1.00000
7581.00000   2.83987   1.00000   0.00000   1.00000   1.00000   0.00000   1.00000   1.00000   1.00000
7931.00000   4.60299   2.00000   0.00000   1.00000   1.00000   0.00000   1.00000   2.00000   1.00000
8390.00000   2.40160   2.00000   0.00000   1.00000   2.00000   0.00000   1.00000   2.00000   2.00000
8503.00000   2.78070   1.00000   0.00000   1.00000   1.00000   0.00000   1.00000   1.00000   1.00000
9216.00000   2.13262   1.00000   0.00000   1.00000   1.00000   0.00000   1.00000   1.00000   1.00000
9369.00000   3.35466   1.00000   0.00000   1.00000   1.00000   0.00000   1.00000   1.00000   1.00000
9385.00000   2.86542   1.50000   0.00000   1.00000   2.00000   0.00000   1.00000   1.50000   2.00000
9467.00000   3.33556   0.00000   0.00000   1.00000   1.00000   0.00000   1.00000   0.00000   1.00000
3643.00000   6.93336   2.00000   0.00000   1.00000   1.00000   0.00000   1.00000   2.00000   1.00000
5600.00000   3.27906   3.00000   0.00000   1.00000   1.00000   0.00000   1.00000   3.00000   1.00000
6688.00000   4.58490   2.00000   0.00000   1.00000   1.00000   0.00000   1.00000   2.00000   1.00000
6726.00000   3.08674   2.00000   0.00000   1.00000   1.00000   0.00000   1.00000   2.00000   1.00000
6966.00000   4.09756   3.00000   0.00000   1.00000   1.00000   0.00000   1.00000   3.00000   1.00000
7159.00000   3.02461   2.00000   0.00000   1.00000   1.00000   0.00000   1.00000   2.00000   1.00000
7166.00000   3.41471   1.00000   0.00000   1.00000   1.00000   0.00000   1.00000   1.00000   1.00000
7217.00000   4.28633   1.00000   0.00000   1.00000   1.00000   0.00000   0.00000   0.00000   0.00000
7223.00000   3.50428   1.00000   0.00000   1.00000   1.00000   0.00000   1.00000   1.00000   1.00000
7845.00000   2.99165   3.00000   0.00000   1.00000   1.00000   0.00000   1.00000   3.00000   1.00000
7922.00000   4.18609   1.00000   0.00000   1.00000   1.00000   1.00000   1.00000   2.00000   2.00000
8152.00000   3.31433   1.00000   0.00000   1.00000   1.00000   0.00000   1.00000   1.00000   1.00000
8734.00000   3.45504   1.00000   0.00000   1.00000   1.00000   0.00000   1.00000   1.00000   1.00000
9794.00000   2.38936   2.00000   0.00000   1.00000   1.00000   0.00000   1.00000   2.00000   1.00000
9863.00000   3.16657   2.00000   0.00000   1.00000   1.00000   0.00000   1.00000   2.00000   1.00000
9939.00000   2.17978   2.00000   0.00000   1.00000   2.00000   0.00000   1.00000   2.00000   2.00000
1230.00000   5.20287   2.00000   0.00000   1.00000   1.00000   0.00000   1.00000   2.00000   1.00000
4485.00000   5.17505   2.00000   0.00000   1.00000   1.00000   0.00000   1.00000   2.00000   1.00000
5989.00000   2.56338   1.00000   0.00000   1.00000   1.00000   0.00000   1.00000   1.00000   1.00000
6659.00000   2.54062   1.00000   0.00000   1.00000   1.00000   0.00000   1.00000   1.00000   1.00000
7059.00000   1.85600   1.00000   0.00000   1.00000   1.00000   0.00000   1.00000   1.00000   1.00000
8608.00000   3.89562   2.00000   0.00000   1.00000   1.00000   0.00000   1.00000   2.00000   1.00000
8624.00000   2.74634   2.00000   0.00000   1.00000   1.00000   0.00000   1.00000   2.00000   1.00000
8797.00000   2.43648   1.00000   0.00000   1.00000   1.00000   0.00000   1.00000   1.00000   1.00000
8897.00000   4.17967   2.00000   0.00000   1.00000   1.00000   0.00000   1.00000   2.00000   1.00000
