5264.00000   2.52550   1.00000   1.00000   0.00000   1.00000   0.00000   0.00000   0.00000   0.00000
5554.00000   4.65359   2.00000   1.00000   0.00000   1.00000   0.00000   0.00000   0.00000   0.00000
6654.00000   6.68524   2.00000   1.00000   0.00000   1.00000   0.00000   0.00000   0.00000   0.00000
6661.00000   7.93943   2.00000   1.00000   0.00000   1.00000   0.00000   0.00000   0.00000   0.00000
7609.00000   2.49138   1.00000   1.00000   0.00000   1.00000   0.00000   0.00000   0.00000   0.00000
7903.00000   7.42753   2.00000   1.00000   0.00000   1.00000   0.00000   0.00000   0.00000   0.00000
7956.00000   2.85019   1.00000   1.00000   0.00000   1.00000   0.00000   0.00000   0.00000   0.00000
8483.00000   3.60343   3.00000   1.00000   0.00000   1.00000   0.00000   0.00000   0.00000   0.00000
8779.00000   3.16627   2.00000   1.00000   1.00000   2.00000   0.00000   1.00000   1.00000   1.00000
9027.00000   2.45753   1.00000   1.00000   1.00000   2.00000   0.00000   1.00000   1.00000   1.00000
9387.00000   3.90385   1.50000   1.00000   1.00000   2.00000   0.00000   1.00000   1.00000   1.00000
9448.00000   2.59874   0.50000   1.00000   1.00000   2.00000   0.00000   1.00000   1.00000   1.00000
9461.00000   4.47764   1.50000   1.00000   1.00000   2.00000   0.00000   1.00000   1.00000   1.00000
9489.00000   2.68797   1.00000   1.00000   0.00000   1.00000   0.00000   0.00000   0.00000   0.00000
9540.00000   4.16634   1.50000   1.00000   1.00000   2.00000   0.00000   1.00000   1.00000   1.00000
9595.00000   3.22528   1.40000   1.00000   1.00000   5.00000   0.00000   1.00000   4.00000   1.00000
9665.00000   3.21525   1.00000   1.00000   0.00000   1.00000   0.00000   0.00000   0.00000   0.00000
9815.00000   3.45307   1.00000   1.00000   0.00000   1.00000   0.00000   0.00000   0.00000   0.00000
9921.00000   2.94687   1.50000   1.00000   1.00000   2.00000   0.00000   1.00000   1.00000   1.00000
3442.00000   8.02429   2.00000   0.00000   1.00000   1.00000   0.00000   1.00000   2.00000   1.00000
3700.00000   8.24178   2.00000   0.00000   1.00000   1.00000   0.00000   1.00000   2.00000   1.00000
4895.00000   2.75996   2.00000   0.00000   1.00000   1.00000   0.00000   1.00000   2.00000   1.00000
7231.00000   4.62533   2.00000   0.00000   1.00000   1.00000   0.00000   1.00000   2.00000   1.00000
7770.00000   4.13092   2.00000   0.00000   1.00000   1.00000   0.00000   1.00000   2.00000   1.00000
7814.00000   3.84231   1.00000   0.00000   1.00000   1.00000   0.00000   1.00000   1.00000   1.00000
8183.00000   3.39211   1.00000   0.00000   1.00000   1.00000   0.00000   1.00000   1.00000   1.00000
8271.00000   2.63796   1.00000   0.00000   1.00000   1.00000   0.00000   1.00000   1.00000   1.00000
8374.00000   9.03056   2.00000   0.00000   1.00000   1.00000   0.00000   1.00000   2.00000   1.00000
8803.00000   6.75665   2.00000   0.00000   1.00000   1.00000   0.00000   1.00000   3.00000   1.00000
8939.00000   2.39191   1.00000   0.00000   1.00000   1.00000   0.00000   1.00000   1.00000   1.00000
8940.00000   5.37036   1.50000   0.00000   1.00000   2.00000   0.00000   1.00000   1.50000   2.00000
9149.00000   7.10249   2.00000   0.00000   1.00000   2.00000   0.00000   1.00000   2.00000   2.00000
9236.00000   4.45381   1.00000   0.00000   1.00000   1.00000   0.00000   1.00000   1.00000   1.00000
9378.00000   2.83300   1.00000   0.00000   1.00000   1.00000   0.00000   1.00000   1.00000   1.00000
9427.00000   2.01456   0.00000   0.00000   1.00000   2.00000   0.00000   1.00000   0.00000   2.00000
9441.00000   4.60461   2.00000   0.00000   1.00000   1.00000   0.00000   1.00000   2.00000   1.00000
9479.00000   4.02209   2.00000   0.00000   1.00000   1.00000   0.00000   1.00000   2.00000   1.00000
9804.00000   4.71476   2.00000   0.00000   1.00000   1.00000   0.00000   1.00000   2.00000   1.00000
9812.00000   2.95119   1.00000   0.00000   1.00000   1.00000   0.00000   1.00000   1.00000   1.00000
9900.00000   5.70818   2.50000   0.00000   1.00000   2.00000   0.00000   1.00000   2.50000   2.00000
1386.00000   4.52972   2.00000   0.00000   1.00000   1.00000   0.00000   1.00000   2.00000   1.00000
8293.00000   4.32715   2.00000   0.00000   1.00000   1.00000   0.00000   1.00000   2.00000   1.00000
8628.00000   4.35162   2.00000   0.00000   1.00000   1.00000   0.00000   1.00000   2.00000   1.00000
8767.00000   3.33002   1.00000   0.00000   1.00000   1.00000   0.00000   1.00000   1.00000   1.00000
9076.00000   2.69811   1.50000   0.00000   1.00000   2.00000   0.00000   1.00000   1.50000   2.00000
9151.00000   3.57417   1.00000   0.00000   1.00000   1.00000   0.00000   1.00000   1.00000   1.00000
9379.00000   2.43345   3.00000   0.00000   1.00000   1.00000   0.00000   1.00000   3.00000   1.00000
9472.00000   3.32046   1.00000   0.00000   1.00000   1.00000   0.00000   1.00000   1.00000   1.00000
9575.00000   4.56128   2.00000   0.00000   1.00000   1.00000   0.00000   1.00000   2.00000   1.00000
9592.00000   3.15258   1.00000   0.00000   1.00000   1.00000   0.00000   1.00000   1.00000   1.00000
9645.00000   3.34408   1.00000   0.00000   1.00000   1.00000   0.00000   1.00000   1.00000   1.00000
9705.00000   2.79334   3.00000   0.00000   1.00000   1.00000   0.00000   1.00000   3.00000   1.00000
9873.00000   2.69025   1.00000   0.00000   1.00000   1.00000   0.00000   1.00000   1.00000   1.00000
9930.00000   3.89716   1.00000   0.00000   1.00000   1.00000   0.00000   1.00000   1.00000   1.00000
5929.00000   8.58213   3.00000   0.00000   1.00000   1.00000   0.00000   1.00000   3.00000   1.00000
7459.00000   9.15803   2.00000   0.00000   1.00000   1.00000   0.00000   1.00000   2.00000   1.00000
7804.00000   9.16303   2.00000   0.00000   1.00000   1.00000   0.00000   1.00000   2.00000   1.00000
8106.00000   8.98182   2.00000   0.00000   1.00000   1.00000   0.00000   1.00000   2.00000   1.00000
8238.00000   9.25740   2.00000   0.00000   1.00000   1.00000   0.00000   1.00000   2.00000   1.00000
8578.00000   2.38825   3.00000   0.00000   1.00000   1.00000   0.00000   1.00000   3.00000   1.00000
8956.00000   3.76303   1.00000   0.00000   1.00000   1.00000   0.00000   1.00000   1.00000   1.00000
9224.00000   2.69025   2.00000   0.00000   1.00000   1.00000   0.00000   1.00000   2.00000   1.00000
9242.00000   2.21767   2.00000   0.00000   1.00000   1.00000   0.00000   1.00000   2.00000   1.00000
9505.00000   4.22408   1.00000   0.00000   1.00000   1.00000   0.00000   1.00000   1.00000   1.00000
9685.00000   4.62263   1.00000   0.00000   1.00000   1.00000   0.00000   1.00000   1.00000   1.00000
9742.00000   2.43690   1.00000   0.00000   1.00000   1.00000   0.00000   1.00000   1.00000   1.00000
9952.00000   2.61390   0.50000   0.00000   1.00000   2.00000   0.00000   1.00000   0.50000   2.00000
3329.00000   5.17806   2.00000   0.00000   1.00000   1.00000   0.00000   1.00000   2.00000   1.00000
7071.00000   4.49511   1.00000   0.00000   1.00000   1.00000   0.00000   1.00000   1.00000   1.00000
8663.00000   4.43463   2.00000   0.00000   1.00000   1.00000   0.00000   1.00000   3.00000   1.00000
8845.00000   4.17239   2.00000   0.00000   1.00000   1.00000   0.00000   1.00000   2.00000   1.00000
8970.00000   4.52543   2.00000   0.00000   1.00000   1.00000   0.00000   1.00000   2.00000   1.00000
9124.00000   2.60263   1.00000   0.00000   1.00000   1.00000   0.00000   1.00000   1.00000   1.00000
9135.00000   2.33298   3.00000   0.00000   1.00000   1.00000   0.00000   1.00000   4.00000   1.00000
9548.00000   3.66102   3.00000   0.00000   1.00000   1.00000   0.00000   1.00000   3.00000   1.00000
9579.00000   4.92322   2.00000   0.00000   1.00000   1.00000   0.00000   1.00000   2.00000   1.00000
9738.00000   2.90085   1.00000   0.00000   1.00000   1.00000   0.00000   1.00000   1.00000   1.00000
9887.00000   4.61421   1.00000   0.00000   1.00000   1.00000   0.00000   1.00000   1.00000   1.00000
