3453.00000   6.35090   2.00000   1.00000   0.00000   1.00000   0.00000   0.00000   0.00000   0.00000
6436.00000   4.66512   1.00000   1.00000   1.00000   2.00000   0.00000   1.00000   1.00000   1.00000
6472.00000   4.46197   2.00000   1.00000   0.00000   1.00000   0.00000   0.00000   0.00000   0.00000
6721.00000   4.81763   1.00000   1.00000   1.00000   2.00000   1.00000   1.00000   1.00000   2.00000
6839.00000   3.26713   1.00000   1.00000   0.00000   1.00000   0.00000   0.00000   0.00000   0.00000
7572.00000   4.43691   3.00000   1.00000   0.00000   1.00000   0.00000   0.00000   0.00000   0.00000
8008.00000   4.07976   1.50000   1.00000   1.00000   2.00000   0.00000   1.00000   1.00000   1.00000
8057.00000   5.14140   2.00000   1.00000   1.00000   2.00000   0.00000   1.00000   1.00000   1.00000
8204.00000   2.70636   1.50000   1.00000   1.00000   2.00000   0.00000   1.00000   1.00000   1.00000
8333.00000   6.32028   2.00000   1.00000   0.00000   1.00000   0.00000   0.00000   0.00000   0.00000
8449.00000   2.84572   1.50000   1.00000   1.00000   2.00000   0.00000   1.00000   1.00000   1.00000
8458.00000   2.94987   1.50000   1.00000   1.00000   2.00000   1.00000   1.00000   0.50000   2.00000
8624.00000   2.74634   1.50000   1.00000   1.00000   2.00000   0.00000   1.00000   2.00000   1.00000
8637.00000   2.48683   1.00000   1.00000   0.00000   1.00000   0.00000   0.00000   0.00000   0.00000
8772.00000   5.71735   1.50000   1.00000   1.00000   2.00000   1.00000   1.00000   0.50000   2.00000
8885.00000   2.77653   1.00000   1.00000   0.00000   1.00000   0.00000   0.00000   0.00000   0.00000
8906.00000   5.93054   2.00000   1.00000   0.00000   1.00000   0.00000   0.00000   0.00000   0.00000
9109.00000   2.58952   2.00000   1.00000   1.00000   2.00000   0.00000   1.00000   3.00000   1.00000
9598.00000   3.49888   1.00000   1.00000   1.00000   2.00000   1.00000   1.00000   0.40000   5.00000
9599.00000   2.75436   1.50000   1.00000   1.00000   2.00000   1.00000   1.00000   1.50000   2.00000
9647.00000   6.63986   2.00000   1.00000   0.00000   1.00000   0.00000   0.00000   0.00000   0.00000
9675.00000   3.25012   1.00000   1.00000   0.00000   1.00000   0.00000   0.00000   0.00000   0.00000
9837.00000   3.20265   2.33333   1.00000   1.00000   3.00000   0.00000   1.00000   3.00000   2.00000
9897.00000   2.80900   1.00000   1.00000   0.00000   1.00000   0.00000   0.00000   0.00000   0.00000
9978.00000   2.72922   1.00000   1.00000   0.00000   1.00000   0.00000   0.00000   0.00000   0.00000
1230.00000   5.20287   2.00000   0.00000   1.00000   1.00000   0.00000   1.00000   2.00000   1.00000
4485.00000   5.17505   2.00000   0.00000   1.00000   1.00000   0.00000   1.00000   2.00000   1.00000
5989.00000   2.56338   1.00000   0.00000   1.00000   1.00000   0.00000   1.00000   1.00000   1.00000
6659.00000   2.54062   1.00000   0.00000   1.00000   1.00000   0.00000   1.00000   1.00000   1.00000
7059.00000   1.85600   1.00000   0.00000   1.00000   1.00000   0.00000   1.00000   1.00000   1.00000
8195.00000   2.59915   2.00000   0.00000   1.00000   1.00000   0.00000   1.00000   2.00000   1.00000
8390.00000   2.40160   1.00000   0.00000   1.00000   2.00000   0.00000   1.00000   1.00000   2.00000
8608.00000   3.89562   2.00000   0.00000   1.00000   1.00000   0.00000   1.00000   2.00000   1.00000
8797.00000   2.43648   1.00000   0.00000   1.00000   1.00000   0.00000   1.00000   1.00000   1.00000
8897.00000   4.17967   2.00000   0.00000   1.00000   1.00000   0.00000   1.00000   2.00000   1.00000
9385.00000   2.86542   1.00000   0.00000   1.00000   2.00000   0.00000   1.00000   1.00000   2.00000
9939.00000   2.17978   1.00000   0.00000   1.00000   2.00000   0.00000   1.00000   1.00000   2.00000
5004.00000   3.85561   2.00000   0.00000   1.00000   1.00000   0.00000   1.00000   2.00000   1.00000
5706.00000   3.95028   1.00000   0.00000   1.00000   1.00000   1.00000   1.00000   0.40000   5.00000
5789.00000   2.79385   3.00000   0.00000   1.00000   1.00000   0.00000   1.00000   3.00000   1.00000
6300.00000   5.52651   1.00000   0.00000   1.00000   2.00000   0.00000   1.00000   1.00000   2.00000
6836.00000   6.00844   2.00000   0.00000   1.00000   1.00000   0.00000   1.00000   2.00000   1.00000
7121.00000   3.23722   4.00000   0.00000   1.00000   1.00000   0.00000   1.00000   4.00000   1.00000
8434.00000   4.37707   2.50000   0.00000   1.00000   2.00000   0.00000   1.00000   2.50000   2.00000
8488.00000   5.00996   1.00000   0.00000   1.00000   1.00000   0.00000   1.00000   1.00000   1.00000
9163.00000   4.41464   2.00000   0.00000   1.00000   1.00000   0.00000   1.00000   2.00000   1.00000
9316.00000   2.98040   3.00000   0.00000   1.00000   1.00000   0.00000   1.00000   3.00000   1.00000
9439.00000   5.51264   2.00000   0.00000   1.00000   1.00000   0.00000   1.00000   2.00000   1.00000
9644.00000   4.10873   2.00000   0.00000   1.00000   2.00000   0.00000   1.00000   2.00000   2.00000
9889.00000   4.84894   2.00000   0.00000   1.00000   1.00000   0.00000   1.00000   2.00000   1.00000
5591.00000   2.55880   2.00000   0.00000   1.00000   1.00000   0.00000   1.00000   2.00000   1.00000
6262.00000   6.78277   1.00000   0.00000   1.00000   1.00000   0.00000   1.00000   1.00000   1.00000
6344.00000   3.17618   3.00000   0.00000   1.00000   1.00000   0.00000   1.00000   3.00000   1.00000
6361.00000   8.21454   2.00000   0.00000   1.00000   1.00000   0.00000   1.00000   2.00000   1.00000
7100.00000   3.48070   1.00000   0.00000   1.00000   1.00000   0.00000   1.00000   1.00000   1.00000
8487.00000   3.98906   1.00000   0.00000   1.00000   1.00000   0.00000   1.00000   1.00000   1.00000
8661.00000   5.31777   2.00000   0.00000   1.00000   1.00000   0.00000   1.00000   2.00000   1.00000
8830.00000   5.82198   2.00000   0.00000   1.00000   1.00000   0.00000   1.00000   2.00000   1.00000
8913.00000   2.73756   1.00000   0.00000   1.00000   1.00000   0.00000   1.00000   1.00000   1.00000
8922.00000   3.89846   1.00000   0.00000   1.00000   1.00000   0.00000   1.00000   1.00000   1.00000
9186.00000   8.45276   1.00000   0.00000   1.00000   1.00000   0.00000   1.00000   1.00000   1.00000
9421.00000   3.23779   1.00000   0.00000   1.00000   1.00000   0.00000   1.00000   1.00000   1.00000
9589.00000   9.58156   2.00000   0.00000   1.00000   1.00000   0.00000   1.00000   2.00000   1.00000
9601.00000   2.53778   1.00000   0.00000   1.00000   1.00000   0.00000   1.00000   1.00000   1.00000
9851.00000   3.06467   1.00000   0.00000   1.00000   1.00000   0.00000   1.00000   1.00000   1.00000
9882.00000   4.01022   1.00000   0.00000   1.00000   1.00000   0.00000   1.00000   1.00000   1.00000
9944.00000   5.16217   2.00000   0.00000   1.00000   1.00000   0.00000   1.00000   2.00000   1.00000
5216.00000   2.28992   3.00000   0.00000   1.00000   1.00000   0.00000   1.00000   3.00000   1.00000
8071.00000   2.69320   2.00000   0.00000   1.00000   1.00000   0.00000   1.00000   2.00000   1.00000
8197.00000   2.90630   2.00000   0.00000   1.00000   1.00000   0.00000   1.00000   2.00000   1.00000
8486.00000   3.44836   1.00000   0.00000   1.00000   1.00000   0.00000   1.00000   1.00000   1.00000
8607.00000   2.47253   1.00000   0.00000   1.00000   1.00000   0.00000   1.00000   1.00000   1.00000
8901.00000   3.40716   2.00000   0.00000   1.00000   1.00000   0.00000   1.00000   2.00000   1.00000
9500.00000   3.80829   2.00000   0.00000   1.00000   1.00000   0.00000   1.00000   2.00000   1.00000
9710.00000   2.83271   1.00000   0.00000   1.00000   1.00000   0.00000   1.00000   1.00000   1.00000
9733.00000   4.38972   2.00000   0.00000   1.00000   1.00000   0.00000   1.00000   2.00000   1.00000
9824.00000   3.17608   1.00000   0.00000   1.00000   1.00000   0.00000   1.00000   1.00000   1.00000
