8680.00000   7.63156   1.66667   1.00000   1.00000   3.00000   0.00000   1.00000   2.00000   1.00000
9032.00000   5.76439   1.66667   1.00000   1.00000   3.00000   0.00000   1.00000   2.00000   2.00000
9164.00000   3.69836   0.50000   1.00000   1.00000   2.00000   0.00000   1.00000   1.00000   1.00000
9413.00000   6.82686   1.50000   1.00000   1.00000   2.00000   0.00000   1.00000   2.00000   1.00000
9750.00000   4.36644   1.00000   1.00000   1.00000   2.00000   0.00000   1.00000   1.00000   1.00000
9791.00000   6.69735   1.66667   1.00000   1.00000   3.00000   0.00000   1.00000   2.00000   1.00000
9860.00000   3.66106   1.00000   1.00000   1.00000   2.00000   0.00000   1.00000   1.00000   1.00000
9970.00000   7.51345   1.33333   1.00000   1.00000   3.00000   0.00000   1.00000   4.00000   1.00000
7322.00000   3.26922   1.00000   0.00000   1.00000   1.00000   0.00000   1.00000   1.00000   1.00000
8047.00000   5.16708   2.00000   0.00000   1.00000   1.00000   0.00000   1.00000   2.00000   1.00000
8438.00000   2.68394   0.00000   0.00000   1.00000   1.00000   0.00000   1.00000   0.00000   1.00000
8647.00000   5.25262   2.00000   0.00000   1.00000   1.00000   0.00000   1.00000   2.00000   1.00000
8678.00000   3.36642   3.00000   0.00000   1.00000   1.00000   0.00000   1.00000   3.00000   1.00000
8739.00000   3.42118   1.00000   0.00000   1.00000   1.00000   0.00000   1.00000   1.00000   1.00000
8935.00000   3.88796   1.00000   0.00000   1.00000   1.00000   0.00000   1.00000   1.00000   1.00000
8946.00000   6.10335   2.00000   0.00000   1.00000   1.00000   0.00000   1.00000   2.00000   1.00000
9021.00000   3.70171   1.00000   0.00000   1.00000   1.00000   0.00000   1.00000   1.00000   1.00000
9105.00000   4.66516   1.50000   0.00000   1.00000   2.00000   0.00000   1.00000   1.50000   2.00000
9480.00000   4.44443   4.00000   0.00000   1.00000   1.00000   0.00000   1.00000   4.00000   1.00000
9504.00000   4.27294   2.00000   0.00000   1.00000   1.00000   0.00000   1.00000   2.00000   1.00000
9603.00000   3.12364   3.00000   0.00000   1.00000   1.00000   0.00000   1.00000   3.00000   1.00000
9890.00000   5.57418   2.00000   0.00000   1.00000   2.00000   0.00000   1.00000   2.00000   2.00000
9936.00000   2.85954   1.00000   0.00000   1.00000   1.00000   0.00000   1.00000   1.00000   1.00000
2543.00000   3.55411   2.00000   0.00000   1.00000   1.00000   0.00000   1.00000   2.00000   1.00000
5094.00000   2.70113   3.00000   0.00000   1.00000   1.00000   0.00000   1.00000   2.00000   1.00000
5269.00000   2.93251   1.00000   0.00000   1.00000   1.00000   0.00000   1.00000   1.00000   1.00000
8231.00000   3.85251   2.00000   0.00000   1.00000   1.00000   0.00000   1.00000   2.00000   1.00000
8390.00000   4.04773   3.00000   0.00000   1.00000   1.00000   0.00000   1.00000   3.00000   1.00000
8403.00000   4.47085   2.00000   0.00000   1.00000   1.00000   0.00000   1.00000   2.00000   1.00000
8909.00000   6.90954   3.00000   0.00000   1.00000   1.00000   0.00000   1.00000   2.00000   1.00000
9305.00000   4.23862   1.00000   0.00000   1.00000   1.00000   0.00000   1.00000   1.00000   1.00000
9494.00000   3.61000   1.00000   0.00000   1.00000   1.00000   0.00000   1.00000   1.00000   1.00000
9522.00000   3.74120   1.00000   0.00000   1.00000   1.00000   0.00000   1.00000   1.00000   1.00000
9568.00000   3.99777   1.00000   0.00000   1.00000   1.00000   0.00000   1.00000   1.00000   1.00000
9594.00000   3.30650   1.00000   0.00000   1.00000   1.00000   0.00000   1.00000   1.00000   1.00000
9706.00000   5.11470   2.00000   0.00000   1.00000   1.00000   0.00000   1.00000   2.00000   1.00000
9718.00000   3.50036   1.00000   0.00000   1.00000   1.00000   0.00000   1.00000   1.00000   1.00000
9737.00000   5.21799   1.00000   0.00000   1.00000   1.00000   0.00000   1.00000   1.00000   1.00000
9758.00000   8.92600   3.00000   0.00000   1.00000   1.00000   0.00000   1.00000   2.00000   1.00000
9795.00000   4.88630   1.00000   0.00000   1.00000   1.00000   0.00000   1.00000   1.00000   1.00000
9887.00000   2.91614   1.00000   0.00000   1.00000   1.00000   0.00000   1.00000   1.00000   1.00000
